FY,Month (abbv),Component,Region,Land Filter,Area of Responsibility,Drug Type,Count of Event,Sum Qty (lbs)
2026 (FYTD),DEC,Office of Field Operations,Coastal/Interior,Other,ATLANTA FIELD OFFICE,Methamphetamine,2,147.04832875399998
2026 (FYTD),DEC,Office of Field Operations,Coastal/Interior,Other,ATLANTA FIELD OFFICE,Other Drugs**,1,0.156087281496
2026 (FYTD),DEC,Office of Field Operations,Coastal/Interior,Other,BALTIMORE FIELD OFFICE,Cocaine,2,477.96990019517
2026 (FYTD),DEC,Office of Field Operations,Coastal/Interior,Other,BALTIMORE FIELD OFFICE,Ecstasy,1,0.067681914434
2026 (FYTD),DEC,Office of Field Operations,Coastal/Interior,Other,BALTIMORE FIELD OFFICE,Fentanyl,3,0.143080008038
2026 (FYTD),DEC,Office of Field Operations,Coastal/Interior,Other,BALTIMORE FIELD OFFICE,Ketamine,1,11.6624536598
2026 (FYTD),DEC,Office of Field Operations,Coastal/Interior,Other,BALTIMORE FIELD OFFICE,Khat (Catha Edulis),1,259.5281748264
2026 (FYTD),DEC,Office of Field Operations,Coastal/Interior,Other,BALTIMORE FIELD OFFICE,Marijuana,21,84.6122697518376
2026 (FYTD),DEC,Office of Field Operations,Coastal/Interior,Other,BALTIMORE FIELD OFFICE,Methamphetamine,2,10.692419707
2026 (FYTD),DEC,Office of Field Operations,Coastal/Interior,Other,BALTIMORE FIELD OFFICE,Other Drugs**,25,37.9973542887122
2026 (FYTD),DEC,Office of Field Operations,Coastal/Interior,Other,CHICAGO FIELD OFFICE,Cocaine,15,31.4866627673282
2026 (FYTD),DEC,Office of Field Operations,Coastal/Interior,Other,CHICAGO FIELD OFFICE,Ecstasy,13,1.5072123003892
2026 (FYTD),DEC,Office of Field Operations,Coastal/Interior,Other,CHICAGO FIELD OFFICE,Fentanyl,7,18.9156620796
2026 (FYTD),DEC,Office of Field Operations,Coastal/Interior,Other,CHICAGO FIELD OFFICE,Heroin,2,0.0344141590982
2026 (FYTD),DEC,Office of Field Operations,Coastal/Interior,Other,CHICAGO FIELD OFFICE,Ketamine,40,228.447735823033
2026 (FYTD),DEC,Office of Field Operations,Coastal/Interior,Other,CHICAGO FIELD OFFICE,Khat (Catha Edulis),13,542.0946560318
2026 (FYTD),DEC,Office of Field Operations,Coastal/Interior,Other,CHICAGO FIELD OFFICE,Lsd,7,0.527015037311
2026 (FYTD),DEC,Office of Field Operations,Coastal/Interior,Other,CHICAGO FIELD OFFICE,Marijuana,410,2582.3991021227084
2026 (FYTD),DEC,Office of Field Operations,Coastal/Interior,Other,CHICAGO FIELD OFFICE,Methamphetamine,30,373.6943808332904
2026 (FYTD),DEC,Office of Field Operations,Coastal/Interior,Other,CHICAGO FIELD OFFICE,Other Drugs**,278,716.4283202724204
2026 (FYTD),DEC,Office of Field Operations,Coastal/Interior,Other,HOUSTON FIELD OFFICE,Ecstasy,1,0.0069225150268
2026 (FYTD),DEC,Office of Field Operations,Coastal/Interior,Other,HOUSTON FIELD OFFICE,Ketamine,2,9.199118575343
2026 (FYTD),DEC,Office of Field Operations,Coastal/Interior,Other,HOUSTON FIELD OFFICE,Marijuana,18,9.6659694613542
2026 (FYTD),DEC,Office of Field Operations,Coastal/Interior,Other,HOUSTON FIELD OFFICE,Other Drugs**,29,6.7293239466094
2026 (FYTD),DEC,Office of Field Operations,Coastal/Interior,Other,LOS ANGELES FIELD OFFICE,Cocaine,7,68.771879857328
2026 (FYTD),DEC,Office of Field Operations,Coastal/Interior,Other,LOS ANGELES FIELD OFFICE,Ecstasy,21,0.659402625642
2026 (FYTD),DEC,Office of Field Operations,Coastal/Interior,Other,LOS ANGELES FIELD OFFICE,Fentanyl,1,0.13668660244
2026 (FYTD),DEC,Office of Field Operations,Coastal/Interior,Other,LOS ANGELES FIELD OFFICE,Heroin,1,0.01763698096
2026 (FYTD),DEC,Office of Field Operations,Coastal/Interior,Other,LOS ANGELES FIELD OFFICE,Ketamine,17,64.062585478746
2026 (FYTD),DEC,Office of Field Operations,Coastal/Interior,Other,LOS ANGELES FIELD OFFICE,Lsd,11,0.2107619224719999
2026 (FYTD),DEC,Office of Field Operations,Coastal/Interior,Other,LOS ANGELES FIELD OFFICE,Marijuana,42,1661.7172580921474
2026 (FYTD),DEC,Office of Field Operations,Coastal/Interior,Other,LOS ANGELES FIELD OFFICE,Methamphetamine,9,58.6453647306558
2026 (FYTD),DEC,Office of Field Operations,Coastal/Interior,Other,LOS ANGELES FIELD OFFICE,Other Drugs**,94,154.4071606435242
2026 (FYTD),DEC,Office of Field Operations,Coastal/Interior,Other,MIAMI FIELD OFFICE,Cocaine,19,58.6187769818586
2026 (FYTD),DEC,Office of Field Operations,Coastal/Interior,Other,MIAMI FIELD OFFICE,Ecstasy,7,18.580779903622
2026 (FYTD),DEC,Office of Field Operations,Coastal/Interior,Other,MIAMI FIELD OFFICE,Lsd,2,0.7891005743766001
2026 (FYTD),DEC,Office of Field Operations,Coastal/Interior,Other,MIAMI FIELD OFFICE,Marijuana,123,597.453722100179
2026 (FYTD),DEC,Office of Field Operations,Coastal/Interior,Other,MIAMI FIELD OFFICE,Methamphetamine,3,4.827462151014
2026 (FYTD),DEC,Office of Field Operations,Coastal/Interior,Other,MIAMI FIELD OFFICE,Other Drugs**,155,2389.8273445185187
2026 (FYTD),DEC,Office of Field Operations,Coastal/Interior,Other,NEW ORLEANS FIELD OFFICE,Cocaine,10,83.48575168547
2026 (FYTD),DEC,Office of Field Operations,Coastal/Interior,Other,NEW ORLEANS FIELD OFFICE,Ecstasy,1,1.384943929884
2026 (FYTD),DEC,Office of Field Operations,Coastal/Interior,Other,NEW ORLEANS FIELD OFFICE,Heroin,2,21.935995069
2026 (FYTD),DEC,Office of Field Operations,Coastal/Interior,Other,NEW ORLEANS FIELD OFFICE,Ketamine,15,180.338130316
2026 (FYTD),DEC,Office of Field Operations,Coastal/Interior,Other,NEW ORLEANS FIELD OFFICE,Marijuana,476,4592.568208881218
2026 (FYTD),DEC,Office of Field Operations,Coastal/Interior,Other,NEW ORLEANS FIELD OFFICE,Methamphetamine,8,112.887921719362
2026 (FYTD),DEC,Office of Field Operations,Coastal/Interior,Other,NEW ORLEANS FIELD OFFICE,Other Drugs**,87,192.4320947612126
2026 (FYTD),DEC,Office of Field Operations,Coastal/Interior,Other,NEW YORK FIELD OFFICE,Cocaine,9,139.882864314476
2026 (FYTD),DEC,Office of Field Operations,Coastal/Interior,Other,NEW YORK FIELD OFFICE,Ecstasy,5,0.584665918824
2026 (FYTD),DEC,Office of Field Operations,Coastal/Interior,Other,NEW YORK FIELD OFFICE,Fentanyl,1,0.30644254418
2026 (FYTD),DEC,Office of Field Operations,Coastal/Interior,Other,NEW YORK FIELD OFFICE,Ketamine,23,274.9493777759428
2026 (FYTD),DEC,Office of Field Operations,Coastal/Interior,Other,NEW YORK FIELD OFFICE,Lsd,4,0.0121254244099999
2026 (FYTD),DEC,Office of Field Operations,Coastal/Interior,Other,NEW YORK FIELD OFFICE,Marijuana,16,469.629592361448
2026 (FYTD),DEC,Office of Field Operations,Coastal/Interior,Other,NEW YORK FIELD OFFICE,Methamphetamine,4,65.509920228776
2026 (FYTD),DEC,Office of Field Operations,Coastal/Interior,Other,NEW YORK FIELD OFFICE,Other Drugs**,545,1731.2734544927666
2026 (FYTD),DEC,Office of Field Operations,Coastal/Interior,Other,PRECLEARANCE FIELD OFFICE,Marijuana,10,1.266114770666
2026 (FYTD),DEC,Office of Field Operations,Coastal/Interior,Other,PRECLEARANCE FIELD OFFICE,Other Drugs**,5,0.3381229712294
2026 (FYTD),DEC,Office of Field Operations,Coastal/Interior,Other,SAN FRANCISCO FIELD OFFICE,Marijuana,29,172.97466871897382
2026 (FYTD),DEC,Office of Field Operations,Coastal/Interior,Other,SAN FRANCISCO FIELD OFFICE,Methamphetamine,9,113.261825715714
2026 (FYTD),DEC,Office of Field Operations,Coastal/Interior,Other,SAN FRANCISCO FIELD OFFICE,Other Drugs**,11,26.292483689703403
2026 (FYTD),DEC,Office of Field Operations,Coastal/Interior,Other,SAN JUAN FIELD OFFICE,Cocaine,7,1105.65572251454
2026 (FYTD),DEC,Office of Field Operations,Coastal/Interior,Other,SAN JUAN FIELD OFFICE,Ecstasy,1,0.01212542441
2026 (FYTD),DEC,Office of Field Operations,Coastal/Interior,Other,SAN JUAN FIELD OFFICE,Marijuana,70,127.5874194080216
2026 (FYTD),DEC,Office of Field Operations,Coastal/Interior,Other,SAN JUAN FIELD OFFICE,Other Drugs**,7,26.803140427174
2026 (FYTD),DEC,Office of Field Operations,Coastal/Interior,Other,TAMPA FIELD OFFICE,Cocaine,1,4.40924524e-05
2026 (FYTD),DEC,Office of Field Operations,Coastal/Interior,Other,TAMPA FIELD OFFICE,Ecstasy,1,0.000881849048
2026 (FYTD),DEC,Office of Field Operations,Coastal/Interior,Other,TAMPA FIELD OFFICE,Marijuana,15,2.1326857839094
2026 (FYTD),DEC,Office of Field Operations,Coastal/Interior,Other,TAMPA FIELD OFFICE,Methamphetamine,2,0.04960400895
2026 (FYTD),DEC,Office of Field Operations,Coastal/Interior,Other,TAMPA FIELD OFFICE,Other Drugs**,13,2.373496712692
2026 (FYTD),DEC,Office of Field Operations,Northern Border,Land Only,BOSTON FIELD OFFICE,Marijuana,13,0.7640781076395999
2026 (FYTD),DEC,Office of Field Operations,Northern Border,Land Only,BOSTON FIELD OFFICE,Other Drugs**,1,0.030423792156
2026 (FYTD),DEC,Office of Field Operations,Northern Border,Land Only,BUFFALO FIELD OFFICE,Cocaine,2,0.621262654316
2026 (FYTD),DEC,Office of Field Operations,Northern Border,Land Only,BUFFALO FIELD OFFICE,Ecstasy,2,0.196431875442
2026 (FYTD),DEC,Office of Field Operations,Northern Border,Land Only,BUFFALO FIELD OFFICE,Marijuana,67,10.0680264885636
2026 (FYTD),DEC,Office of Field Operations,Northern Border,Land Only,BUFFALO FIELD OFFICE,Other Drugs**,3,0.072973008722
2026 (FYTD),DEC,Office of Field Operations,Northern Border,Land Only,DETROIT FIELD OFFICE,Cocaine,2,0.004850169764
2026 (FYTD),DEC,Office of Field Operations,Northern Border,Land Only,DETROIT FIELD OFFICE,Ecstasy,1,0.180338130316
2026 (FYTD),DEC,Office of Field Operations,Northern Border,Land Only,DETROIT FIELD OFFICE,Fentanyl,1,0.000440924524
2026 (FYTD),DEC,Office of Field Operations,Northern Border,Land Only,DETROIT FIELD OFFICE,Heroin,1,0.0069004688006
2026 (FYTD),DEC,Office of Field Operations,Northern Border,Land Only,DETROIT FIELD OFFICE,Marijuana,139,12.7159766712194
2026 (FYTD),DEC,Office of Field Operations,Northern Border,Land Only,DETROIT FIELD OFFICE,Methamphetamine,3,0.0143080008038
2026 (FYTD),DEC,Office of Field Operations,Northern Border,Land Only,DETROIT FIELD OFFICE,Other Drugs**,122,15.183346215071
2026 (FYTD),DEC,Office of Field Operations,Northern Border,Land Only,SEATTLE FIELD OFFICE,Cocaine,2,0.007936641432
2026 (FYTD),DEC,Office of Field Operations,Northern Border,Land Only,SEATTLE FIELD OFFICE,Ecstasy,1,0.02866009406
2026 (FYTD),DEC,Office of Field Operations,Northern Border,Land Only,SEATTLE FIELD OFFICE,Fentanyl,1,0.1321450798428
2026 (FYTD),DEC,Office of Field Operations,Northern Border,Land Only,SEATTLE FIELD OFFICE,Marijuana,66,7.932474695248199
2026 (FYTD),DEC,Office of Field Operations,Northern Border,Land Only,SEATTLE FIELD OFFICE,Methamphetamine,3,0.011243575362
2026 (FYTD),DEC,Office of Field Operations,Northern Border,Land Only,SEATTLE FIELD OFFICE,Other Drugs**,5,0.2524513362162
2026 (FYTD),DEC,Office of Field Operations,Northern Border,Other,BOSTON FIELD OFFICE,Marijuana,6,241.166093486682
2026 (FYTD),DEC,Office of Field Operations,Northern Border,Other,BOSTON FIELD OFFICE,Other Drugs**,5,0.481269117946
2026 (FYTD),DEC,Office of Field Operations,Northern Border,Other,BUFFALO FIELD OFFICE,Marijuana,2,12.559955528402
2026 (FYTD),DEC,Office of Field Operations,Northern Border,Other,BUFFALO FIELD OFFICE,Other Drugs**,2,0.10361726314
2026 (FYTD),DEC,Office of Field Operations,Northern Border,Other,DETROIT FIELD OFFICE,Marijuana,4,20.018634776386
2026 (FYTD),DEC,Office of Field Operations,Northern Border,Other,DETROIT FIELD OFFICE,Methamphetamine,1,0.00330693393
2026 (FYTD),DEC,Office of Field Operations,Northern Border,Other,DETROIT FIELD OFFICE,Other Drugs**,1,0.0366849203968
2026 (FYTD),DEC,Office of Field Operations,Northern Border,Other,PORTLAND FIELD OFFICE,Marijuana,3,42.1303382682
2026 (FYTD),DEC,Office of Field Operations,Northern Border,Other,PORTLAND FIELD OFFICE,Other Drugs**,5,2.563094258012
2026 (FYTD),DEC,Office of Field Operations,Northern Border,Other,SEATTLE FIELD OFFICE,Cocaine,2,44.10898706965
2026 (FYTD),DEC,Office of Field Operations,Northern Border,Other,SEATTLE FIELD OFFICE,Marijuana,11,65.765105297041
2026 (FYTD),DEC,Office of Field Operations,Northern Border,Other,SEATTLE FIELD OFFICE,Other Drugs**,5,0.7021943506962001
2026 (FYTD),DEC,Office of Field Operations,Southwest Border,Land Only,EL PASO FIELD OFFICE,Cocaine,8,87.405350241568
2026 (FYTD),DEC,Office of Field Operations,Southwest Border,Land Only,EL PASO FIELD OFFICE,Fentanyl,1,37.7431392544
2026 (FYTD),DEC,Office of Field Operations,Southwest Border,Land Only,EL PASO FIELD OFFICE,Marijuana,29,0.3752488161502
2026 (FYTD),DEC,Office of Field Operations,Southwest Border,Land Only,EL PASO FIELD OFFICE,Methamphetamine,6,125.606830538666
2026 (FYTD),DEC,Office of Field Operations,Southwest Border,Land Only,EL PASO FIELD OFFICE,Other Drugs**,6,2.3121200189512
2026 (FYTD),DEC,Office of Field Operations,Southwest Border,Land Only,LAREDO FIELD OFFICE,Cocaine,7,535.216674381924
2026 (FYTD),DEC,Office of Field Operations,Southwest Border,Land Only,LAREDO FIELD OFFICE,Heroin,2,4.190546676096
2026 (FYTD),DEC,Office of Field Operations,Southwest Border,Land Only,LAREDO FIELD OFFICE,Marijuana,17,57.74898721959
2026 (FYTD),DEC,Office of Field Operations,Southwest Border,Land Only,LAREDO FIELD OFFICE,Methamphetamine,10,2788.805175314565
2026 (FYTD),DEC,Office of Field Operations,Southwest Border,Land Only,LAREDO FIELD OFFICE,Other Drugs**,21,10.5650366120164
2026 (FYTD),DEC,Office of Field Operations,Southwest Border,Land Only,SAN DIEGO FIELD OFFICE,Cocaine,19,876.723961795286
2026 (FYTD),DEC,Office of Field Operations,Southwest Border,Land Only,SAN DIEGO FIELD OFFICE,Fentanyl,22,175.2555712816258
2026 (FYTD),DEC,Office of Field Operations,Southwest Border,Land Only,SAN DIEGO FIELD OFFICE,Heroin,2,20.6352677232
2026 (FYTD),DEC,Office of Field Operations,Southwest Border,Land Only,SAN DIEGO FIELD OFFICE,Marijuana,23,33.0246736457188
2026 (FYTD),DEC,Office of Field Operations,Southwest Border,Land Only,SAN DIEGO FIELD OFFICE,Methamphetamine,30,7783.986968385602
2026 (FYTD),DEC,Office of Field Operations,Southwest Border,Land Only,SAN DIEGO FIELD OFFICE,Other Drugs**,19,18.2339266268174
2026 (FYTD),DEC,Office of Field Operations,Southwest Border,Land Only,TUCSON FIELD OFFICE,Cocaine,2,66.6529729647936
2026 (FYTD),DEC,Office of Field Operations,Southwest Border,Land Only,TUCSON FIELD OFFICE,Fentanyl,11,528.41717729732
2026 (FYTD),DEC,Office of Field Operations,Southwest Border,Land Only,TUCSON FIELD OFFICE,Heroin,1,7.2311621936
2026 (FYTD),DEC,Office of Field Operations,Southwest Border,Land Only,TUCSON FIELD OFFICE,Marijuana,6,18.9472102292922
2026 (FYTD),DEC,Office of Field Operations,Southwest Border,Land Only,TUCSON FIELD OFFICE,Methamphetamine,18,1115.1628709623494
2026 (FYTD),DEC,Office of Field Operations,Southwest Border,Land Only,TUCSON FIELD OFFICE,Other Drugs**,10,17.037984994146
2026 (FYTD),DEC,Office of Field Operations,Southwest Border,Other,EL PASO FIELD OFFICE,Fentanyl,1,0.6172943336
2026 (FYTD),DEC,Office of Field Operations,Southwest Border,Other,LAREDO FIELD OFFICE,Cocaine,1,0.240965252366
2026 (FYTD),DEC,Office of Field Operations,Southwest Border,Other,LAREDO FIELD OFFICE,Methamphetamine,1,0.002645547144
2026 (FYTD),DEC,Office of Field Operations,Southwest Border,Other,LAREDO FIELD OFFICE,Other Drugs**,1,0.1001560056266
2026 (FYTD),DEC,Office of Field Operations,Southwest Border,Other,SAN DIEGO FIELD OFFICE,Cocaine,2,31.312916458646
2026 (FYTD),DEC,Office of Field Operations,Southwest Border,Other,SAN DIEGO FIELD OFFICE,Other Drugs**,3,0.074185551163
2026 (FYTD),DEC,Office of Field Operations,Southwest Border,Other,TUCSON FIELD OFFICE,Marijuana,3,163.85015457309157
2026 (FYTD),DEC,Office of Field Operations,Southwest Border,Other,TUCSON FIELD OFFICE,Other Drugs**,3,1.373700354522
2026 (FYTD),DEC,U.S. Border Patrol,Coastal/Interior,Other,MIAMI SECTOR,Cocaine,3,22.932
2026 (FYTD),DEC,U.S. Border Patrol,Coastal/Interior,Other,MIAMI SECTOR,Methamphetamine,1,1.9404
2026 (FYTD),DEC,U.S. Border Patrol,Coastal/Interior,Other,NEW ORLEANS SECTOR,Marijuana,1,0.011
2026 (FYTD),DEC,U.S. Border Patrol,Coastal/Interior,Other,NEW ORLEANS SECTOR,Methamphetamine,1,0.0154
2026 (FYTD),DEC,U.S. Border Patrol,Northern Border,Land Only,BUFFALO SECTOR,Marijuana,3,82.5089
2026 (FYTD),DEC,U.S. Border Patrol,Northern Border,Land Only,DETROIT SECTOR,Marijuana,3,10.811
2026 (FYTD),DEC,U.S. Border Patrol,Northern Border,Land Only,GRAND FORKS SECTOR,Methamphetamine,1,0.2601
2026 (FYTD),DEC,U.S. Border Patrol,Northern Border,Land Only,HOULTON SECTOR,Marijuana,2,0.0127999999999999
2026 (FYTD),DEC,U.S. Border Patrol,Northern Border,Land Only,SWANTON SECTOR,Marijuana,1,6.4938
2026 (FYTD),DEC,U.S. Border Patrol,Southwest Border,Land Only,BIG BEND SECTOR,Cocaine,3,0.0371
2026 (FYTD),DEC,U.S. Border Patrol,Southwest Border,Land Only,BIG BEND SECTOR,Marijuana,66,2082.6997
2026 (FYTD),DEC,U.S. Border Patrol,Southwest Border,Land Only,BIG BEND SECTOR,Methamphetamine,4,35.6601
2026 (FYTD),DEC,U.S. Border Patrol,Southwest Border,Land Only,BIG BEND SECTOR,Other Drugs**,1,0.0877
2026 (FYTD),DEC,U.S. Border Patrol,Southwest Border,Land Only,DEL RIO SECTOR,Cocaine,1,0.0772
2026 (FYTD),DEC,U.S. Border Patrol,Southwest Border,Land Only,DEL RIO SECTOR,Marijuana,7,0.1982
2026 (FYTD),DEC,U.S. Border Patrol,Southwest Border,Land Only,DEL RIO SECTOR,Methamphetamine,1,0.0022
2026 (FYTD),DEC,U.S. Border Patrol,Southwest Border,Land Only,DEL RIO SECTOR,Other Drugs**,1,0.0151
2026 (FYTD),DEC,U.S. Border Patrol,Southwest Border,Land Only,EL CENTRO SECTOR,Fentanyl,2,0.0019
2026 (FYTD),DEC,U.S. Border Patrol,Southwest Border,Land Only,EL CENTRO SECTOR,Marijuana,3,251.3723
2026 (FYTD),DEC,U.S. Border Patrol,Southwest Border,Land Only,EL CENTRO SECTOR,Methamphetamine,5,9.4852
2026 (FYTD),DEC,U.S. Border Patrol,Southwest Border,Land Only,EL CENTRO SECTOR,Other Drugs**,1,0.0039
2026 (FYTD),DEC,U.S. Border Patrol,Southwest Border,Land Only,EL PASO SECTOR,Cocaine,2,0.0122
2026 (FYTD),DEC,U.S. Border Patrol,Southwest Border,Land Only,EL PASO SECTOR,Marijuana,7,94.9222
2026 (FYTD),DEC,U.S. Border Patrol,Southwest Border,Land Only,EL PASO SECTOR,Other Drugs**,1,0.0798
2026 (FYTD),DEC,U.S. Border Patrol,Southwest Border,Land Only,LAREDO SECTOR,Marijuana,10,0.1966999999999999
2026 (FYTD),DEC,U.S. Border Patrol,Southwest Border,Land Only,RIO GRANDE VALLEY SECTOR,Cocaine,2,19.8626
2026 (FYTD),DEC,U.S. Border Patrol,Southwest Border,Land Only,RIO GRANDE VALLEY SECTOR,Fentanyl,1,0.0022
2026 (FYTD),DEC,U.S. Border Patrol,Southwest Border,Land Only,RIO GRANDE VALLEY SECTOR,Marijuana,24,905.0483
2026 (FYTD),DEC,U.S. Border Patrol,Southwest Border,Land Only,RIO GRANDE VALLEY SECTOR,Other Drugs**,1,0.0463
2026 (FYTD),DEC,U.S. Border Patrol,Southwest Border,Land Only,SAN DIEGO SECTOR,Cocaine,3,150.83079999999998
2026 (FYTD),DEC,U.S. Border Patrol,Southwest Border,Land Only,SAN DIEGO SECTOR,Fentanyl,5,83.0033
2026 (FYTD),DEC,U.S. Border Patrol,Southwest Border,Land Only,SAN DIEGO SECTOR,Heroin,2,102.8439
2026 (FYTD),DEC,U.S. Border Patrol,Southwest Border,Land Only,SAN DIEGO SECTOR,Marijuana,4,41.6476
2026 (FYTD),DEC,U.S. Border Patrol,Southwest Border,Land Only,SAN DIEGO SECTOR,Methamphetamine,7,82.3589
2026 (FYTD),DEC,U.S. Border Patrol,Southwest Border,Land Only,SAN DIEGO SECTOR,Other Drugs**,2,0.0002
2026 (FYTD),DEC,U.S. Border Patrol,Southwest Border,Land Only,TUCSON SECTOR,Cocaine,2,37.4409
2026 (FYTD),DEC,U.S. Border Patrol,Southwest Border,Land Only,TUCSON SECTOR,Fentanyl,1,2.4692
2026 (FYTD),DEC,U.S. Border Patrol,Southwest Border,Land Only,TUCSON SECTOR,Heroin,1,0.0128
2026 (FYTD),DEC,U.S. Border Patrol,Southwest Border,Land Only,TUCSON SECTOR,Marijuana,12,3.6935
2026 (FYTD),DEC,U.S. Border Patrol,Southwest Border,Land Only,TUCSON SECTOR,Methamphetamine,2,27.7896
2026 (FYTD),DEC,U.S. Border Patrol,Southwest Border,Land Only,TUCSON SECTOR,Other Drugs**,1,0.0234
2026 (FYTD),DEC,U.S. Border Patrol,Southwest Border,Land Only,YUMA SECTOR,Fentanyl,1,22.4428
2026 (FYTD),DEC,U.S. Border Patrol,Southwest Border,Land Only,YUMA SECTOR,Heroin,1,7.3192
2026 (FYTD),DEC,U.S. Border Patrol,Southwest Border,Land Only,YUMA SECTOR,Marijuana,6,0.2316
2026 (FYTD),DEC,U.S. Border Patrol,Southwest Border,Land Only,YUMA SECTOR,Methamphetamine,2,70.807
2026 (FYTD),NOV,Office of Field Operations,Coastal/Interior,Other,ATLANTA FIELD OFFICE,Cocaine,1,13.3820593034
2026 (FYTD),NOV,Office of Field Operations,Coastal/Interior,Other,ATLANTA FIELD OFFICE,Marijuana,9,25.059724859278
2026 (FYTD),NOV,Office of Field Operations,Coastal/Interior,Other,ATLANTA FIELD OFFICE,Methamphetamine,1,0.1707039294666
2026 (FYTD),NOV,Office of Field Operations,Coastal/Interior,Other,ATLANTA FIELD OFFICE,Other Drugs**,3,1.491206740168
2026 (FYTD),NOV,Office of Field Operations,Coastal/Interior,Other,BALTIMORE FIELD OFFICE,Cocaine,3,154.85291329106198
2026 (FYTD),NOV,Office of Field Operations,Coastal/Interior,Other,BALTIMORE FIELD OFFICE,Fentanyl,1,0.0881849048
2026 (FYTD),NOV,Office of Field Operations,Coastal/Interior,Other,BALTIMORE FIELD OFFICE,Ketamine,1,5.5997414548
2026 (FYTD),NOV,Office of Field Operations,Coastal/Interior,Other,BALTIMORE FIELD OFFICE,Marijuana,29,88.2932399555468
2026 (FYTD),NOV,Office of Field Operations,Coastal/Interior,Other,BALTIMORE FIELD OFFICE,Other Drugs**,13,35.498392502716
2026 (FYTD),NOV,Office of Field Operations,Coastal/Interior,Other,CHICAGO FIELD OFFICE,Cocaine,25,777.1053770247635
2026 (FYTD),NOV,Office of Field Operations,Coastal/Interior,Other,CHICAGO FIELD OFFICE,Ecstasy,8,9.3969393630356
2026 (FYTD),NOV,Office of Field Operations,Coastal/Interior,Other,CHICAGO FIELD OFFICE,Fentanyl,1,2.425084882
2026 (FYTD),NOV,Office of Field Operations,Coastal/Interior,Other,CHICAGO FIELD OFFICE,Heroin,2,1.5368203821758002
2026 (FYTD),NOV,Office of Field Operations,Coastal/Interior,Other,CHICAGO FIELD OFFICE,Ketamine,40,404.874314455498
2026 (FYTD),NOV,Office of Field Operations,Coastal/Interior,Other,CHICAGO FIELD OFFICE,Khat (Catha Edulis),4,207.081084545648
2026 (FYTD),NOV,Office of Field Operations,Coastal/Interior,Other,CHICAGO FIELD OFFICE,Lsd,2,0.0773822539619999
2026 (FYTD),NOV,Office of Field Operations,Coastal/Interior,Other,CHICAGO FIELD OFFICE,Marijuana,443,2746.9239373561986
2026 (FYTD),NOV,Office of Field Operations,Coastal/Interior,Other,CHICAGO FIELD OFFICE,Methamphetamine,30,574.26450930284
2026 (FYTD),NOV,Office of Field Operations,Coastal/Interior,Other,CHICAGO FIELD OFFICE,Other Drugs**,303,1078.4749522787863
2026 (FYTD),NOV,Office of Field Operations,Coastal/Interior,Other,HOUSTON FIELD OFFICE,Ecstasy,2,0.0093475999088
2026 (FYTD),NOV,Office of Field Operations,Coastal/Interior,Other,HOUSTON FIELD OFFICE,Marijuana,16,17.7475648306192
2026 (FYTD),NOV,Office of Field Operations,Coastal/Interior,Other,HOUSTON FIELD OFFICE,Methamphetamine,3,0.0196872799966
2026 (FYTD),NOV,Office of Field Operations,Coastal/Interior,Other,HOUSTON FIELD OFFICE,Other Drugs**,17,32.3914839830286
2026 (FYTD),NOV,Office of Field Operations,Coastal/Interior,Other,LOS ANGELES FIELD OFFICE,Cocaine,3,0.832906425836
2026 (FYTD),NOV,Office of Field Operations,Coastal/Interior,Other,LOS ANGELES FIELD OFFICE,Ecstasy,8,0.820781001426
2026 (FYTD),NOV,Office of Field Operations,Coastal/Interior,Other,LOS ANGELES FIELD OFFICE,Fentanyl,2,2.2159323340406
2026 (FYTD),NOV,Office of Field Operations,Coastal/Interior,Other,LOS ANGELES FIELD OFFICE,Heroin,1,0.04299014109
2026 (FYTD),NOV,Office of Field Operations,Coastal/Interior,Other,LOS ANGELES FIELD OFFICE,Ketamine,16,66.077390091164
2026 (FYTD),NOV,Office of Field Operations,Coastal/Interior,Other,LOS ANGELES FIELD OFFICE,Lsd,3,0.2101005356859999
2026 (FYTD),NOV,Office of Field Operations,Coastal/Interior,Other,LOS ANGELES FIELD OFFICE,Marijuana,45,2228.99362075279
2026 (FYTD),NOV,Office of Field Operations,Coastal/Interior,Other,LOS ANGELES FIELD OFFICE,Methamphetamine,5,4.7389024603686
2026 (FYTD),NOV,Office of Field Operations,Coastal/Interior,Other,LOS ANGELES FIELD OFFICE,Other Drugs**,78,149.920180409943
2026 (FYTD),NOV,Office of Field Operations,Coastal/Interior,Other,MIAMI FIELD OFFICE,Cocaine,28,116.6330023488608
2026 (FYTD),NOV,Office of Field Operations,Coastal/Interior,Other,MIAMI FIELD OFFICE,Ecstasy,10,0.6248561891866
2026 (FYTD),NOV,Office of Field Operations,Coastal/Interior,Other,MIAMI FIELD OFFICE,Fentanyl,1,0.3086471668
2026 (FYTD),NOV,Office of Field Operations,Coastal/Interior,Other,MIAMI FIELD OFFICE,Ketamine,13,109.9518714527246
2026 (FYTD),NOV,Office of Field Operations,Coastal/Interior,Other,MIAMI FIELD OFFICE,Lsd,5,0.4609645436158
2026 (FYTD),NOV,Office of Field Operations,Coastal/Interior,Other,MIAMI FIELD OFFICE,Marijuana,178,717.8032993080619
2026 (FYTD),NOV,Office of Field Operations,Coastal/Interior,Other,MIAMI FIELD OFFICE,Methamphetamine,7,117.052564079673
2026 (FYTD),NOV,Office of Field Operations,Coastal/Interior,Other,MIAMI FIELD OFFICE,Other Drugs**,116,1075.8958965530053
2026 (FYTD),NOV,Office of Field Operations,Coastal/Interior,Other,NEW ORLEANS FIELD OFFICE,Cocaine,10,50.823826645646
2026 (FYTD),NOV,Office of Field Operations,Coastal/Interior,Other,NEW ORLEANS FIELD OFFICE,Ecstasy,2,1.311089072114
2026 (FYTD),NOV,Office of Field Operations,Coastal/Interior,Other,NEW ORLEANS FIELD OFFICE,Heroin,1,15.211896078
2026 (FYTD),NOV,Office of Field Operations,Coastal/Interior,Other,NEW ORLEANS FIELD OFFICE,Ketamine,13,131.59921528208798
2026 (FYTD),NOV,Office of Field Operations,Coastal/Interior,Other,NEW ORLEANS FIELD OFFICE,Marijuana,286,4355.091551349106
2026 (FYTD),NOV,Office of Field Operations,Coastal/Interior,Other,NEW ORLEANS FIELD OFFICE,Methamphetamine,6,144.691366710958
2026 (FYTD),NOV,Office of Field Operations,Coastal/Interior,Other,NEW ORLEANS FIELD OFFICE,Other Drugs**,62,96.4498586325704
2026 (FYTD),NOV,Office of Field Operations,Coastal/Interior,Other,NEW YORK FIELD OFFICE,Cocaine,6,0.046517537282
2026 (FYTD),NOV,Office of Field Operations,Coastal/Interior,Other,NEW YORK FIELD OFFICE,Ecstasy,15,1.2522697406124
2026 (FYTD),NOV,Office of Field Operations,Coastal/Interior,Other,NEW YORK FIELD OFFICE,Fentanyl,2,1.723573964316
2026 (FYTD),NOV,Office of Field Operations,Coastal/Interior,Other,NEW YORK FIELD OFFICE,Heroin,1,0.004629707502
2026 (FYTD),NOV,Office of Field Operations,Coastal/Interior,Other,NEW YORK FIELD OFFICE,Ketamine,29,104.445650089465
2026 (FYTD),NOV,Office of Field Operations,Coastal/Interior,Other,NEW YORK FIELD OFFICE,Lsd,7,0.22597381855
2026 (FYTD),NOV,Office of Field Operations,Coastal/Interior,Other,NEW YORK FIELD OFFICE,Marijuana,47,2168.893932618399
2026 (FYTD),NOV,Office of Field Operations,Coastal/Interior,Other,NEW YORK FIELD OFFICE,Methamphetamine,3,0.0163142073879999
2026 (FYTD),NOV,Office of Field Operations,Coastal/Interior,Other,NEW YORK FIELD OFFICE,Other Drugs**,515,1715.130810837055
2026 (FYTD),NOV,Office of Field Operations,Coastal/Interior,Other,PRECLEARANCE FIELD OFFICE,Cocaine,1,0.00440924524
2026 (FYTD),NOV,Office of Field Operations,Coastal/Interior,Other,PRECLEARANCE FIELD OFFICE,Marijuana,13,1.2271590889706
2026 (FYTD),NOV,Office of Field Operations,Coastal/Interior,Other,PRECLEARANCE FIELD OFFICE,Methamphetamine,1,0.02645547144
2026 (FYTD),NOV,Office of Field Operations,Coastal/Interior,Other,PRECLEARANCE FIELD OFFICE,Other Drugs**,2,0.34833037396
2026 (FYTD),NOV,Office of Field Operations,Coastal/Interior,Other,SAN FRANCISCO FIELD OFFICE,Cocaine,1,0.365526430396
2026 (FYTD),NOV,Office of Field Operations,Coastal/Interior,Other,SAN FRANCISCO FIELD OFFICE,Marijuana,34,394.7001794802338
2026 (FYTD),NOV,Office of Field Operations,Coastal/Interior,Other,SAN FRANCISCO FIELD OFFICE,Methamphetamine,6,154.4558607572
2026 (FYTD),NOV,Office of Field Operations,Coastal/Interior,Other,SAN FRANCISCO FIELD OFFICE,Other Drugs**,30,333.5816911406882
2026 (FYTD),NOV,Office of Field Operations,Coastal/Interior,Other,SAN JUAN FIELD OFFICE,Cocaine,9,1207.772299037106
2026 (FYTD),NOV,Office of Field Operations,Coastal/Interior,Other,SAN JUAN FIELD OFFICE,Ecstasy,1,0.629640220272
2026 (FYTD),NOV,Office of Field Operations,Coastal/Interior,Other,SAN JUAN FIELD OFFICE,Ketamine,1,0.003086471668
2026 (FYTD),NOV,Office of Field Operations,Coastal/Interior,Other,SAN JUAN FIELD OFFICE,Marijuana,107,476.9370344977
2026 (FYTD),NOV,Office of Field Operations,Coastal/Interior,Other,SAN JUAN FIELD OFFICE,Other Drugs**,10,65.0434441286102
2026 (FYTD),NOV,Office of Field Operations,Coastal/Interior,Other,TAMPA FIELD OFFICE,Cocaine,1,0.0013889122506
2026 (FYTD),NOV,Office of Field Operations,Coastal/Interior,Other,TAMPA FIELD OFFICE,Fentanyl,2,7.980733884399999
2026 (FYTD),NOV,Office of Field Operations,Coastal/Interior,Other,TAMPA FIELD OFFICE,Marijuana,15,1.6451555377226
2026 (FYTD),NOV,Office of Field Operations,Coastal/Interior,Other,TAMPA FIELD OFFICE,Other Drugs**,14,2.8327857431166
2026 (FYTD),NOV,Office of Field Operations,Northern Border,Land Only,BOSTON FIELD OFFICE,Marijuana,22,2628.585042116434
2026 (FYTD),NOV,Office of Field Operations,Northern Border,Land Only,BOSTON FIELD OFFICE,Other Drugs**,1,0.022707612986
2026 (FYTD),NOV,Office of Field Operations,Northern Border,Land Only,BUFFALO FIELD OFFICE,Khat (Catha Edulis),1,0.51367707046
2026 (FYTD),NOV,Office of Field Operations,Northern Border,Land Only,BUFFALO FIELD OFFICE,Lsd,1,0.002425084882
2026 (FYTD),NOV,Office of Field Operations,Northern Border,Land Only,BUFFALO FIELD OFFICE,Marijuana,56,10.8950024795518
2026 (FYTD),NOV,Office of Field Operations,Northern Border,Land Only,BUFFALO FIELD OFFICE,Other Drugs**,5,1.499804768386
2026 (FYTD),NOV,Office of Field Operations,Northern Border,Land Only,DETROIT FIELD OFFICE,Cocaine,10,391.896362478344
2026 (FYTD),NOV,Office of Field Operations,Northern Border,Land Only,DETROIT FIELD OFFICE,Ecstasy,2,0.015983513995
2026 (FYTD),NOV,Office of Field Operations,Northern Border,Land Only,DETROIT FIELD OFFICE,Ketamine,2,0.007275254646
2026 (FYTD),NOV,Office of Field Operations,Northern Border,Land Only,DETROIT FIELD OFFICE,Lsd,1,0.002866009406
2026 (FYTD),NOV,Office of Field Operations,Northern Border,Land Only,DETROIT FIELD OFFICE,Marijuana,147,32.7680555727508
2026 (FYTD),NOV,Office of Field Operations,Northern Border,Land Only,DETROIT FIELD OFFICE,Methamphetamine,1,0.0053131405142
2026 (FYTD),NOV,Office of Field Operations,Northern Border,Land Only,DETROIT FIELD OFFICE,Other Drugs**,110,11.2540914118974
2026 (FYTD),NOV,Office of Field Operations,Northern Border,Land Only,SEATTLE FIELD OFFICE,Cocaine,3,0.1601437871168
2026 (FYTD),NOV,Office of Field Operations,Northern Border,Land Only,SEATTLE FIELD OFFICE,Ecstasy,1,0.00881849048
2026 (FYTD),NOV,Office of Field Operations,Northern Border,Land Only,SEATTLE FIELD OFFICE,Lsd,2,0.007054792384
2026 (FYTD),NOV,Office of Field Operations,Northern Border,Land Only,SEATTLE FIELD OFFICE,Marijuana,86,11.8067241640528
2026 (FYTD),NOV,Office of Field Operations,Northern Border,Land Only,SEATTLE FIELD OFFICE,Methamphetamine,1,0.00661386786
2026 (FYTD),NOV,Office of Field Operations,Northern Border,Land Only,SEATTLE FIELD OFFICE,Other Drugs**,16,0.9276170135912
2026 (FYTD),NOV,Office of Field Operations,Northern Border,Other,BOSTON FIELD OFFICE,Cocaine,1,0.001322773572
2026 (FYTD),NOV,Office of Field Operations,Northern Border,Other,BOSTON FIELD OFFICE,Ecstasy,1,0.002645547144
2026 (FYTD),NOV,Office of Field Operations,Northern Border,Other,BOSTON FIELD OFFICE,Marijuana,3,0.771617917
2026 (FYTD),NOV,Office of Field Operations,Northern Border,Other,BOSTON FIELD OFFICE,Methamphetamine,1,0.001984160358
2026 (FYTD),NOV,Office of Field Operations,Northern Border,Other,BOSTON FIELD OFFICE,Other Drugs**,14,4.77521259492
2026 (FYTD),NOV,Office of Field Operations,Northern Border,Other,BUFFALO FIELD OFFICE,Marijuana,5,8.43378383281
2026 (FYTD),NOV,Office of Field Operations,Northern Border,Other,BUFFALO FIELD OFFICE,Other Drugs**,3,0.694235663038
2026 (FYTD),NOV,Office of Field Operations,Northern Border,Other,DETROIT FIELD OFFICE,Cocaine,1,0.0043210603352
2026 (FYTD),NOV,Office of Field Operations,Northern Border,Other,DETROIT FIELD OFFICE,Marijuana,3,1.7088470852144002
2026 (FYTD),NOV,Office of Field Operations,Northern Border,Other,DETROIT FIELD OFFICE,Other Drugs**,3,0.4033577545552
2026 (FYTD),NOV,Office of Field Operations,Northern Border,Other,PORTLAND FIELD OFFICE,Ketamine,1,9.1712300992
2026 (FYTD),NOV,Office of Field Operations,Northern Border,Other,PORTLAND FIELD OFFICE,Marijuana,4,168.102474775
2026 (FYTD),NOV,Office of Field Operations,Northern Border,Other,PORTLAND FIELD OFFICE,Other Drugs**,8,58.9042976573748
2026 (FYTD),NOV,Office of Field Operations,Northern Border,Other,SEATTLE FIELD OFFICE,Cocaine,1,2.9101018584
2026 (FYTD),NOV,Office of Field Operations,Northern Border,Other,SEATTLE FIELD OFFICE,Marijuana,5,18.812375509853
2026 (FYTD),NOV,Office of Field Operations,Northern Border,Other,SEATTLE FIELD OFFICE,Other Drugs**,1,0.36817197754
2026 (FYTD),NOV,Office of Field Operations,Southwest Border,Land Only,EL PASO FIELD OFFICE,Cocaine,11,391.12761057075
2026 (FYTD),NOV,Office of Field Operations,Southwest Border,Land Only,EL PASO FIELD OFFICE,Fentanyl,7,26.4885628255262
2026 (FYTD),NOV,Office of Field Operations,Southwest Border,Land Only,EL PASO FIELD OFFICE,Marijuana,33,58.70369904518101
2026 (FYTD),NOV,Office of Field Operations,Southwest Border,Land Only,EL PASO FIELD OFFICE,Methamphetamine,5,266.452012626772
2026 (FYTD),NOV,Office of Field Operations,Southwest Border,Land Only,EL PASO FIELD OFFICE,Other Drugs**,14,10.3988962513732
2026 (FYTD),NOV,Office of Field Operations,Southwest Border,Land Only,LAREDO FIELD OFFICE,Cocaine,6,347.539245132813
2026 (FYTD),NOV,Office of Field Operations,Southwest Border,Land Only,LAREDO FIELD OFFICE,Marijuana,21,76.8366539560024
2026 (FYTD),NOV,Office of Field Operations,Southwest Border,Land Only,LAREDO FIELD OFFICE,Methamphetamine,11,4338.103677427112
2026 (FYTD),NOV,Office of Field Operations,Southwest Border,Land Only,LAREDO FIELD OFFICE,Other Drugs**,19,20.2990407274238
2026 (FYTD),NOV,Office of Field Operations,Southwest Border,Land Only,SAN DIEGO FIELD OFFICE,Cocaine,38,3486.4045413150297
2026 (FYTD),NOV,Office of Field Operations,Southwest Border,Land Only,SAN DIEGO FIELD OFFICE,Fentanyl,25,936.308076883764
2026 (FYTD),NOV,Office of Field Operations,Southwest Border,Land Only,SAN DIEGO FIELD OFFICE,Heroin,5,179.128453884406
2026 (FYTD),NOV,Office of Field Operations,Southwest Border,Land Only,SAN DIEGO FIELD OFFICE,Marijuana,32,0.9839671677584
2026 (FYTD),NOV,Office of Field Operations,Southwest Border,Land Only,SAN DIEGO FIELD OFFICE,Methamphetamine,48,12146.045193352587
2026 (FYTD),NOV,Office of Field Operations,Southwest Border,Land Only,SAN DIEGO FIELD OFFICE,Other Drugs**,27,54.166012491339806
2026 (FYTD),NOV,Office of Field Operations,Southwest Border,Land Only,TUCSON FIELD OFFICE,Cocaine,2,21.2996748421894
2026 (FYTD),NOV,Office of Field Operations,Southwest Border,Land Only,TUCSON FIELD OFFICE,Fentanyl,12,233.8619141919076
2026 (FYTD),NOV,Office of Field Operations,Southwest Border,Land Only,TUCSON FIELD OFFICE,Marijuana,8,0.2648192691144
2026 (FYTD),NOV,Office of Field Operations,Southwest Border,Land Only,TUCSON FIELD OFFICE,Methamphetamine,20,2085.3212526630223
2026 (FYTD),NOV,Office of Field Operations,Southwest Border,Land Only,TUCSON FIELD OFFICE,Other Drugs**,3,44.344220303204
2026 (FYTD),NOV,Office of Field Operations,Southwest Border,Other,LAREDO FIELD OFFICE,Cocaine,2,40.0107699888796
2026 (FYTD),NOV,Office of Field Operations,Southwest Border,Other,LAREDO FIELD OFFICE,Fentanyl,2,0.088625829324
2026 (FYTD),NOV,Office of Field Operations,Southwest Border,Other,LAREDO FIELD OFFICE,Marijuana,1,10.802650838
2026 (FYTD),NOV,Office of Field Operations,Southwest Border,Other,SAN DIEGO FIELD OFFICE,Other Drugs**,2,0.0313276874302
2026 (FYTD),NOV,Office of Field Operations,Southwest Border,Other,TUCSON FIELD OFFICE,Marijuana,1,0.099869404686
2026 (FYTD),NOV,Office of Field Operations,Southwest Border,Other,TUCSON FIELD OFFICE,Methamphetamine,1,4.850169764
2026 (FYTD),NOV,U.S. Border Patrol,Coastal/Interior,Other,MIAMI SECTOR,Cocaine,1,0.0
2026 (FYTD),NOV,U.S. Border Patrol,Coastal/Interior,Other,MIAMI SECTOR,Marijuana,1,23.1966
2026 (FYTD),NOV,U.S. Border Patrol,Coastal/Interior,Other,MIAMI SECTOR,Methamphetamine,1,8.8553
2026 (FYTD),NOV,U.S. Border Patrol,Coastal/Interior,Other,MIAMI SECTOR,Other Drugs**,1,0.0668
2026 (FYTD),NOV,U.S. Border Patrol,Coastal/Interior,Other,NEW ORLEANS SECTOR,Marijuana,1,0.7407
2026 (FYTD),NOV,U.S. Border Patrol,Coastal/Interior,Other,RAMEY SECTOR,Cocaine,1,314.433
2026 (FYTD),NOV,U.S. Border Patrol,Northern Border,Land Only,BLAINE SECTOR,Marijuana,1,0.0
2026 (FYTD),NOV,U.S. Border Patrol,Northern Border,Land Only,BUFFALO SECTOR,Marijuana,2,7.1045
2026 (FYTD),NOV,U.S. Border Patrol,Northern Border,Land Only,DETROIT SECTOR,Cocaine,2,0.1373
2026 (FYTD),NOV,U.S. Border Patrol,Northern Border,Land Only,DETROIT SECTOR,Fentanyl,1,0.0154
2026 (FYTD),NOV,U.S. Border Patrol,Northern Border,Land Only,DETROIT SECTOR,Marijuana,5,15.8216
2026 (FYTD),NOV,U.S. Border Patrol,Northern Border,Land Only,DETROIT SECTOR,Other Drugs**,1,0.966
2026 (FYTD),NOV,U.S. Border Patrol,Northern Border,Land Only,GRAND FORKS SECTOR,Marijuana,1,0.0108
2026 (FYTD),NOV,U.S. Border Patrol,Northern Border,Land Only,HOULTON SECTOR,Marijuana,1,0.0004
2026 (FYTD),NOV,U.S. Border Patrol,Northern Border,Land Only,SWANTON SECTOR,Cocaine,2,0.0314
2026 (FYTD),NOV,U.S. Border Patrol,Northern Border,Land Only,SWANTON SECTOR,Other Drugs**,1,0.0397
2026 (FYTD),NOV,U.S. Border Patrol,Southwest Border,Land Only,BIG BEND SECTOR,Cocaine,1,25.1657
2026 (FYTD),NOV,U.S. Border Patrol,Southwest Border,Land Only,BIG BEND SECTOR,Ecstasy,1,0.0022
2026 (FYTD),NOV,U.S. Border Patrol,Southwest Border,Land Only,BIG BEND SECTOR,Fentanyl,1,41.9205
2026 (FYTD),NOV,U.S. Border Patrol,Southwest Border,Land Only,BIG BEND SECTOR,Marijuana,99,5602.8414
2026 (FYTD),NOV,U.S. Border Patrol,Southwest Border,Land Only,BIG BEND SECTOR,Methamphetamine,4,54.8763
2026 (FYTD),NOV,U.S. Border Patrol,Southwest Border,Land Only,BIG BEND SECTOR,Other Drugs**,5,0.8076000000000001
2026 (FYTD),NOV,U.S. Border Patrol,Southwest Border,Land Only,DEL RIO SECTOR,Cocaine,2,5.071700000000001
2026 (FYTD),NOV,U.S. Border Patrol,Southwest Border,Land Only,DEL RIO SECTOR,Marijuana,10,0.3355999999999999
2026 (FYTD),NOV,U.S. Border Patrol,Southwest Border,Land Only,DEL RIO SECTOR,Methamphetamine,2,0.0076
2026 (FYTD),NOV,U.S. Border Patrol,Southwest Border,Land Only,DEL RIO SECTOR,Other Drugs**,2,0.1646
2026 (FYTD),NOV,U.S. Border Patrol,Southwest Border,Land Only,EL CENTRO SECTOR,Cocaine,3,61.5196
2026 (FYTD),NOV,U.S. Border Patrol,Southwest Border,Land Only,EL CENTRO SECTOR,Fentanyl,2,0.0011
2026 (FYTD),NOV,U.S. Border Patrol,Southwest Border,Land Only,EL CENTRO SECTOR,Heroin,1,0.1166
2026 (FYTD),NOV,U.S. Border Patrol,Southwest Border,Land Only,EL CENTRO SECTOR,Marijuana,1,0.0926
2026 (FYTD),NOV,U.S. Border Patrol,Southwest Border,Land Only,EL CENTRO SECTOR,Methamphetamine,9,0.4906999999999999
2026 (FYTD),NOV,U.S. Border Patrol,Southwest Border,Land Only,EL PASO SECTOR,Cocaine,4,163.0399
2026 (FYTD),NOV,U.S. Border Patrol,Southwest Border,Land Only,EL PASO SECTOR,Fentanyl,1,10.9348
2026 (FYTD),NOV,U.S. Border Patrol,Southwest Border,Land Only,EL PASO SECTOR,Marijuana,6,47.5834
2026 (FYTD),NOV,U.S. Border Patrol,Southwest Border,Land Only,EL PASO SECTOR,Methamphetamine,4,183.4977
2026 (FYTD),NOV,U.S. Border Patrol,Southwest Border,Land Only,EL PASO SECTOR,Other Drugs**,1,0.0
2026 (FYTD),NOV,U.S. Border Patrol,Southwest Border,Land Only,LAREDO SECTOR,Cocaine,1,36.3825
2026 (FYTD),NOV,U.S. Border Patrol,Southwest Border,Land Only,LAREDO SECTOR,Marijuana,14,18.6674
2026 (FYTD),NOV,U.S. Border Patrol,Southwest Border,Land Only,LAREDO SECTOR,Other Drugs**,1,0.0
2026 (FYTD),NOV,U.S. Border Patrol,Southwest Border,Land Only,RIO GRANDE VALLEY SECTOR,Cocaine,7,509.2347
2026 (FYTD),NOV,U.S. Border Patrol,Southwest Border,Land Only,RIO GRANDE VALLEY SECTOR,Marijuana,23,931.9972
2026 (FYTD),NOV,U.S. Border Patrol,Southwest Border,Land Only,SAN DIEGO SECTOR,Cocaine,6,174.0915
2026 (FYTD),NOV,U.S. Border Patrol,Southwest Border,Land Only,SAN DIEGO SECTOR,Fentanyl,4,103.7705
2026 (FYTD),NOV,U.S. Border Patrol,Southwest Border,Land Only,SAN DIEGO SECTOR,Heroin,1,1.2125
2026 (FYTD),NOV,U.S. Border Patrol,Southwest Border,Land Only,SAN DIEGO SECTOR,Marijuana,3,0.0634
2026 (FYTD),NOV,U.S. Border Patrol,Southwest Border,Land Only,SAN DIEGO SECTOR,Methamphetamine,5,432.729
2026 (FYTD),NOV,U.S. Border Patrol,Southwest Border,Land Only,SAN DIEGO SECTOR,Other Drugs**,1,0.1704
2026 (FYTD),NOV,U.S. Border Patrol,Southwest Border,Land Only,TUCSON SECTOR,Cocaine,8,23.1725
2026 (FYTD),NOV,U.S. Border Patrol,Southwest Border,Land Only,TUCSON SECTOR,Fentanyl,6,143.9883
2026 (FYTD),NOV,U.S. Border Patrol,Southwest Border,Land Only,TUCSON SECTOR,Marijuana,13,0.4387
2026 (FYTD),NOV,U.S. Border Patrol,Southwest Border,Land Only,TUCSON SECTOR,Methamphetamine,12,1369.2176
2026 (FYTD),NOV,U.S. Border Patrol,Southwest Border,Land Only,TUCSON SECTOR,Other Drugs**,2,0.6147
2026 (FYTD),NOV,U.S. Border Patrol,Southwest Border,Land Only,YUMA SECTOR,Marijuana,10,0.6134999999999999
2026 (FYTD),NOV,U.S. Border Patrol,Southwest Border,Land Only,YUMA SECTOR,Other Drugs**,1,0.1543
2026 (FYTD),OCT,Office of Field Operations,Coastal/Interior,Other,ATLANTA FIELD OFFICE,Cocaine,3,147.15415063976
2026 (FYTD),OCT,Office of Field Operations,Coastal/Interior,Other,ATLANTA FIELD OFFICE,Ketamine,2,160.93745126
2026 (FYTD),OCT,Office of Field Operations,Coastal/Interior,Other,ATLANTA FIELD OFFICE,Marijuana,6,167.58438845930002
2026 (FYTD),OCT,Office of Field Operations,Coastal/Interior,Other,ATLANTA FIELD OFFICE,Other Drugs**,5,3.58581869143
2026 (FYTD),OCT,Office of Field Operations,Coastal/Interior,Other,BALTIMORE FIELD OFFICE,Cocaine,5,30.95179927349
2026 (FYTD),OCT,Office of Field Operations,Coastal/Interior,Other,BALTIMORE FIELD OFFICE,Fentanyl,1,0.027998707274
2026 (FYTD),OCT,Office of Field Operations,Coastal/Interior,Other,BALTIMORE FIELD OFFICE,Ketamine,5,113.4057875728
2026 (FYTD),OCT,Office of Field Operations,Coastal/Interior,Other,BALTIMORE FIELD OFFICE,Marijuana,25,114.9958054987964
2026 (FYTD),OCT,Office of Field Operations,Coastal/Interior,Other,BALTIMORE FIELD OFFICE,Methamphetamine,1,12.7647649698
2026 (FYTD),OCT,Office of Field Operations,Coastal/Interior,Other,BALTIMORE FIELD OFFICE,Other Drugs**,31,20.2271038913332
2026 (FYTD),OCT,Office of Field Operations,Coastal/Interior,Other,CHICAGO FIELD OFFICE,Cocaine,25,214.46482867077825
2026 (FYTD),OCT,Office of Field Operations,Coastal/Interior,Other,CHICAGO FIELD OFFICE,Ecstasy,8,9.2376553787406
2026 (FYTD),OCT,Office of Field Operations,Coastal/Interior,Other,CHICAGO FIELD OFFICE,Fentanyl,3,2.976681461524
2026 (FYTD),OCT,Office of Field Operations,Coastal/Interior,Other,CHICAGO FIELD OFFICE,Heroin,3,2.5095439745722
2026 (FYTD),OCT,Office of Field Operations,Coastal/Interior,Other,CHICAGO FIELD OFFICE,Ketamine,42,1032.6602486880422
2026 (FYTD),OCT,Office of Field Operations,Coastal/Interior,Other,CHICAGO FIELD OFFICE,Khat (Catha Edulis),10,2795.8142217792
2026 (FYTD),OCT,Office of Field Operations,Coastal/Interior,Other,CHICAGO FIELD OFFICE,Lsd,2,0.0128749961008
2026 (FYTD),OCT,Office of Field Operations,Coastal/Interior,Other,CHICAGO FIELD OFFICE,Marijuana,530,3363.540305408096
2026 (FYTD),OCT,Office of Field Operations,Coastal/Interior,Other,CHICAGO FIELD OFFICE,Methamphetamine,32,293.772137058336
2026 (FYTD),OCT,Office of Field Operations,Coastal/Interior,Other,CHICAGO FIELD OFFICE,Other Drugs**,435,843.1523212775452
2026 (FYTD),OCT,Office of Field Operations,Coastal/Interior,Other,HOUSTON FIELD OFFICE,Cocaine,3,0.0497803787596
2026 (FYTD),OCT,Office of Field Operations,Coastal/Interior,Other,HOUSTON FIELD OFFICE,Ecstasy,1,0.007275254646
2026 (FYTD),OCT,Office of Field Operations,Coastal/Interior,Other,HOUSTON FIELD OFFICE,Ketamine,3,166.434016376184
2026 (FYTD),OCT,Office of Field Operations,Coastal/Interior,Other,HOUSTON FIELD OFFICE,Marijuana,21,247.114716471097
2026 (FYTD),OCT,Office of Field Operations,Coastal/Interior,Other,HOUSTON FIELD OFFICE,Methamphetamine,4,0.0284616780242
2026 (FYTD),OCT,Office of Field Operations,Coastal/Interior,Other,HOUSTON FIELD OFFICE,Other Drugs**,21,27.3546929142456
2026 (FYTD),OCT,Office of Field Operations,Coastal/Interior,Other,LOS ANGELES FIELD OFFICE,Cocaine,2,0.051588169308
2026 (FYTD),OCT,Office of Field Operations,Coastal/Interior,Other,LOS ANGELES FIELD OFFICE,Ecstasy,13,0.355826090868
2026 (FYTD),OCT,Office of Field Operations,Coastal/Interior,Other,LOS ANGELES FIELD OFFICE,Ketamine,17,227.112285670968
2026 (FYTD),OCT,Office of Field Operations,Coastal/Interior,Other,LOS ANGELES FIELD OFFICE,Khat (Catha Edulis),2,70.59201629239999
2026 (FYTD),OCT,Office of Field Operations,Coastal/Interior,Other,LOS ANGELES FIELD OFFICE,Lsd,10,0.144843706134
2026 (FYTD),OCT,Office of Field Operations,Coastal/Interior,Other,LOS ANGELES FIELD OFFICE,Marijuana,67,5250.873637937697
2026 (FYTD),OCT,Office of Field Operations,Coastal/Interior,Other,LOS ANGELES FIELD OFFICE,Methamphetamine,5,1.421540665376
2026 (FYTD),OCT,Office of Field Operations,Coastal/Interior,Other,LOS ANGELES FIELD OFFICE,Other Drugs**,110,88.1368881193364
2026 (FYTD),OCT,Office of Field Operations,Coastal/Interior,Other,MIAMI FIELD OFFICE,Cocaine,23,931.8622790007244
2026 (FYTD),OCT,Office of Field Operations,Coastal/Interior,Other,MIAMI FIELD OFFICE,Ecstasy,11,4.445731744361
2026 (FYTD),OCT,Office of Field Operations,Coastal/Interior,Other,MIAMI FIELD OFFICE,Ketamine,15,92.390773603305
2026 (FYTD),OCT,Office of Field Operations,Coastal/Interior,Other,MIAMI FIELD OFFICE,Lsd,1,0.143520932562
2026 (FYTD),OCT,Office of Field Operations,Coastal/Interior,Other,MIAMI FIELD OFFICE,Marijuana,360,1914.262136446114
2026 (FYTD),OCT,Office of Field Operations,Coastal/Interior,Other,MIAMI FIELD OFFICE,Methamphetamine,7,0.5502076672734
2026 (FYTD),OCT,Office of Field Operations,Coastal/Interior,Other,MIAMI FIELD OFFICE,Other Drugs**,119,571.5840409365392
2026 (FYTD),OCT,Office of Field Operations,Coastal/Interior,Other,NEW ORLEANS FIELD OFFICE,Cocaine,12,49.303959811418
2026 (FYTD),OCT,Office of Field Operations,Coastal/Interior,Other,NEW ORLEANS FIELD OFFICE,Heroin,1,2.976240537
2026 (FYTD),OCT,Office of Field Operations,Coastal/Interior,Other,NEW ORLEANS FIELD OFFICE,Ketamine,8,106.593503677
2026 (FYTD),OCT,Office of Field Operations,Coastal/Interior,Other,NEW ORLEANS FIELD OFFICE,Marijuana,269,6468.814802902005
2026 (FYTD),OCT,Office of Field Operations,Coastal/Interior,Other,NEW ORLEANS FIELD OFFICE,Methamphetamine,10,55.04060833092
2026 (FYTD),OCT,Office of Field Operations,Coastal/Interior,Other,NEW ORLEANS FIELD OFFICE,Other Drugs**,63,118.5448510849248
2026 (FYTD),OCT,Office of Field Operations,Coastal/Interior,Other,NEW YORK FIELD OFFICE,Cocaine,7,47.003215645186
2026 (FYTD),OCT,Office of Field Operations,Coastal/Interior,Other,NEW YORK FIELD OFFICE,Ecstasy,18,0.6528769426868
2026 (FYTD),OCT,Office of Field Operations,Coastal/Interior,Other,NEW YORK FIELD OFFICE,Fentanyl,2,2.54854374872
2026 (FYTD),OCT,Office of Field Operations,Coastal/Interior,Other,NEW YORK FIELD OFFICE,Heroin,2,0.0191802167939999
2026 (FYTD),OCT,Office of Field Operations,Coastal/Interior,Other,NEW YORK FIELD OFFICE,Ketamine,31,1490.1417531189566
2026 (FYTD),OCT,Office of Field Operations,Coastal/Interior,Other,NEW YORK FIELD OFFICE,Khat (Catha Edulis),1,34.612575134
2026 (FYTD),OCT,Office of Field Operations,Coastal/Interior,Other,NEW YORK FIELD OFFICE,Lsd,7,0.1192700837419999
2026 (FYTD),OCT,Office of Field Operations,Coastal/Interior,Other,NEW YORK FIELD OFFICE,Marijuana,52,2217.860717446314
2026 (FYTD),OCT,Office of Field Operations,Coastal/Interior,Other,NEW YORK FIELD OFFICE,Methamphetamine,12,0.0914697925038
2026 (FYTD),OCT,Office of Field Operations,Coastal/Interior,Other,NEW YORK FIELD OFFICE,Other Drugs**,634,1976.3454337828505
2026 (FYTD),OCT,Office of Field Operations,Coastal/Interior,Other,PRECLEARANCE FIELD OFFICE,Ecstasy,1,0.008598028218
2026 (FYTD),OCT,Office of Field Operations,Coastal/Interior,Other,PRECLEARANCE FIELD OFFICE,Marijuana,10,3.5625819690152
2026 (FYTD),OCT,Office of Field Operations,Coastal/Interior,Other,PRECLEARANCE FIELD OFFICE,Other Drugs**,3,0.2442060476174
2026 (FYTD),OCT,Office of Field Operations,Coastal/Interior,Other,SAN FRANCISCO FIELD OFFICE,Cocaine,1,0.326063685498
2026 (FYTD),OCT,Office of Field Operations,Coastal/Interior,Other,SAN FRANCISCO FIELD OFFICE,Ketamine,1,0.000881849048
2026 (FYTD),OCT,Office of Field Operations,Coastal/Interior,Other,SAN FRANCISCO FIELD OFFICE,Marijuana,43,637.562090732446
2026 (FYTD),OCT,Office of Field Operations,Coastal/Interior,Other,SAN FRANCISCO FIELD OFFICE,Methamphetamine,6,59.574855673474
2026 (FYTD),OCT,Office of Field Operations,Coastal/Interior,Other,SAN FRANCISCO FIELD OFFICE,Other Drugs**,16,29.343306609938
2026 (FYTD),OCT,Office of Field Operations,Coastal/Interior,Other,SAN JUAN FIELD OFFICE,Cocaine,6,373.66589710904
2026 (FYTD),OCT,Office of Field Operations,Coastal/Interior,Other,SAN JUAN FIELD OFFICE,Ecstasy,1,0.451286250314
2026 (FYTD),OCT,Office of Field Operations,Coastal/Interior,Other,SAN JUAN FIELD OFFICE,Marijuana,97,395.6520032501926
2026 (FYTD),OCT,Office of Field Operations,Coastal/Interior,Other,SAN JUAN FIELD OFFICE,Methamphetamine,1,0.127427187436
2026 (FYTD),OCT,Office of Field Operations,Coastal/Interior,Other,SAN JUAN FIELD OFFICE,Other Drugs**,12,50.8671033876766
2026 (FYTD),OCT,Office of Field Operations,Coastal/Interior,Other,TAMPA FIELD OFFICE,Ecstasy,2,0.137347989226
2026 (FYTD),OCT,Office of Field Operations,Coastal/Interior,Other,TAMPA FIELD OFFICE,Fentanyl,3,1.7624855535589998
2026 (FYTD),OCT,Office of Field Operations,Coastal/Interior,Other,TAMPA FIELD OFFICE,Marijuana,16,169.1137572170202
2026 (FYTD),OCT,Office of Field Operations,Coastal/Interior,Other,TAMPA FIELD OFFICE,Other Drugs**,17,5.446961107233999
2026 (FYTD),OCT,Office of Field Operations,Northern Border,Land Only,BOSTON FIELD OFFICE,Cocaine,2,0.0406311948866
2026 (FYTD),OCT,Office of Field Operations,Northern Border,Land Only,BOSTON FIELD OFFICE,Marijuana,34,4.9474156677682
2026 (FYTD),OCT,Office of Field Operations,Northern Border,Land Only,BOSTON FIELD OFFICE,Methamphetamine,1,0.005070632026
2026 (FYTD),OCT,Office of Field Operations,Northern Border,Land Only,BOSTON FIELD OFFICE,Other Drugs**,2,0.0160055602212
2026 (FYTD),OCT,Office of Field Operations,Northern Border,Land Only,BUFFALO FIELD OFFICE,Cocaine,1,0.08598028218
2026 (FYTD),OCT,Office of Field Operations,Northern Border,Land Only,BUFFALO FIELD OFFICE,Marijuana,70,7.1553011292458
2026 (FYTD),OCT,Office of Field Operations,Northern Border,Land Only,BUFFALO FIELD OFFICE,Methamphetamine,2,0.167110394596
2026 (FYTD),OCT,Office of Field Operations,Northern Border,Land Only,BUFFALO FIELD OFFICE,Other Drugs**,4,0.234571846768
2026 (FYTD),OCT,Office of Field Operations,Northern Border,Land Only,DETROIT FIELD OFFICE,Cocaine,3,0.0240965252366
2026 (FYTD),OCT,Office of Field Operations,Northern Border,Land Only,DETROIT FIELD OFFICE,Marijuana,131,11.844224794819
2026 (FYTD),OCT,Office of Field Operations,Northern Border,Land Only,DETROIT FIELD OFFICE,Methamphetamine,2,0.001322773572
2026 (FYTD),OCT,Office of Field Operations,Northern Border,Land Only,DETROIT FIELD OFFICE,Other Drugs**,103,8.7514258598996
2026 (FYTD),OCT,Office of Field Operations,Northern Border,Land Only,SEATTLE FIELD OFFICE,Cocaine,2,0.002976240537
2026 (FYTD),OCT,Office of Field Operations,Northern Border,Land Only,SEATTLE FIELD OFFICE,Ecstasy,3,0.110892517786
2026 (FYTD),OCT,Office of Field Operations,Northern Border,Land Only,SEATTLE FIELD OFFICE,Lsd,2,0.052249556094
2026 (FYTD),OCT,Office of Field Operations,Northern Border,Land Only,SEATTLE FIELD OFFICE,Marijuana,106,5.6703114248662
2026 (FYTD),OCT,Office of Field Operations,Northern Border,Land Only,SEATTLE FIELD OFFICE,Methamphetamine,1,0.000440924524
2026 (FYTD),OCT,Office of Field Operations,Northern Border,Land Only,SEATTLE FIELD OFFICE,Other Drugs**,12,0.508937131827
2026 (FYTD),OCT,Office of Field Operations,Northern Border,Other,BOSTON FIELD OFFICE,Cocaine,1,0.01212542441
2026 (FYTD),OCT,Office of Field Operations,Northern Border,Other,BOSTON FIELD OFFICE,Marijuana,6,1.349890430226
2026 (FYTD),OCT,Office of Field Operations,Northern Border,Other,BOSTON FIELD OFFICE,Other Drugs**,14,4.701578199412
2026 (FYTD),OCT,Office of Field Operations,Northern Border,Other,BUFFALO FIELD OFFICE,Ecstasy,2,0.01212542441
2026 (FYTD),OCT,Office of Field Operations,Northern Border,Other,BUFFALO FIELD OFFICE,Heroin,1,0.033951188348
2026 (FYTD),OCT,Office of Field Operations,Northern Border,Other,BUFFALO FIELD OFFICE,Marijuana,5,0.236335544864
2026 (FYTD),OCT,Office of Field Operations,Northern Border,Other,BUFFALO FIELD OFFICE,Other Drugs**,5,0.822544699522
2026 (FYTD),OCT,Office of Field Operations,Northern Border,Other,DETROIT FIELD OFFICE,Marijuana,7,3.6263617014118
2026 (FYTD),OCT,Office of Field Operations,Northern Border,Other,DETROIT FIELD OFFICE,Other Drugs**,5,0.739320195617
2026 (FYTD),OCT,Office of Field Operations,Northern Border,Other,PORTLAND FIELD OFFICE,Cocaine,1,0.0020282528104
2026 (FYTD),OCT,Office of Field Operations,Northern Border,Other,PORTLAND FIELD OFFICE,Ketamine,2,20.6573139494
2026 (FYTD),OCT,Office of Field Operations,Northern Border,Other,PORTLAND FIELD OFFICE,Lsd,1,0.014770971554
2026 (FYTD),OCT,Office of Field Operations,Northern Border,Other,PORTLAND FIELD OFFICE,Marijuana,12,27.181674131028
2026 (FYTD),OCT,Office of Field Operations,Northern Border,Other,PORTLAND FIELD OFFICE,Other Drugs**,37,90.103587866186
2026 (FYTD),OCT,Office of Field Operations,Northern Border,Other,SEATTLE FIELD OFFICE,Cocaine,2,0.0033951188348
2026 (FYTD),OCT,Office of Field Operations,Northern Border,Other,SEATTLE FIELD OFFICE,Ecstasy,4,0.0372581222779999
2026 (FYTD),OCT,Office of Field Operations,Northern Border,Other,SEATTLE FIELD OFFICE,Marijuana,14,68.5719867243726
2026 (FYTD),OCT,Office of Field Operations,Northern Border,Other,SEATTLE FIELD OFFICE,Other Drugs**,15,1.2343902511642
2026 (FYTD),OCT,Office of Field Operations,Southwest Border,Land Only,EL PASO FIELD OFFICE,Cocaine,11,554.0437106322
2026 (FYTD),OCT,Office of Field Operations,Southwest Border,Land Only,EL PASO FIELD OFFICE,Fentanyl,4,46.045968503582
2026 (FYTD),OCT,Office of Field Operations,Southwest Border,Land Only,EL PASO FIELD OFFICE,Marijuana,31,92.059859748043
2026 (FYTD),OCT,Office of Field Operations,Southwest Border,Land Only,EL PASO FIELD OFFICE,Methamphetamine,10,260.204112121692
2026 (FYTD),OCT,Office of Field Operations,Southwest Border,Land Only,EL PASO FIELD OFFICE,Other Drugs**,21,3.6519132775776
2026 (FYTD),OCT,Office of Field Operations,Southwest Border,Land Only,LAREDO FIELD OFFICE,Cocaine,13,789.7354836449338
2026 (FYTD),OCT,Office of Field Operations,Southwest Border,Land Only,LAREDO FIELD OFFICE,Heroin,2,69.667838490096
2026 (FYTD),OCT,Office of Field Operations,Southwest Border,Land Only,LAREDO FIELD OFFICE,Marijuana,25,98.7864720088298
2026 (FYTD),OCT,Office of Field Operations,Southwest Border,Land Only,LAREDO FIELD OFFICE,Methamphetamine,12,2808.340689090004
2026 (FYTD),OCT,Office of Field Operations,Southwest Border,Land Only,LAREDO FIELD OFFICE,Other Drugs**,19,5.5430606072398
2026 (FYTD),OCT,Office of Field Operations,Southwest Border,Land Only,SAN DIEGO FIELD OFFICE,Cocaine,23,1618.0607257228
2026 (FYTD),OCT,Office of Field Operations,Southwest Border,Land Only,SAN DIEGO FIELD OFFICE,Fentanyl,19,697.5140250588448
2026 (FYTD),OCT,Office of Field Operations,Southwest Border,Land Only,SAN DIEGO FIELD OFFICE,Heroin,4,354.6796871056
2026 (FYTD),OCT,Office of Field Operations,Southwest Border,Land Only,SAN DIEGO FIELD OFFICE,Marijuana,29,3.805729797775
2026 (FYTD),OCT,Office of Field Operations,Southwest Border,Land Only,SAN DIEGO FIELD OFFICE,Methamphetamine,51,4240.718176954614
2026 (FYTD),OCT,Office of Field Operations,Southwest Border,Land Only,SAN DIEGO FIELD OFFICE,Other Drugs**,25,37.90665611412541
2026 (FYTD),OCT,Office of Field Operations,Southwest Border,Land Only,TUCSON FIELD OFFICE,Cocaine,2,2.51547440942
2026 (FYTD),OCT,Office of Field Operations,Southwest Border,Land Only,TUCSON FIELD OFFICE,Fentanyl,6,165.978982267416
2026 (FYTD),OCT,Office of Field Operations,Southwest Border,Land Only,TUCSON FIELD OFFICE,Heroin,1,0.351857770152
2026 (FYTD),OCT,Office of Field Operations,Southwest Border,Land Only,TUCSON FIELD OFFICE,Marijuana,4,13.412593326687
2026 (FYTD),OCT,Office of Field Operations,Southwest Border,Land Only,TUCSON FIELD OFFICE,Methamphetamine,12,886.3391367514754
2026 (FYTD),OCT,Office of Field Operations,Southwest Border,Land Only,TUCSON FIELD OFFICE,Other Drugs**,7,3.76549543496
2026 (FYTD),OCT,Office of Field Operations,Southwest Border,Other,EL PASO FIELD OFFICE,Marijuana,1,0.001322773572
2026 (FYTD),OCT,Office of Field Operations,Southwest Border,Other,EL PASO FIELD OFFICE,Other Drugs**,1,0.037699046802
2026 (FYTD),OCT,Office of Field Operations,Southwest Border,Other,LAREDO FIELD OFFICE,Cocaine,1,14.2859545776
2026 (FYTD),OCT,Office of Field Operations,Southwest Border,Other,LAREDO FIELD OFFICE,Marijuana,2,0.1749808973493999
2026 (FYTD),OCT,Office of Field Operations,Southwest Border,Other,LAREDO FIELD OFFICE,Other Drugs**,1,0.1534858268044
2026 (FYTD),OCT,Office of Field Operations,Southwest Border,Other,SAN DIEGO FIELD OFFICE,Fentanyl,1,0.099648942424
2026 (FYTD),OCT,Office of Field Operations,Southwest Border,Other,TUCSON FIELD OFFICE,Cocaine,1,0.010802650838
2026 (FYTD),OCT,Office of Field Operations,Southwest Border,Other,TUCSON FIELD OFFICE,Ecstasy,1,0.001543235834
2026 (FYTD),OCT,Office of Field Operations,Southwest Border,Other,TUCSON FIELD OFFICE,Marijuana,4,1.414926797516
2026 (FYTD),OCT,Office of Field Operations,Southwest Border,Other,TUCSON FIELD OFFICE,Methamphetamine,1,0.000440924524
2026 (FYTD),OCT,U.S. Border Patrol,Coastal/Interior,Other,MIAMI SECTOR,Cocaine,3,70.695
2026 (FYTD),OCT,U.S. Border Patrol,Coastal/Interior,Other,MIAMI SECTOR,Marijuana,3,51.7727
2026 (FYTD),OCT,U.S. Border Patrol,Coastal/Interior,Other,MIAMI SECTOR,Methamphetamine,1,0.1116
2026 (FYTD),OCT,U.S. Border Patrol,Coastal/Interior,Other,NEW ORLEANS SECTOR,Cocaine,1,0.1561
2026 (FYTD),OCT,U.S. Border Patrol,Coastal/Interior,Other,NEW ORLEANS SECTOR,Marijuana,3,17.0481
2026 (FYTD),OCT,U.S. Border Patrol,Coastal/Interior,Other,NEW ORLEANS SECTOR,Other Drugs**,1,0.7716
2026 (FYTD),OCT,U.S. Border Patrol,Coastal/Interior,Other,RAMEY SECTOR,Cocaine,1,518.175
2026 (FYTD),OCT,U.S. Border Patrol,Coastal/Interior,Other,RAMEY SECTOR,Marijuana,1,0.0088
2026 (FYTD),OCT,U.S. Border Patrol,Northern Border,Land Only,BUFFALO SECTOR,Fentanyl,1,0.0088
2026 (FYTD),OCT,U.S. Border Patrol,Northern Border,Land Only,BUFFALO SECTOR,Marijuana,5,15.0331
2026 (FYTD),OCT,U.S. Border Patrol,Northern Border,Land Only,BUFFALO SECTOR,Other Drugs**,1,0.1446
2026 (FYTD),OCT,U.S. Border Patrol,Northern Border,Land Only,DETROIT SECTOR,Marijuana,9,76.7389
2026 (FYTD),OCT,U.S. Border Patrol,Northern Border,Land Only,DETROIT SECTOR,Other Drugs**,2,4.3505
2026 (FYTD),OCT,U.S. Border Patrol,Northern Border,Land Only,HOULTON SECTOR,Marijuana,2,0.0683
2026 (FYTD),OCT,U.S. Border Patrol,Northern Border,Land Only,SPOKANE SECTOR,Fentanyl,2,2.8612
2026 (FYTD),OCT,U.S. Border Patrol,Northern Border,Land Only,SPOKANE SECTOR,Marijuana,1,1.3699
2026 (FYTD),OCT,U.S. Border Patrol,Northern Border,Land Only,SPOKANE SECTOR,Methamphetamine,1,43.2407
2026 (FYTD),OCT,U.S. Border Patrol,Northern Border,Land Only,SWANTON SECTOR,Cocaine,1,0.002
2026 (FYTD),OCT,U.S. Border Patrol,Northern Border,Land Only,SWANTON SECTOR,Marijuana,1,0.0073
2026 (FYTD),OCT,U.S. Border Patrol,Northern Border,Land Only,SWANTON SECTOR,Methamphetamine,1,0.0031
2026 (FYTD),OCT,U.S. Border Patrol,Southwest Border,Land Only,BIG BEND SECTOR,Cocaine,4,32.0713
2026 (FYTD),OCT,U.S. Border Patrol,Southwest Border,Land Only,BIG BEND SECTOR,Ecstasy,2,0.002
2026 (FYTD),OCT,U.S. Border Patrol,Southwest Border,Land Only,BIG BEND SECTOR,Marijuana,102,272.08759999999995
2026 (FYTD),OCT,U.S. Border Patrol,Southwest Border,Land Only,BIG BEND SECTOR,Methamphetamine,4,0.0503
2026 (FYTD),OCT,U.S. Border Patrol,Southwest Border,Land Only,BIG BEND SECTOR,Other Drugs**,6,1.3637
2026 (FYTD),OCT,U.S. Border Patrol,Southwest Border,Land Only,DEL RIO SECTOR,Cocaine,1,0.0071
2026 (FYTD),OCT,U.S. Border Patrol,Southwest Border,Land Only,DEL RIO SECTOR,Marijuana,14,0.2343
2026 (FYTD),OCT,U.S. Border Patrol,Southwest Border,Land Only,DEL RIO SECTOR,Methamphetamine,2,6.7453
2026 (FYTD),OCT,U.S. Border Patrol,Southwest Border,Land Only,DEL RIO SECTOR,Other Drugs**,3,3.5824000000000003
2026 (FYTD),OCT,U.S. Border Patrol,Southwest Border,Land Only,EL CENTRO SECTOR,Fentanyl,2,2.6241
2026 (FYTD),OCT,U.S. Border Patrol,Southwest Border,Land Only,EL CENTRO SECTOR,Heroin,1,0.114
2026 (FYTD),OCT,U.S. Border Patrol,Southwest Border,Land Only,EL CENTRO SECTOR,Marijuana,8,0.9676
2026 (FYTD),OCT,U.S. Border Patrol,Southwest Border,Land Only,EL CENTRO SECTOR,Methamphetamine,7,53.1332
2026 (FYTD),OCT,U.S. Border Patrol,Southwest Border,Land Only,EL PASO SECTOR,Cocaine,1,16.4493
2026 (FYTD),OCT,U.S. Border Patrol,Southwest Border,Land Only,EL PASO SECTOR,Fentanyl,2,19.4446
2026 (FYTD),OCT,U.S. Border Patrol,Southwest Border,Land Only,EL PASO SECTOR,Marijuana,4,0.0435
2026 (FYTD),OCT,U.S. Border Patrol,Southwest Border,Land Only,EL PASO SECTOR,Methamphetamine,5,29.4929
2026 (FYTD),OCT,U.S. Border Patrol,Southwest Border,Land Only,LAREDO SECTOR,Marijuana,8,34.8213
2026 (FYTD),OCT,U.S. Border Patrol,Southwest Border,Land Only,LAREDO SECTOR,Methamphetamine,1,0.0198
2026 (FYTD),OCT,U.S. Border Patrol,Southwest Border,Land Only,RIO GRANDE VALLEY SECTOR,Cocaine,4,76.648
2026 (FYTD),OCT,U.S. Border Patrol,Southwest Border,Land Only,RIO GRANDE VALLEY SECTOR,Marijuana,31,2175.0426
2026 (FYTD),OCT,U.S. Border Patrol,Southwest Border,Land Only,RIO GRANDE VALLEY SECTOR,Methamphetamine,1,0.0066
2026 (FYTD),OCT,U.S. Border Patrol,Southwest Border,Land Only,RIO GRANDE VALLEY SECTOR,Other Drugs**,3,0.0087999999999999
2026 (FYTD),OCT,U.S. Border Patrol,Southwest Border,Land Only,SAN DIEGO SECTOR,Cocaine,5,380.7619
2026 (FYTD),OCT,U.S. Border Patrol,Southwest Border,Land Only,SAN DIEGO SECTOR,Fentanyl,1,9.7002
2026 (FYTD),OCT,U.S. Border Patrol,Southwest Border,Land Only,SAN DIEGO SECTOR,Marijuana,2,42.9402
2026 (FYTD),OCT,U.S. Border Patrol,Southwest Border,Land Only,SAN DIEGO SECTOR,Methamphetamine,10,537.4076
2026 (FYTD),OCT,U.S. Border Patrol,Southwest Border,Land Only,TUCSON SECTOR,Cocaine,5,19.934500000000003
2026 (FYTD),OCT,U.S. Border Patrol,Southwest Border,Land Only,TUCSON SECTOR,Fentanyl,5,64.98219999999999
2026 (FYTD),OCT,U.S. Border Patrol,Southwest Border,Land Only,TUCSON SECTOR,Marijuana,14,49.3145
2026 (FYTD),OCT,U.S. Border Patrol,Southwest Border,Land Only,TUCSON SECTOR,Methamphetamine,9,825.631
2026 (FYTD),OCT,U.S. Border Patrol,Southwest Border,Land Only,YUMA SECTOR,Marijuana,16,0.7651
2026 (FYTD),OCT,U.S. Border Patrol,Southwest Border,Land Only,YUMA SECTOR,Methamphetamine,3,0.0054
2026 (FYTD),OCT,U.S. Border Patrol,Southwest Border,Land Only,YUMA SECTOR,Other Drugs**,1,0.0485
2023,APR,Office of Field Operations,Coastal/Interior,Other,ATLANTA FIELD OFFICE,Ecstasy,1,2.5794084654
2023,APR,Office of Field Operations,Coastal/Interior,Other,ATLANTA FIELD OFFICE,Fentanyl,1,0.56438339072
2023,APR,Office of Field Operations,Coastal/Interior,Other,ATLANTA FIELD OFFICE,Ketamine,1,2.20462262
2023,APR,Office of Field Operations,Coastal/Interior,Other,ATLANTA FIELD OFFICE,Marijuana,6,125.3666809966694
2023,APR,Office of Field Operations,Coastal/Interior,Other,ATLANTA FIELD OFFICE,Other Drugs**,3,24.3280106117
2023,APR,Office of Field Operations,Coastal/Interior,Other,BALTIMORE FIELD OFFICE,Cocaine,2,4.739938633
2023,APR,Office of Field Operations,Coastal/Interior,Other,BALTIMORE FIELD OFFICE,Ecstasy,16,4.550120625418
2023,APR,Office of Field Operations,Coastal/Interior,Other,BALTIMORE FIELD OFFICE,Fentanyl,2,6.93133351728
2023,APR,Office of Field Operations,Coastal/Interior,Other,BALTIMORE FIELD OFFICE,Heroin,1,0.008377565956
2023,APR,Office of Field Operations,Coastal/Interior,Other,BALTIMORE FIELD OFFICE,Ketamine,8,21.058114341716
2023,APR,Office of Field Operations,Coastal/Interior,Other,BALTIMORE FIELD OFFICE,Khat (Catha Edulis),1,224.7833223352
2023,APR,Office of Field Operations,Coastal/Interior,Other,BALTIMORE FIELD OFFICE,Lsd,3,0.0081571036939999
2023,APR,Office of Field Operations,Coastal/Interior,Other,BALTIMORE FIELD OFFICE,Marijuana,53,227.2708862222508
2023,APR,Office of Field Operations,Coastal/Interior,Other,BALTIMORE FIELD OFFICE,Methamphetamine,5,28.015021481388
2023,APR,Office of Field Operations,Coastal/Interior,Other,BALTIMORE FIELD OFFICE,Other Drugs**,44,116.882256982278
2023,APR,Office of Field Operations,Coastal/Interior,Other,CHICAGO FIELD OFFICE,Cocaine,16,131.6378843628428
2023,APR,Office of Field Operations,Coastal/Interior,Other,CHICAGO FIELD OFFICE,Ecstasy,37,6.3267819024236
2023,APR,Office of Field Operations,Coastal/Interior,Other,CHICAGO FIELD OFFICE,Fentanyl,2,2.425525806524
2023,APR,Office of Field Operations,Coastal/Interior,Other,CHICAGO FIELD OFFICE,Heroin,11,0.1524276079468
2023,APR,Office of Field Operations,Coastal/Interior,Other,CHICAGO FIELD OFFICE,Ketamine,44,46.6377112610162
2023,APR,Office of Field Operations,Coastal/Interior,Other,CHICAGO FIELD OFFICE,Khat (Catha Edulis),11,342.8849560886
2023,APR,Office of Field Operations,Coastal/Interior,Other,CHICAGO FIELD OFFICE,Lsd,5,0.053792791928
2023,APR,Office of Field Operations,Coastal/Interior,Other,CHICAGO FIELD OFFICE,Marijuana,353,3713.572383476022
2023,APR,Office of Field Operations,Coastal/Interior,Other,CHICAGO FIELD OFFICE,Methamphetamine,44,390.168269037657
2023,APR,Office of Field Operations,Coastal/Interior,Other,CHICAGO FIELD OFFICE,Other Drugs**,265,310.0860578453954
2023,APR,Office of Field Operations,Coastal/Interior,Other,HOUSTON FIELD OFFICE,Cocaine,4,6.1145428827962
2023,APR,Office of Field Operations,Coastal/Interior,Other,HOUSTON FIELD OFFICE,Ecstasy,1,0.002645547144
2023,APR,Office of Field Operations,Coastal/Interior,Other,HOUSTON FIELD OFFICE,Khat (Catha Edulis),1,115.081300764
2023,APR,Office of Field Operations,Coastal/Interior,Other,HOUSTON FIELD OFFICE,Lsd,1,0.001543235834
2023,APR,Office of Field Operations,Coastal/Interior,Other,HOUSTON FIELD OFFICE,Marijuana,21,7.9310637367714
2023,APR,Office of Field Operations,Coastal/Interior,Other,HOUSTON FIELD OFFICE,Methamphetamine,1,24.361079951
2023,APR,Office of Field Operations,Coastal/Interior,Other,HOUSTON FIELD OFFICE,Other Drugs**,12,23.0268864338284
2023,APR,Office of Field Operations,Coastal/Interior,Other,LOS ANGELES FIELD OFFICE,Cocaine,5,74.303278010908
2023,APR,Office of Field Operations,Coastal/Interior,Other,LOS ANGELES FIELD OFFICE,Ecstasy,9,25.5737546693572
2023,APR,Office of Field Operations,Coastal/Interior,Other,LOS ANGELES FIELD OFFICE,Fentanyl,1,0.15873282864
2023,APR,Office of Field Operations,Coastal/Interior,Other,LOS ANGELES FIELD OFFICE,Ketamine,23,85.579481787684
2023,APR,Office of Field Operations,Coastal/Interior,Other,LOS ANGELES FIELD OFFICE,Lsd,1,0.003747858454
2023,APR,Office of Field Operations,Coastal/Interior,Other,LOS ANGELES FIELD OFFICE,Marijuana,54,1736.7446884950468
2023,APR,Office of Field Operations,Coastal/Interior,Other,LOS ANGELES FIELD OFFICE,Methamphetamine,19,384.649106539618
2023,APR,Office of Field Operations,Coastal/Interior,Other,LOS ANGELES FIELD OFFICE,Other Drugs**,196,1392.8672553953752
2023,APR,Office of Field Operations,Coastal/Interior,Other,MIAMI FIELD OFFICE,Cocaine,24,83.496554336308
2023,APR,Office of Field Operations,Coastal/Interior,Other,MIAMI FIELD OFFICE,Ecstasy,11,9.5664968887398
2023,APR,Office of Field Operations,Coastal/Interior,Other,MIAMI FIELD OFFICE,Fentanyl,4,8.7413286883
2023,APR,Office of Field Operations,Coastal/Interior,Other,MIAMI FIELD OFFICE,Ketamine,9,42.290834794936
2023,APR,Office of Field Operations,Coastal/Interior,Other,MIAMI FIELD OFFICE,Lsd,4,0.50485857998
2023,APR,Office of Field Operations,Coastal/Interior,Other,MIAMI FIELD OFFICE,Marijuana,64,126.2442089843342
2023,APR,Office of Field Operations,Coastal/Interior,Other,MIAMI FIELD OFFICE,Methamphetamine,4,22.12559261432
2023,APR,Office of Field Operations,Coastal/Interior,Other,MIAMI FIELD OFFICE,Other Drugs**,633,496.777425535259
2023,APR,Office of Field Operations,Coastal/Interior,Other,NEW ORLEANS FIELD OFFICE,Cocaine,5,46.247030086526
2023,APR,Office of Field Operations,Coastal/Interior,Other,NEW ORLEANS FIELD OFFICE,Ecstasy,1,0.059304348478
2023,APR,Office of Field Operations,Coastal/Interior,Other,NEW ORLEANS FIELD OFFICE,Ketamine,19,265.623735908438
2023,APR,Office of Field Operations,Coastal/Interior,Other,NEW ORLEANS FIELD OFFICE,Lsd,1,0.026235009178
2023,APR,Office of Field Operations,Coastal/Interior,Other,NEW ORLEANS FIELD OFFICE,Marijuana,145,952.346926906526
2023,APR,Office of Field Operations,Coastal/Interior,Other,NEW ORLEANS FIELD OFFICE,Methamphetamine,25,85.947874227486
2023,APR,Office of Field Operations,Coastal/Interior,Other,NEW ORLEANS FIELD OFFICE,Other Drugs**,84,675.868290603994
2023,APR,Office of Field Operations,Coastal/Interior,Other,NEW YORK FIELD OFFICE,Cocaine,17,79.481275158502
2023,APR,Office of Field Operations,Coastal/Interior,Other,NEW YORK FIELD OFFICE,Ecstasy,62,9.355977474756
2023,APR,Office of Field Operations,Coastal/Interior,Other,NEW YORK FIELD OFFICE,Fentanyl,1,2.4912235606
2023,APR,Office of Field Operations,Coastal/Interior,Other,NEW YORK FIELD OFFICE,Heroin,4,0.035494424182
2023,APR,Office of Field Operations,Coastal/Interior,Other,NEW YORK FIELD OFFICE,Ketamine,24,90.25063619494
2023,APR,Office of Field Operations,Coastal/Interior,Other,NEW YORK FIELD OFFICE,Lsd,51,0.06944561253
2023,APR,Office of Field Operations,Coastal/Interior,Other,NEW YORK FIELD OFFICE,Marijuana,81,401.534311186198
2023,APR,Office of Field Operations,Coastal/Interior,Other,NEW YORK FIELD OFFICE,Methamphetamine,9,15.131206890108
2023,APR,Office of Field Operations,Coastal/Interior,Other,NEW YORK FIELD OFFICE,Other Drugs**,521,2976.305132442766
2023,APR,Office of Field Operations,Coastal/Interior,Other,PRECLEARANCE FIELD OFFICE,Ecstasy,1,0.000440924524
2023,APR,Office of Field Operations,Coastal/Interior,Other,PRECLEARANCE FIELD OFFICE,Lsd,2,0.014991433816
2023,APR,Office of Field Operations,Coastal/Interior,Other,PRECLEARANCE FIELD OFFICE,Marijuana,33,2.6055773358994
2023,APR,Office of Field Operations,Coastal/Interior,Other,PRECLEARANCE FIELD OFFICE,Other Drugs**,8,1.970271235494
2023,APR,Office of Field Operations,Coastal/Interior,Other,SAN FRANCISCO FIELD OFFICE,Cocaine,3,3.971407187668
2023,APR,Office of Field Operations,Coastal/Interior,Other,SAN FRANCISCO FIELD OFFICE,Ketamine,1,0.000440924524
2023,APR,Office of Field Operations,Coastal/Interior,Other,SAN FRANCISCO FIELD OFFICE,Khat (Catha Edulis),2,27.623921428600003
2023,APR,Office of Field Operations,Coastal/Interior,Other,SAN FRANCISCO FIELD OFFICE,Marijuana,24,614.366815222902
2023,APR,Office of Field Operations,Coastal/Interior,Other,SAN FRANCISCO FIELD OFFICE,Methamphetamine,32,618.908778744626
2023,APR,Office of Field Operations,Coastal/Interior,Other,SAN FRANCISCO FIELD OFFICE,Other Drugs**,12,77.2006151043382
2023,APR,Office of Field Operations,Coastal/Interior,Other,SAN JUAN FIELD OFFICE,Cocaine,8,75.61899679052401
2023,APR,Office of Field Operations,Coastal/Interior,Other,SAN JUAN FIELD OFFICE,Fentanyl,1,0.250445129632
2023,APR,Office of Field Operations,Coastal/Interior,Other,SAN JUAN FIELD OFFICE,Marijuana,80,134.80716165645
2023,APR,Office of Field Operations,Coastal/Interior,Other,SAN JUAN FIELD OFFICE,Methamphetamine,2,0.016314207388
2023,APR,Office of Field Operations,Coastal/Interior,Other,SAN JUAN FIELD OFFICE,Other Drugs**,13,76.11635965359599
2023,APR,Office of Field Operations,Coastal/Interior,Other,TAMPA FIELD OFFICE,Ecstasy,1,0.0015211896078
2023,APR,Office of Field Operations,Coastal/Interior,Other,TAMPA FIELD OFFICE,Fentanyl,1,12.0923550707
2023,APR,Office of Field Operations,Coastal/Interior,Other,TAMPA FIELD OFFICE,Marijuana,14,1.3450182142358
2023,APR,Office of Field Operations,Coastal/Interior,Other,TAMPA FIELD OFFICE,Other Drugs**,15,2.9498512042386
2023,APR,Office of Field Operations,Northern Border,Land Only,BOSTON FIELD OFFICE,Cocaine,1,0.000440924524
2023,APR,Office of Field Operations,Northern Border,Land Only,BOSTON FIELD OFFICE,Marijuana,31,3.7824489829078
2023,APR,Office of Field Operations,Northern Border,Land Only,BOSTON FIELD OFFICE,Methamphetamine,1,0.027337320488
2023,APR,Office of Field Operations,Northern Border,Land Only,BOSTON FIELD OFFICE,Other Drugs**,8,0.2367103307094
2023,APR,Office of Field Operations,Northern Border,Land Only,BUFFALO FIELD OFFICE,Cocaine,1,0.000440924524
2023,APR,Office of Field Operations,Northern Border,Land Only,BUFFALO FIELD OFFICE,Marijuana,55,22.2756612760634
2023,APR,Office of Field Operations,Northern Border,Land Only,BUFFALO FIELD OFFICE,Other Drugs**,6,1.076737687608
2023,APR,Office of Field Operations,Northern Border,Land Only,DETROIT FIELD OFFICE,Cocaine,1,0.0040344593946
2023,APR,Office of Field Operations,Northern Border,Land Only,DETROIT FIELD OFFICE,Ecstasy,1,0.013007273458
2023,APR,Office of Field Operations,Northern Border,Land Only,DETROIT FIELD OFFICE,Marijuana,93,3185.238166127893
2023,APR,Office of Field Operations,Northern Border,Land Only,DETROIT FIELD OFFICE,Methamphetamine,1,0.043320834483
2023,APR,Office of Field Operations,Northern Border,Land Only,DETROIT FIELD OFFICE,Other Drugs**,48,6.1950116084262
2023,APR,Office of Field Operations,Northern Border,Land Only,SEATTLE FIELD OFFICE,Cocaine,4,0.0052470018356
2023,APR,Office of Field Operations,Northern Border,Land Only,SEATTLE FIELD OFFICE,Fentanyl,1,0.03086471668
2023,APR,Office of Field Operations,Northern Border,Land Only,SEATTLE FIELD OFFICE,Ketamine,1,0.0854511727512
2023,APR,Office of Field Operations,Northern Border,Land Only,SEATTLE FIELD OFFICE,Lsd,2,0.0011243575362
2023,APR,Office of Field Operations,Northern Border,Land Only,SEATTLE FIELD OFFICE,Marijuana,80,11.8036156461586
2023,APR,Office of Field Operations,Northern Border,Land Only,SEATTLE FIELD OFFICE,Methamphetamine,1,0.001322773572
2023,APR,Office of Field Operations,Northern Border,Land Only,SEATTLE FIELD OFFICE,Other Drugs**,5,1.573218701632
2023,APR,Office of Field Operations,Northern Border,Other,BOSTON FIELD OFFICE,Fentanyl,1,0.027116858226
2023,APR,Office of Field Operations,Northern Border,Other,BOSTON FIELD OFFICE,Marijuana,3,42.4418955368584
2023,APR,Office of Field Operations,Northern Border,Other,BOSTON FIELD OFFICE,Other Drugs**,7,55.588897976514
2023,APR,Office of Field Operations,Northern Border,Other,BUFFALO FIELD OFFICE,Cocaine,1,0.025132697868
2023,APR,Office of Field Operations,Northern Border,Other,BUFFALO FIELD OFFICE,Other Drugs**,7,6.1156011016538
2023,APR,Office of Field Operations,Northern Border,Other,DETROIT FIELD OFFICE,Ecstasy,1,0.001322773572
2023,APR,Office of Field Operations,Northern Border,Other,DETROIT FIELD OFFICE,Lsd,4,0.536605145708
2023,APR,Office of Field Operations,Northern Border,Other,DETROIT FIELD OFFICE,Marijuana,13,22.441515035766
2023,APR,Office of Field Operations,Northern Border,Other,DETROIT FIELD OFFICE,Other Drugs**,24,3.042709908993
2023,APR,Office of Field Operations,Northern Border,Other,PORTLAND FIELD OFFICE,Marijuana,3,22.6524974205
2023,APR,Office of Field Operations,Northern Border,Other,PORTLAND FIELD OFFICE,Other Drugs**,13,270.5385672538826
2023,APR,Office of Field Operations,Northern Border,Other,SEATTLE FIELD OFFICE,Ecstasy,1,1.368188797972
2023,APR,Office of Field Operations,Northern Border,Other,SEATTLE FIELD OFFICE,Marijuana,4,17.2017002699072
2023,APR,Office of Field Operations,Northern Border,Other,SEATTLE FIELD OFFICE,Methamphetamine,1,0.01653466965
2023,APR,Office of Field Operations,Southwest Border,Land Only,EL PASO FIELD OFFICE,Cocaine,11,100.1356349135912
2023,APR,Office of Field Operations,Southwest Border,Land Only,EL PASO FIELD OFFICE,Fentanyl,7,28.9195340499216
2023,APR,Office of Field Operations,Southwest Border,Land Only,EL PASO FIELD OFFICE,Heroin,2,0.81019881285
2023,APR,Office of Field Operations,Southwest Border,Land Only,EL PASO FIELD OFFICE,Marijuana,55,7.093020540230801
2023,APR,Office of Field Operations,Southwest Border,Land Only,EL PASO FIELD OFFICE,Methamphetamine,7,50.4641865576454
2023,APR,Office of Field Operations,Southwest Border,Land Only,EL PASO FIELD OFFICE,Other Drugs**,14,1.8015955588378
2023,APR,Office of Field Operations,Southwest Border,Land Only,LAREDO FIELD OFFICE,Cocaine,26,751.7002318933838
2023,APR,Office of Field Operations,Southwest Border,Land Only,LAREDO FIELD OFFICE,Fentanyl,1,9.1271376468
2023,APR,Office of Field Operations,Southwest Border,Land Only,LAREDO FIELD OFFICE,Marijuana,16,0.3728237312682
2023,APR,Office of Field Operations,Southwest Border,Land Only,LAREDO FIELD OFFICE,Methamphetamine,8,831.8370515879424
2023,APR,Office of Field Operations,Southwest Border,Land Only,LAREDO FIELD OFFICE,Other Drugs**,16,4.357546839561
2023,APR,Office of Field Operations,Southwest Border,Land Only,SAN DIEGO FIELD OFFICE,Cocaine,30,806.803032628414
2023,APR,Office of Field Operations,Southwest Border,Land Only,SAN DIEGO FIELD OFFICE,Fentanyl,53,2172.6280342272503
2023,APR,Office of Field Operations,Southwest Border,Land Only,SAN DIEGO FIELD OFFICE,Heroin,9,50.82536988148
2023,APR,Office of Field Operations,Southwest Border,Land Only,SAN DIEGO FIELD OFFICE,Marijuana,62,3.2602620691346003
2023,APR,Office of Field Operations,Southwest Border,Land Only,SAN DIEGO FIELD OFFICE,Methamphetamine,66,3507.093160905634
2023,APR,Office of Field Operations,Southwest Border,Land Only,SAN DIEGO FIELD OFFICE,Other Drugs**,34,52.178346783374
2023,APR,Office of Field Operations,Southwest Border,Land Only,TUCSON FIELD OFFICE,Cocaine,8,150.18063452626978
2023,APR,Office of Field Operations,Southwest Border,Land Only,TUCSON FIELD OFFICE,Fentanyl,26,838.7066336256366
2023,APR,Office of Field Operations,Southwest Border,Land Only,TUCSON FIELD OFFICE,Heroin,1,1.671985795008
2023,APR,Office of Field Operations,Southwest Border,Land Only,TUCSON FIELD OFFICE,Marijuana,12,0.755524171874
2023,APR,Office of Field Operations,Southwest Border,Land Only,TUCSON FIELD OFFICE,Methamphetamine,18,320.7422115102964
2023,APR,Office of Field Operations,Southwest Border,Land Only,TUCSON FIELD OFFICE,Other Drugs**,5,0.4727592746328
2023,APR,Office of Field Operations,Southwest Border,Other,EL PASO FIELD OFFICE,Fentanyl,1,0.10031032921
2023,APR,Office of Field Operations,Southwest Border,Other,EL PASO FIELD OFFICE,Marijuana,1,0.00220462262
2023,APR,Office of Field Operations,Southwest Border,Other,LAREDO FIELD OFFICE,Methamphetamine,1,5.5997414548
2023,APR,Office of Field Operations,Southwest Border,Other,LAREDO FIELD OFFICE,Other Drugs**,1,0.061178277705
2023,APR,Office of Field Operations,Southwest Border,Other,SAN DIEGO FIELD OFFICE,Fentanyl,1,0.221123648786
2023,APR,Office of Field Operations,Southwest Border,Other,TUCSON FIELD OFFICE,Fentanyl,1,0.033510263824
2023,APR,U.S. Border Patrol,Coastal/Interior,Other,MIAMI SECTOR,Cocaine,5,47.7809
2023,APR,U.S. Border Patrol,Coastal/Interior,Other,MIAMI SECTOR,Ecstasy,1,0.0044
2023,APR,U.S. Border Patrol,Coastal/Interior,Other,MIAMI SECTOR,Marijuana,4,19.3183
2023,APR,U.S. Border Patrol,Coastal/Interior,Other,MIAMI SECTOR,Methamphetamine,1,0.0018
2023,APR,U.S. Border Patrol,Coastal/Interior,Other,MIAMI SECTOR,Other Drugs**,2,0.2369
2023,APR,U.S. Border Patrol,Coastal/Interior,Other,RAMEY SECTOR,Cocaine,1,458.64
2023,APR,U.S. Border Patrol,Coastal/Interior,Other,RAMEY SECTOR,Marijuana,1,0.0093
2023,APR,U.S. Border Patrol,Northern Border,Land Only,BLAINE SECTOR,Marijuana,1,0.0077
2023,APR,U.S. Border Patrol,Northern Border,Land Only,BUFFALO SECTOR,Marijuana,2,4.9873
2023,APR,U.S. Border Patrol,Northern Border,Land Only,BUFFALO SECTOR,Other Drugs**,1,239.457
2023,APR,U.S. Border Patrol,Northern Border,Land Only,DETROIT SECTOR,Cocaine,1,0.0463
2023,APR,U.S. Border Patrol,Northern Border,Land Only,DETROIT SECTOR,Ecstasy,1,38.6268
2023,APR,U.S. Border Patrol,Northern Border,Land Only,DETROIT SECTOR,Marijuana,4,32.6891
2023,APR,U.S. Border Patrol,Northern Border,Land Only,DETROIT SECTOR,Methamphetamine,3,2.5975
2023,APR,U.S. Border Patrol,Northern Border,Land Only,DETROIT SECTOR,Other Drugs**,2,18.8372
2023,APR,U.S. Border Patrol,Northern Border,Land Only,HAVRE SECTOR,Marijuana,1,0.0058
2023,APR,U.S. Border Patrol,Northern Border,Land Only,HAVRE SECTOR,Methamphetamine,1,1.8399
2023,APR,U.S. Border Patrol,Northern Border,Land Only,HOULTON SECTOR,Cocaine,1,0.0317
2023,APR,U.S. Border Patrol,Northern Border,Land Only,HOULTON SECTOR,Fentanyl,1,0.0245
2023,APR,U.S. Border Patrol,Northern Border,Land Only,HOULTON SECTOR,Marijuana,2,0.1631
2023,APR,U.S. Border Patrol,Northern Border,Land Only,HOULTON SECTOR,Methamphetamine,1,0.0344
2023,APR,U.S. Border Patrol,Northern Border,Land Only,HOULTON SECTOR,Other Drugs**,1,0.2886
2023,APR,U.S. Border Patrol,Northern Border,Land Only,SPOKANE SECTOR,Marijuana,1,0.0
2023,APR,U.S. Border Patrol,Northern Border,Land Only,SPOKANE SECTOR,Methamphetamine,2,179.9838
2023,APR,U.S. Border Patrol,Northern Border,Land Only,SWANTON SECTOR,Cocaine,1,0.0046
2023,APR,U.S. Border Patrol,Northern Border,Land Only,SWANTON SECTOR,Marijuana,2,0.0617999999999999
2023,APR,U.S. Border Patrol,Northern Border,Land Only,SWANTON SECTOR,Other Drugs**,2,0.0088
2023,APR,U.S. Border Patrol,Southwest Border,Land Only,BIG BEND SECTOR,Cocaine,1,0.0
2023,APR,U.S. Border Patrol,Southwest Border,Land Only,BIG BEND SECTOR,Ecstasy,1,0.0066
2023,APR,U.S. Border Patrol,Southwest Border,Land Only,BIG BEND SECTOR,Fentanyl,1,31.7198
2023,APR,U.S. Border Patrol,Southwest Border,Land Only,BIG BEND SECTOR,Heroin,1,0.0
2023,APR,U.S. Border Patrol,Southwest Border,Land Only,BIG BEND SECTOR,Marijuana,51,611.6704000000001
2023,APR,U.S. Border Patrol,Southwest Border,Land Only,BIG BEND SECTOR,Methamphetamine,5,0.1167999999999999
2023,APR,U.S. Border Patrol,Southwest Border,Land Only,BIG BEND SECTOR,Other Drugs**,4,1.6004999999999998
2023,APR,U.S. Border Patrol,Southwest Border,Land Only,DEL RIO SECTOR,Cocaine,3,0.0094
2023,APR,U.S. Border Patrol,Southwest Border,Land Only,DEL RIO SECTOR,Marijuana,6,0.1734
2023,APR,U.S. Border Patrol,Southwest Border,Land Only,DEL RIO SECTOR,Methamphetamine,2,0.0143
2023,APR,U.S. Border Patrol,Southwest Border,Land Only,EL CENTRO SECTOR,Cocaine,1,2.399
2023,APR,U.S. Border Patrol,Southwest Border,Land Only,EL CENTRO SECTOR,Fentanyl,2,13.6994
2023,APR,U.S. Border Patrol,Southwest Border,Land Only,EL CENTRO SECTOR,Marijuana,9,27.555300000000003
2023,APR,U.S. Border Patrol,Southwest Border,Land Only,EL CENTRO SECTOR,Methamphetamine,2,626.0015
2023,APR,U.S. Border Patrol,Southwest Border,Land Only,EL PASO SECTOR,Cocaine,3,1.0123
2023,APR,U.S. Border Patrol,Southwest Border,Land Only,EL PASO SECTOR,Ecstasy,1,0.0011
2023,APR,U.S. Border Patrol,Southwest Border,Land Only,EL PASO SECTOR,Fentanyl,6,0.8375
2023,APR,U.S. Border Patrol,Southwest Border,Land Only,EL PASO SECTOR,Heroin,2,0.0409
2023,APR,U.S. Border Patrol,Southwest Border,Land Only,EL PASO SECTOR,Marijuana,25,68.2448
2023,APR,U.S. Border Patrol,Southwest Border,Land Only,EL PASO SECTOR,Methamphetamine,8,1.077
2023,APR,U.S. Border Patrol,Southwest Border,Land Only,EL PASO SECTOR,Other Drugs**,8,4.5817
2023,APR,U.S. Border Patrol,Southwest Border,Land Only,LAREDO SECTOR,Cocaine,2,0.0022
2023,APR,U.S. Border Patrol,Southwest Border,Land Only,LAREDO SECTOR,Marijuana,17,754.6287
2023,APR,U.S. Border Patrol,Southwest Border,Land Only,LAREDO SECTOR,Methamphetamine,1,0.0132
2023,APR,U.S. Border Patrol,Southwest Border,Land Only,LAREDO SECTOR,Other Drugs**,2,0.0265
2023,APR,U.S. Border Patrol,Southwest Border,Land Only,RIO GRANDE VALLEY SECTOR,Cocaine,9,162.9838
2023,APR,U.S. Border Patrol,Southwest Border,Land Only,RIO GRANDE VALLEY SECTOR,Marijuana,32,659.8878
2023,APR,U.S. Border Patrol,Southwest Border,Land Only,RIO GRANDE VALLEY SECTOR,Methamphetamine,2,0.0485
2023,APR,U.S. Border Patrol,Southwest Border,Land Only,RIO GRANDE VALLEY SECTOR,Other Drugs**,6,1.3106
2023,APR,U.S. Border Patrol,Southwest Border,Land Only,SAN DIEGO SECTOR,Cocaine,3,96.4313
2023,APR,U.S. Border Patrol,Southwest Border,Land Only,SAN DIEGO SECTOR,Ecstasy,2,0.0046
2023,APR,U.S. Border Patrol,Southwest Border,Land Only,SAN DIEGO SECTOR,Fentanyl,2,49.5001
2023,APR,U.S. Border Patrol,Southwest Border,Land Only,SAN DIEGO SECTOR,Heroin,2,10.2293
2023,APR,U.S. Border Patrol,Southwest Border,Land Only,SAN DIEGO SECTOR,Marijuana,6,5.1265
2023,APR,U.S. Border Patrol,Southwest Border,Land Only,SAN DIEGO SECTOR,Methamphetamine,6,139.9078
2023,APR,U.S. Border Patrol,Southwest Border,Land Only,TUCSON SECTOR,Cocaine,5,1.0484
2023,APR,U.S. Border Patrol,Southwest Border,Land Only,TUCSON SECTOR,Fentanyl,13,40.9095
2023,APR,U.S. Border Patrol,Southwest Border,Land Only,TUCSON SECTOR,Heroin,2,0.0066
2023,APR,U.S. Border Patrol,Southwest Border,Land Only,TUCSON SECTOR,Marijuana,52,2.0564
2023,APR,U.S. Border Patrol,Southwest Border,Land Only,TUCSON SECTOR,Methamphetamine,12,85.4496
2023,APR,U.S. Border Patrol,Southwest Border,Land Only,TUCSON SECTOR,Other Drugs**,7,0.2468
2023,APR,U.S. Border Patrol,Southwest Border,Land Only,YUMA SECTOR,Fentanyl,2,0.1758999999999999
2023,APR,U.S. Border Patrol,Southwest Border,Land Only,YUMA SECTOR,Marijuana,25,1.4594
2023,APR,U.S. Border Patrol,Southwest Border,Land Only,YUMA SECTOR,Methamphetamine,2,0.018
2023,APR,U.S. Border Patrol,Southwest Border,Land Only,YUMA SECTOR,Other Drugs**,4,0.2578
2023,AUG,Office of Field Operations,Coastal/Interior,Other,ATLANTA FIELD OFFICE,Cocaine,1,6.9225150268
2023,AUG,Office of Field Operations,Coastal/Interior,Other,ATLANTA FIELD OFFICE,Marijuana,2,0.0890447076218
2023,AUG,Office of Field Operations,Coastal/Interior,Other,ATLANTA FIELD OFFICE,Other Drugs**,3,0.06503636729
2023,AUG,Office of Field Operations,Coastal/Interior,Other,BALTIMORE FIELD OFFICE,Cocaine,3,16.0827220129
2023,AUG,Office of Field Operations,Coastal/Interior,Other,BALTIMORE FIELD OFFICE,Ecstasy,6,1.329166977598
2023,AUG,Office of Field Operations,Coastal/Interior,Other,BALTIMORE FIELD OFFICE,Heroin,1,0.11243575362
2023,AUG,Office of Field Operations,Coastal/Interior,Other,BALTIMORE FIELD OFFICE,Ketamine,2,2.3417501469640003
2023,AUG,Office of Field Operations,Coastal/Interior,Other,BALTIMORE FIELD OFFICE,Marijuana,91,111.3011666348432
2023,AUG,Office of Field Operations,Coastal/Interior,Other,BALTIMORE FIELD OFFICE,Methamphetamine,2,1.437854872764
2023,AUG,Office of Field Operations,Coastal/Interior,Other,BALTIMORE FIELD OFFICE,Other Drugs**,86,121.246086996306
2023,AUG,Office of Field Operations,Coastal/Interior,Other,CHICAGO FIELD OFFICE,Cocaine,20,143.777330172706
2023,AUG,Office of Field Operations,Coastal/Interior,Other,CHICAGO FIELD OFFICE,Ecstasy,51,12.0057795404126
2023,AUG,Office of Field Operations,Coastal/Interior,Other,CHICAGO FIELD OFFICE,Fentanyl,3,7.908863186988
2023,AUG,Office of Field Operations,Coastal/Interior,Other,CHICAGO FIELD OFFICE,Heroin,3,0.0646174889922
2023,AUG,Office of Field Operations,Coastal/Interior,Other,CHICAGO FIELD OFFICE,Ketamine,42,111.4190698525608
2023,AUG,Office of Field Operations,Coastal/Interior,Other,CHICAGO FIELD OFFICE,Khat (Catha Edulis),4,88.736060455
2023,AUG,Office of Field Operations,Coastal/Interior,Other,CHICAGO FIELD OFFICE,Lsd,5,0.0208116375328
2023,AUG,Office of Field Operations,Coastal/Interior,Other,CHICAGO FIELD OFFICE,Marijuana,396,2805.560549735053
2023,AUG,Office of Field Operations,Coastal/Interior,Other,CHICAGO FIELD OFFICE,Methamphetamine,46,492.5360402615458
2023,AUG,Office of Field Operations,Coastal/Interior,Other,CHICAGO FIELD OFFICE,Other Drugs**,241,492.8869720901974
2023,AUG,Office of Field Operations,Coastal/Interior,Other,HOUSTON FIELD OFFICE,Marijuana,35,16.4093589002792
2023,AUG,Office of Field Operations,Coastal/Interior,Other,HOUSTON FIELD OFFICE,Methamphetamine,1,0.012786811196
2023,AUG,Office of Field Operations,Coastal/Interior,Other,HOUSTON FIELD OFFICE,Other Drugs**,23,11.987745727381
2023,AUG,Office of Field Operations,Coastal/Interior,Other,LOS ANGELES FIELD OFFICE,Cocaine,4,1.6980003419239995
2023,AUG,Office of Field Operations,Coastal/Interior,Other,LOS ANGELES FIELD OFFICE,Ecstasy,3,0.36706966623
2023,AUG,Office of Field Operations,Coastal/Interior,Other,LOS ANGELES FIELD OFFICE,Ketamine,7,31.417856495358
2023,AUG,Office of Field Operations,Coastal/Interior,Other,LOS ANGELES FIELD OFFICE,Khat (Catha Edulis),1,506.842740338
2023,AUG,Office of Field Operations,Coastal/Interior,Other,LOS ANGELES FIELD OFFICE,Lsd,9,0.187613384962
2023,AUG,Office of Field Operations,Coastal/Interior,Other,LOS ANGELES FIELD OFFICE,Marijuana,47,788.0198242758236
2023,AUG,Office of Field Operations,Coastal/Interior,Other,LOS ANGELES FIELD OFFICE,Methamphetamine,26,628.9347410336
2023,AUG,Office of Field Operations,Coastal/Interior,Other,LOS ANGELES FIELD OFFICE,Other Drugs**,276,1374.960406580461
2023,AUG,Office of Field Operations,Coastal/Interior,Other,MIAMI FIELD OFFICE,Cocaine,29,519.2447567019052
2023,AUG,Office of Field Operations,Coastal/Interior,Other,MIAMI FIELD OFFICE,Ecstasy,6,0.637356399442
2023,AUG,Office of Field Operations,Coastal/Interior,Other,MIAMI FIELD OFFICE,Fentanyl,2,18.0117668054
2023,AUG,Office of Field Operations,Coastal/Interior,Other,MIAMI FIELD OFFICE,Ketamine,10,33.275030590446
2023,AUG,Office of Field Operations,Coastal/Interior,Other,MIAMI FIELD OFFICE,Khat (Catha Edulis),1,0.10582188576
2023,AUG,Office of Field Operations,Coastal/Interior,Other,MIAMI FIELD OFFICE,Marijuana,54,147.7073565937966
2023,AUG,Office of Field Operations,Coastal/Interior,Other,MIAMI FIELD OFFICE,Methamphetamine,1,0.24912235606
2023,AUG,Office of Field Operations,Coastal/Interior,Other,MIAMI FIELD OFFICE,Other Drugs**,488,470.008126065302
2023,AUG,Office of Field Operations,Coastal/Interior,Other,NEW ORLEANS FIELD OFFICE,Cocaine,13,43.262632445832
2023,AUG,Office of Field Operations,Coastal/Interior,Other,NEW ORLEANS FIELD OFFICE,Ecstasy,1,2.20462262e-05
2023,AUG,Office of Field Operations,Coastal/Interior,Other,NEW ORLEANS FIELD OFFICE,Fentanyl,2,4.960400894999999
2023,AUG,Office of Field Operations,Coastal/Interior,Other,NEW ORLEANS FIELD OFFICE,Ketamine,18,133.89885713701
2023,AUG,Office of Field Operations,Coastal/Interior,Other,NEW ORLEANS FIELD OFFICE,Lsd,1,0.02866009406
2023,AUG,Office of Field Operations,Coastal/Interior,Other,NEW ORLEANS FIELD OFFICE,Marijuana,218,1575.554940222414
2023,AUG,Office of Field Operations,Coastal/Interior,Other,NEW ORLEANS FIELD OFFICE,Methamphetamine,18,206.267137874344
2023,AUG,Office of Field Operations,Coastal/Interior,Other,NEW ORLEANS FIELD OFFICE,Other Drugs**,126,185.160521834988
2023,AUG,Office of Field Operations,Coastal/Interior,Other,NEW YORK FIELD OFFICE,Cocaine,13,13.89463406255
2023,AUG,Office of Field Operations,Coastal/Interior,Other,NEW YORK FIELD OFFICE,Ecstasy,77,4.8865680834562
2023,AUG,Office of Field Operations,Coastal/Interior,Other,NEW YORK FIELD OFFICE,Fentanyl,5,14.72798141291
2023,AUG,Office of Field Operations,Coastal/Interior,Other,NEW YORK FIELD OFFICE,Heroin,10,0.067020527648
2023,AUG,Office of Field Operations,Coastal/Interior,Other,NEW YORK FIELD OFFICE,Ketamine,16,57.721208974578
2023,AUG,Office of Field Operations,Coastal/Interior,Other,NEW YORK FIELD OFFICE,Lsd,42,0.0874573793354
2023,AUG,Office of Field Operations,Coastal/Interior,Other,NEW YORK FIELD OFFICE,Marijuana,245,684.194929777472
2023,AUG,Office of Field Operations,Coastal/Interior,Other,NEW YORK FIELD OFFICE,Methamphetamine,9,4.931299876416
2023,AUG,Office of Field Operations,Coastal/Interior,Other,NEW YORK FIELD OFFICE,Other Drugs**,642,4840.777696852955
2023,AUG,Office of Field Operations,Coastal/Interior,Other,PRECLEARANCE FIELD OFFICE,Cocaine,1,0.000330693393
2023,AUG,Office of Field Operations,Coastal/Interior,Other,PRECLEARANCE FIELD OFFICE,Ecstasy,1,0.00220462262
2023,AUG,Office of Field Operations,Coastal/Interior,Other,PRECLEARANCE FIELD OFFICE,Ketamine,1,0.01543235834
2023,AUG,Office of Field Operations,Coastal/Interior,Other,PRECLEARANCE FIELD OFFICE,Marijuana,32,1.7842672250446
2023,AUG,Office of Field Operations,Coastal/Interior,Other,PRECLEARANCE FIELD OFFICE,Methamphetamine,1,0.00220462262
2023,AUG,Office of Field Operations,Coastal/Interior,Other,PRECLEARANCE FIELD OFFICE,Other Drugs**,9,0.3233960921278
2023,AUG,Office of Field Operations,Coastal/Interior,Other,SAN FRANCISCO FIELD OFFICE,Ketamine,1,0.001984160358
2023,AUG,Office of Field Operations,Coastal/Interior,Other,SAN FRANCISCO FIELD OFFICE,Khat (Catha Edulis),2,521.172787368
2023,AUG,Office of Field Operations,Coastal/Interior,Other,SAN FRANCISCO FIELD OFFICE,Lsd,1,0.015873282864
2023,AUG,Office of Field Operations,Coastal/Interior,Other,SAN FRANCISCO FIELD OFFICE,Marijuana,30,18.1944859281456
2023,AUG,Office of Field Operations,Coastal/Interior,Other,SAN FRANCISCO FIELD OFFICE,Methamphetamine,61,450.6431839419722
2023,AUG,Office of Field Operations,Coastal/Interior,Other,SAN FRANCISCO FIELD OFFICE,Other Drugs**,13,481.4233753907214
2023,AUG,Office of Field Operations,Coastal/Interior,Other,SAN JUAN FIELD OFFICE,Cocaine,8,1967.181677354332
2023,AUG,Office of Field Operations,Coastal/Interior,Other,SAN JUAN FIELD OFFICE,Marijuana,46,147.215218686334
2023,AUG,Office of Field Operations,Coastal/Interior,Other,SAN JUAN FIELD OFFICE,Methamphetamine,1,0.046737999544
2023,AUG,Office of Field Operations,Coastal/Interior,Other,SAN JUAN FIELD OFFICE,Other Drugs**,7,21.378446008402
2023,AUG,Office of Field Operations,Coastal/Interior,Other,TAMPA FIELD OFFICE,Cocaine,1,2.535316013
2023,AUG,Office of Field Operations,Coastal/Interior,Other,TAMPA FIELD OFFICE,Marijuana,21,36.6564366725496
2023,AUG,Office of Field Operations,Coastal/Interior,Other,TAMPA FIELD OFFICE,Other Drugs**,12,5.0968890814042
2023,AUG,Office of Field Operations,Northern Border,Land Only,BOSTON FIELD OFFICE,Cocaine,3,0.024471311082
2023,AUG,Office of Field Operations,Northern Border,Land Only,BOSTON FIELD OFFICE,Heroin,1,0.009479877266
2023,AUG,Office of Field Operations,Northern Border,Land Only,BOSTON FIELD OFFICE,Lsd,1,0.000440924524
2023,AUG,Office of Field Operations,Northern Border,Land Only,BOSTON FIELD OFFICE,Marijuana,45,1444.1904070182252
2023,AUG,Office of Field Operations,Northern Border,Land Only,BOSTON FIELD OFFICE,Methamphetamine,1,0.002866009406
2023,AUG,Office of Field Operations,Northern Border,Land Only,BOSTON FIELD OFFICE,Other Drugs**,11,1.1317209757508
2023,AUG,Office of Field Operations,Northern Border,Land Only,BUFFALO FIELD OFFICE,Cocaine,2,0.001543235834
2023,AUG,Office of Field Operations,Northern Border,Land Only,BUFFALO FIELD OFFICE,Ecstasy,2,0.01873929227
2023,AUG,Office of Field Operations,Northern Border,Land Only,BUFFALO FIELD OFFICE,Marijuana,56,9.5838031763068
2023,AUG,Office of Field Operations,Northern Border,Land Only,BUFFALO FIELD OFFICE,Methamphetamine,1,0.005952481074
2023,AUG,Office of Field Operations,Northern Border,Land Only,BUFFALO FIELD OFFICE,Other Drugs**,5,0.380738326474
2023,AUG,Office of Field Operations,Northern Border,Land Only,DETROIT FIELD OFFICE,Cocaine,1,0.000440924524
2023,AUG,Office of Field Operations,Northern Border,Land Only,DETROIT FIELD OFFICE,Ecstasy,1,0.0039242282636
2023,AUG,Office of Field Operations,Northern Border,Land Only,DETROIT FIELD OFFICE,Lsd,1,0.0034833037396
2023,AUG,Office of Field Operations,Northern Border,Land Only,DETROIT FIELD OFFICE,Marijuana,121,9.7587399812038
2023,AUG,Office of Field Operations,Northern Border,Land Only,DETROIT FIELD OFFICE,Other Drugs**,77,8.5836761247438
2023,AUG,Office of Field Operations,Northern Border,Land Only,SEATTLE FIELD OFFICE,Ketamine,1,0.0016314207388
2023,AUG,Office of Field Operations,Northern Border,Land Only,SEATTLE FIELD OFFICE,Lsd,1,0.122577017672
2023,AUG,Office of Field Operations,Northern Border,Land Only,SEATTLE FIELD OFFICE,Marijuana,122,9.1847223896344
2023,AUG,Office of Field Operations,Northern Border,Land Only,SEATTLE FIELD OFFICE,Methamphetamine,3,0.021274608283
2023,AUG,Office of Field Operations,Northern Border,Land Only,SEATTLE FIELD OFFICE,Other Drugs**,12,1.5742769204896
2023,AUG,Office of Field Operations,Northern Border,Other,BOSTON FIELD OFFICE,Lsd,1,0.00220462262
2023,AUG,Office of Field Operations,Northern Border,Other,BOSTON FIELD OFFICE,Marijuana,5,2.395983863416
2023,AUG,Office of Field Operations,Northern Border,Other,BOSTON FIELD OFFICE,Other Drugs**,5,14.611136414050002
2023,AUG,Office of Field Operations,Northern Border,Other,BUFFALO FIELD OFFICE,Marijuana,11,25.585306891886
2023,AUG,Office of Field Operations,Northern Border,Other,BUFFALO FIELD OFFICE,Other Drugs**,4,0.0558210447384
2023,AUG,Office of Field Operations,Northern Border,Other,DETROIT FIELD OFFICE,Ketamine,2,3.7784806621918
2023,AUG,Office of Field Operations,Northern Border,Other,DETROIT FIELD OFFICE,Marijuana,21,125.0899126729546
2023,AUG,Office of Field Operations,Northern Border,Other,DETROIT FIELD OFFICE,Other Drugs**,18,8.2940328049282
2023,AUG,Office of Field Operations,Northern Border,Other,PORTLAND FIELD OFFICE,Marijuana,2,2.26414743074
2023,AUG,Office of Field Operations,Northern Border,Other,PORTLAND FIELD OFFICE,Methamphetamine,1,0.47178924068
2023,AUG,Office of Field Operations,Northern Border,Other,PORTLAND FIELD OFFICE,Other Drugs**,4,75.75083322319999
2023,AUG,Office of Field Operations,Northern Border,Other,SEATTLE FIELD OFFICE,Khat (Catha Edulis),1,6830.1633852482
2023,AUG,Office of Field Operations,Northern Border,Other,SEATTLE FIELD OFFICE,Marijuana,14,3.0560258296178
2023,AUG,Office of Field Operations,Northern Border,Other,SEATTLE FIELD OFFICE,Other Drugs**,6,1.0119879212586
2023,AUG,Office of Field Operations,Southwest Border,Land Only,EL PASO FIELD OFFICE,Cocaine,10,116.764750596632
2023,AUG,Office of Field Operations,Southwest Border,Land Only,EL PASO FIELD OFFICE,Fentanyl,10,37.3044413992462
2023,AUG,Office of Field Operations,Southwest Border,Land Only,EL PASO FIELD OFFICE,Heroin,1,6.6579603124
2023,AUG,Office of Field Operations,Southwest Border,Land Only,EL PASO FIELD OFFICE,Ketamine,1,4.40924524
2023,AUG,Office of Field Operations,Southwest Border,Land Only,EL PASO FIELD OFFICE,Marijuana,57,3.2168310035206
2023,AUG,Office of Field Operations,Southwest Border,Land Only,EL PASO FIELD OFFICE,Methamphetamine,10,913.8236378455866
2023,AUG,Office of Field Operations,Southwest Border,Land Only,EL PASO FIELD OFFICE,Other Drugs**,19,3.3720364359686
2023,AUG,Office of Field Operations,Southwest Border,Land Only,LAREDO FIELD OFFICE,Cocaine,16,351.727807648551
2023,AUG,Office of Field Operations,Southwest Border,Land Only,LAREDO FIELD OFFICE,Fentanyl,1,2.20462262
2023,AUG,Office of Field Operations,Southwest Border,Land Only,LAREDO FIELD OFFICE,Marijuana,20,1863.111342219692
2023,AUG,Office of Field Operations,Southwest Border,Land Only,LAREDO FIELD OFFICE,Methamphetamine,8,2731.0409321064444
2023,AUG,Office of Field Operations,Southwest Border,Land Only,LAREDO FIELD OFFICE,Other Drugs**,20,70.573938386916
2023,AUG,Office of Field Operations,Southwest Border,Land Only,SAN DIEGO FIELD OFFICE,Cocaine,21,407.8652377791472
2023,AUG,Office of Field Operations,Southwest Border,Land Only,SAN DIEGO FIELD OFFICE,Ecstasy,1,1.59394215426
2023,AUG,Office of Field Operations,Southwest Border,Land Only,SAN DIEGO FIELD OFFICE,Fentanyl,44,878.1269395382016
2023,AUG,Office of Field Operations,Southwest Border,Land Only,SAN DIEGO FIELD OFFICE,Heroin,9,109.540202270892
2023,AUG,Office of Field Operations,Southwest Border,Land Only,SAN DIEGO FIELD OFFICE,Marijuana,31,1.8431526952248
2023,AUG,Office of Field Operations,Southwest Border,Land Only,SAN DIEGO FIELD OFFICE,Methamphetamine,74,6826.846133684338
2023,AUG,Office of Field Operations,Southwest Border,Land Only,SAN DIEGO FIELD OFFICE,Other Drugs**,23,6.8609399170234
2023,AUG,Office of Field Operations,Southwest Border,Land Only,TUCSON FIELD OFFICE,Cocaine,5,34.2045215332642
2023,AUG,Office of Field Operations,Southwest Border,Land Only,TUCSON FIELD OFFICE,Fentanyl,24,730.9998616642151
2023,AUG,Office of Field Operations,Southwest Border,Land Only,TUCSON FIELD OFFICE,Heroin,2,5.776111264400001
2023,AUG,Office of Field Operations,Southwest Border,Land Only,TUCSON FIELD OFFICE,Marijuana,8,47.387922292376
2023,AUG,Office of Field Operations,Southwest Border,Land Only,TUCSON FIELD OFFICE,Methamphetamine,12,388.2867779550704
2023,AUG,Office of Field Operations,Southwest Border,Land Only,TUCSON FIELD OFFICE,Other Drugs**,4,42.1973367496218
2023,AUG,Office of Field Operations,Southwest Border,Other,EL PASO FIELD OFFICE,Methamphetamine,1,2.5132697868
2023,AUG,Office of Field Operations,Southwest Border,Other,EL PASO FIELD OFFICE,Other Drugs**,1,0.0195329564132
2023,AUG,Office of Field Operations,Southwest Border,Other,LAREDO FIELD OFFICE,Marijuana,2,0.0353180543724
2023,AUG,Office of Field Operations,Southwest Border,Other,SAN DIEGO FIELD OFFICE,Fentanyl,1,3.44251822113
2023,AUG,Office of Field Operations,Southwest Border,Other,TUCSON FIELD OFFICE,Ecstasy,1,0.00220462262
2023,AUG,U.S. Border Patrol,Coastal/Interior,Other,MIAMI SECTOR,Cocaine,7,16.6445
2023,AUG,U.S. Border Patrol,Coastal/Interior,Other,MIAMI SECTOR,Ecstasy,1,0.0661
2023,AUG,U.S. Border Patrol,Coastal/Interior,Other,MIAMI SECTOR,Marijuana,1,2.9982
2023,AUG,U.S. Border Patrol,Coastal/Interior,Other,MIAMI SECTOR,Other Drugs**,3,20.274
2023,AUG,U.S. Border Patrol,Northern Border,Land Only,BLAINE SECTOR,Marijuana,3,0.055
2023,AUG,U.S. Border Patrol,Northern Border,Land Only,BUFFALO SECTOR,Marijuana,1,64.2118
2023,AUG,U.S. Border Patrol,Northern Border,Land Only,BUFFALO SECTOR,Other Drugs**,1,50.7168
2023,AUG,U.S. Border Patrol,Northern Border,Land Only,DETROIT SECTOR,Marijuana,7,10.7184
2023,AUG,U.S. Border Patrol,Northern Border,Land Only,DETROIT SECTOR,Methamphetamine,1,0.0051
2023,AUG,U.S. Border Patrol,Northern Border,Land Only,HAVRE SECTOR,Cocaine,1,0.0037
2023,AUG,U.S. Border Patrol,Northern Border,Land Only,HAVRE SECTOR,Methamphetamine,1,0.0014
2023,AUG,U.S. Border Patrol,Northern Border,Land Only,HOULTON SECTOR,Marijuana,2,0.0007
2023,AUG,U.S. Border Patrol,Northern Border,Land Only,HOULTON SECTOR,Methamphetamine,2,0.0104
2023,AUG,U.S. Border Patrol,Northern Border,Land Only,SWANTON SECTOR,Cocaine,2,0.003
2023,AUG,U.S. Border Patrol,Northern Border,Land Only,SWANTON SECTOR,Marijuana,4,67.68369999999999
2023,AUG,U.S. Border Patrol,Northern Border,Land Only,SWANTON SECTOR,Other Drugs**,1,0.0353
2023,AUG,U.S. Border Patrol,Southwest Border,Land Only,BIG BEND SECTOR,Cocaine,6,42.2829
2023,AUG,U.S. Border Patrol,Southwest Border,Land Only,BIG BEND SECTOR,Ecstasy,3,0.0669
2023,AUG,U.S. Border Patrol,Southwest Border,Land Only,BIG BEND SECTOR,Fentanyl,3,0.3007
2023,AUG,U.S. Border Patrol,Southwest Border,Land Only,BIG BEND SECTOR,Marijuana,123,281.8361
2023,AUG,U.S. Border Patrol,Southwest Border,Land Only,BIG BEND SECTOR,Methamphetamine,10,0.2065
2023,AUG,U.S. Border Patrol,Southwest Border,Land Only,BIG BEND SECTOR,Other Drugs**,18,1.2765
2023,AUG,U.S. Border Patrol,Southwest Border,Land Only,DEL RIO SECTOR,Cocaine,1,5.1906
2023,AUG,U.S. Border Patrol,Southwest Border,Land Only,DEL RIO SECTOR,Marijuana,9,0.214
2023,AUG,U.S. Border Patrol,Southwest Border,Land Only,DEL RIO SECTOR,Methamphetamine,2,0.0487
2023,AUG,U.S. Border Patrol,Southwest Border,Land Only,EL CENTRO SECTOR,Marijuana,2,9.296
2023,AUG,U.S. Border Patrol,Southwest Border,Land Only,EL CENTRO SECTOR,Methamphetamine,1,157.2165
2023,AUG,U.S. Border Patrol,Southwest Border,Land Only,EL PASO SECTOR,Cocaine,2,0.0106
2023,AUG,U.S. Border Patrol,Southwest Border,Land Only,EL PASO SECTOR,Fentanyl,3,0.4068
2023,AUG,U.S. Border Patrol,Southwest Border,Land Only,EL PASO SECTOR,Marijuana,15,230.5912
2023,AUG,U.S. Border Patrol,Southwest Border,Land Only,EL PASO SECTOR,Methamphetamine,5,248.8632
2023,AUG,U.S. Border Patrol,Southwest Border,Land Only,EL PASO SECTOR,Other Drugs**,4,1.0141
2023,AUG,U.S. Border Patrol,Southwest Border,Land Only,LAREDO SECTOR,Cocaine,1,0.0022
2023,AUG,U.S. Border Patrol,Southwest Border,Land Only,LAREDO SECTOR,Marijuana,10,0.3254
2023,AUG,U.S. Border Patrol,Southwest Border,Land Only,LAREDO SECTOR,Other Drugs**,2,0.0707
2023,AUG,U.S. Border Patrol,Southwest Border,Land Only,RIO GRANDE VALLEY SECTOR,Cocaine,4,369.1633
2023,AUG,U.S. Border Patrol,Southwest Border,Land Only,RIO GRANDE VALLEY SECTOR,Marijuana,39,1482.5073
2023,AUG,U.S. Border Patrol,Southwest Border,Land Only,RIO GRANDE VALLEY SECTOR,Methamphetamine,2,102.678
2023,AUG,U.S. Border Patrol,Southwest Border,Land Only,RIO GRANDE VALLEY SECTOR,Other Drugs**,4,1.0031
2023,AUG,U.S. Border Patrol,Southwest Border,Land Only,SAN DIEGO SECTOR,Cocaine,3,750.582
2023,AUG,U.S. Border Patrol,Southwest Border,Land Only,SAN DIEGO SECTOR,Ecstasy,1,0.0066
2023,AUG,U.S. Border Patrol,Southwest Border,Land Only,SAN DIEGO SECTOR,Fentanyl,5,60.4722
2023,AUG,U.S. Border Patrol,Southwest Border,Land Only,SAN DIEGO SECTOR,Heroin,1,19.1799
2023,AUG,U.S. Border Patrol,Southwest Border,Land Only,SAN DIEGO SECTOR,Marijuana,3,1.0438
2023,AUG,U.S. Border Patrol,Southwest Border,Land Only,SAN DIEGO SECTOR,Methamphetamine,5,135.9588
2023,AUG,U.S. Border Patrol,Southwest Border,Land Only,TUCSON SECTOR,Cocaine,1,0.0029
2023,AUG,U.S. Border Patrol,Southwest Border,Land Only,TUCSON SECTOR,Fentanyl,8,59.570800000000006
2023,AUG,U.S. Border Patrol,Southwest Border,Land Only,TUCSON SECTOR,Marijuana,21,0.5307000000000001
2023,AUG,U.S. Border Patrol,Southwest Border,Land Only,TUCSON SECTOR,Methamphetamine,7,0.1366
2023,AUG,U.S. Border Patrol,Southwest Border,Land Only,TUCSON SECTOR,Other Drugs**,3,0.0353
2023,AUG,U.S. Border Patrol,Southwest Border,Land Only,YUMA SECTOR,Fentanyl,2,0.0786999999999999
2023,AUG,U.S. Border Patrol,Southwest Border,Land Only,YUMA SECTOR,Marijuana,14,116.0272
2023,AUG,U.S. Border Patrol,Southwest Border,Land Only,YUMA SECTOR,Methamphetamine,4,0.1783
2023,AUG,U.S. Border Patrol,Southwest Border,Land Only,YUMA SECTOR,Other Drugs**,1,0.0165
2023,DEC,Office of Field Operations,Coastal/Interior,Other,ATLANTA FIELD OFFICE,Ketamine,1,0.107144659332
2023,DEC,Office of Field Operations,Coastal/Interior,Other,ATLANTA FIELD OFFICE,Marijuana,7,7.6068519342742
2023,DEC,Office of Field Operations,Coastal/Interior,Other,ATLANTA FIELD OFFICE,Methamphetamine,3,10.56785852897
2023,DEC,Office of Field Operations,Coastal/Interior,Other,ATLANTA FIELD OFFICE,Other Drugs**,7,3.000050461296
2023,DEC,Office of Field Operations,Coastal/Interior,Other,BALTIMORE FIELD OFFICE,Ecstasy,1,0.1537503815188
2023,DEC,Office of Field Operations,Coastal/Interior,Other,BALTIMORE FIELD OFFICE,Fentanyl,1,1.2374987690584
2023,DEC,Office of Field Operations,Coastal/Interior,Other,BALTIMORE FIELD OFFICE,Marijuana,24,24.2308749390628
2023,DEC,Office of Field Operations,Coastal/Interior,Other,BALTIMORE FIELD OFFICE,Other Drugs**,40,54.6938652852464
2023,DEC,Office of Field Operations,Coastal/Interior,Other,CHICAGO FIELD OFFICE,Cocaine,21,247.213373333342
2023,DEC,Office of Field Operations,Coastal/Interior,Other,CHICAGO FIELD OFFICE,Ecstasy,17,20.2684405654582
2023,DEC,Office of Field Operations,Coastal/Interior,Other,CHICAGO FIELD OFFICE,Fentanyl,1,4.188782978
2023,DEC,Office of Field Operations,Coastal/Interior,Other,CHICAGO FIELD OFFICE,Heroin,3,139.5684189901854
2023,DEC,Office of Field Operations,Coastal/Interior,Other,CHICAGO FIELD OFFICE,Ketamine,19,109.2752507244204
2023,DEC,Office of Field Operations,Coastal/Interior,Other,CHICAGO FIELD OFFICE,Khat (Catha Edulis),11,375.1606312454
2023,DEC,Office of Field Operations,Coastal/Interior,Other,CHICAGO FIELD OFFICE,Marijuana,212,1257.33155414792
2023,DEC,Office of Field Operations,Coastal/Interior,Other,CHICAGO FIELD OFFICE,Methamphetamine,55,450.95335229838
2023,DEC,Office of Field Operations,Coastal/Interior,Other,CHICAGO FIELD OFFICE,Other Drugs**,171,554.7746973543134
2023,DEC,Office of Field Operations,Coastal/Interior,Other,HOUSTON FIELD OFFICE,Cocaine,2,0.4944748074398
2023,DEC,Office of Field Operations,Coastal/Interior,Other,HOUSTON FIELD OFFICE,Ketamine,1,0.0259925006898
2023,DEC,Office of Field Operations,Coastal/Interior,Other,HOUSTON FIELD OFFICE,Marijuana,16,80.32882027853479
2023,DEC,Office of Field Operations,Coastal/Interior,Other,HOUSTON FIELD OFFICE,Methamphetamine,2,169.76365791917
2023,DEC,Office of Field Operations,Coastal/Interior,Other,HOUSTON FIELD OFFICE,Other Drugs**,17,39.8595549233738
2023,DEC,Office of Field Operations,Coastal/Interior,Other,LOS ANGELES FIELD OFFICE,Cocaine,12,9.492443614934
2023,DEC,Office of Field Operations,Coastal/Interior,Other,LOS ANGELES FIELD OFFICE,Ecstasy,4,31.7816633201104
2023,DEC,Office of Field Operations,Coastal/Interior,Other,LOS ANGELES FIELD OFFICE,Ketamine,9,40.11531319352
2023,DEC,Office of Field Operations,Coastal/Interior,Other,LOS ANGELES FIELD OFFICE,Lsd,2,0.543880400354
2023,DEC,Office of Field Operations,Coastal/Interior,Other,LOS ANGELES FIELD OFFICE,Marijuana,35,833.711333554562
2023,DEC,Office of Field Operations,Coastal/Interior,Other,LOS ANGELES FIELD OFFICE,Methamphetamine,25,175.588050418948
2023,DEC,Office of Field Operations,Coastal/Interior,Other,LOS ANGELES FIELD OFFICE,Other Drugs**,273,962.584753429282
2023,DEC,Office of Field Operations,Coastal/Interior,Other,MIAMI FIELD OFFICE,Cocaine,23,239.480659493692
2023,DEC,Office of Field Operations,Coastal/Interior,Other,MIAMI FIELD OFFICE,Ecstasy,14,2.360709901496
2023,DEC,Office of Field Operations,Coastal/Interior,Other,MIAMI FIELD OFFICE,Heroin,1,0.000220462262
2023,DEC,Office of Field Operations,Coastal/Interior,Other,MIAMI FIELD OFFICE,Ketamine,14,61.453635070238
2023,DEC,Office of Field Operations,Coastal/Interior,Other,MIAMI FIELD OFFICE,Lsd,1,0.001543235834
2023,DEC,Office of Field Operations,Coastal/Interior,Other,MIAMI FIELD OFFICE,Marijuana,67,213.781373612352
2023,DEC,Office of Field Operations,Coastal/Interior,Other,MIAMI FIELD OFFICE,Methamphetamine,1,5.9965735264
2023,DEC,Office of Field Operations,Coastal/Interior,Other,MIAMI FIELD OFFICE,Other Drugs**,546,510.6253436444912
2023,DEC,Office of Field Operations,Coastal/Interior,Other,NEW ORLEANS FIELD OFFICE,Cocaine,7,20.923852824158
2023,DEC,Office of Field Operations,Coastal/Interior,Other,NEW ORLEANS FIELD OFFICE,Ecstasy,6,3.3825524858660003
2023,DEC,Office of Field Operations,Coastal/Interior,Other,NEW ORLEANS FIELD OFFICE,Fentanyl,1,2.061763074224
2023,DEC,Office of Field Operations,Coastal/Interior,Other,NEW ORLEANS FIELD OFFICE,Ketamine,15,31.356567986522
2023,DEC,Office of Field Operations,Coastal/Interior,Other,NEW ORLEANS FIELD OFFICE,Marijuana,94,752.3795863537368
2023,DEC,Office of Field Operations,Coastal/Interior,Other,NEW ORLEANS FIELD OFFICE,Methamphetamine,17,192.498387763396
2023,DEC,Office of Field Operations,Coastal/Interior,Other,NEW ORLEANS FIELD OFFICE,Other Drugs**,137,288.8133675840748
2023,DEC,Office of Field Operations,Coastal/Interior,Other,NEW YORK FIELD OFFICE,Cocaine,10,75.163080832708
2023,DEC,Office of Field Operations,Coastal/Interior,Other,NEW YORK FIELD OFFICE,Ecstasy,29,12.141738617388
2023,DEC,Office of Field Operations,Coastal/Interior,Other,NEW YORK FIELD OFFICE,Heroin,8,2.105194139838
2023,DEC,Office of Field Operations,Coastal/Interior,Other,NEW YORK FIELD OFFICE,Ketamine,36,255.81118108908
2023,DEC,Office of Field Operations,Coastal/Interior,Other,NEW YORK FIELD OFFICE,Khat (Catha Edulis),10,5940.0470024232
2023,DEC,Office of Field Operations,Coastal/Interior,Other,NEW YORK FIELD OFFICE,Lsd,8,0.010361726314
2023,DEC,Office of Field Operations,Coastal/Interior,Other,NEW YORK FIELD OFFICE,Marijuana,47,101.575121207094
2023,DEC,Office of Field Operations,Coastal/Interior,Other,NEW YORK FIELD OFFICE,Methamphetamine,3,6.660164935019999
2023,DEC,Office of Field Operations,Coastal/Interior,Other,NEW YORK FIELD OFFICE,Other Drugs**,411,787.7288581824359
2023,DEC,Office of Field Operations,Coastal/Interior,Other,PRECLEARANCE FIELD OFFICE,Cocaine,2,0.0110231130999999
2023,DEC,Office of Field Operations,Coastal/Interior,Other,PRECLEARANCE FIELD OFFICE,Ecstasy,1,0.0010582188576
2023,DEC,Office of Field Operations,Coastal/Interior,Other,PRECLEARANCE FIELD OFFICE,Marijuana,23,1.1037002222506
2023,DEC,Office of Field Operations,Coastal/Interior,Other,PRECLEARANCE FIELD OFFICE,Other Drugs**,8,0.2370630703286
2023,DEC,Office of Field Operations,Coastal/Interior,Other,SAN FRANCISCO FIELD OFFICE,Cocaine,3,25.40607107288
2023,DEC,Office of Field Operations,Coastal/Interior,Other,SAN FRANCISCO FIELD OFFICE,Ecstasy,1,0.00110231131
2023,DEC,Office of Field Operations,Coastal/Interior,Other,SAN FRANCISCO FIELD OFFICE,Ketamine,1,0.001322773572
2023,DEC,Office of Field Operations,Coastal/Interior,Other,SAN FRANCISCO FIELD OFFICE,Khat (Catha Edulis),1,6.6579603124
2023,DEC,Office of Field Operations,Coastal/Interior,Other,SAN FRANCISCO FIELD OFFICE,Marijuana,36,50.46711870573
2023,DEC,Office of Field Operations,Coastal/Interior,Other,SAN FRANCISCO FIELD OFFICE,Methamphetamine,16,79.707689901576
2023,DEC,Office of Field Operations,Coastal/Interior,Other,SAN FRANCISCO FIELD OFFICE,Other Drugs**,24,155.2210191299234
2023,DEC,Office of Field Operations,Coastal/Interior,Other,SAN JUAN FIELD OFFICE,Cocaine,14,2749.609696816788
2023,DEC,Office of Field Operations,Coastal/Interior,Other,SAN JUAN FIELD OFFICE,Ecstasy,1,0.038801358112
2023,DEC,Office of Field Operations,Coastal/Interior,Other,SAN JUAN FIELD OFFICE,Fentanyl,1,0.243831261772
2023,DEC,Office of Field Operations,Coastal/Interior,Other,SAN JUAN FIELD OFFICE,Marijuana,61,237.1880283387016
2023,DEC,Office of Field Operations,Coastal/Interior,Other,SAN JUAN FIELD OFFICE,Other Drugs**,8,3.0721195747438
2023,DEC,Office of Field Operations,Coastal/Interior,Other,TAMPA FIELD OFFICE,Cocaine,4,0.033951188348
2023,DEC,Office of Field Operations,Coastal/Interior,Other,TAMPA FIELD OFFICE,Ecstasy,1,0.00330693393
2023,DEC,Office of Field Operations,Coastal/Interior,Other,TAMPA FIELD OFFICE,Marijuana,19,1.785303397676
2023,DEC,Office of Field Operations,Coastal/Interior,Other,TAMPA FIELD OFFICE,Other Drugs**,13,2.017450159562
2023,DEC,Office of Field Operations,Northern Border,Land Only,BOSTON FIELD OFFICE,Cocaine,2,0.028439631798
2023,DEC,Office of Field Operations,Northern Border,Land Only,BOSTON FIELD OFFICE,Marijuana,13,0.3695167973382
2023,DEC,Office of Field Operations,Northern Border,Land Only,BOSTON FIELD OFFICE,Methamphetamine,1,0.005070632026
2023,DEC,Office of Field Operations,Northern Border,Land Only,BOSTON FIELD OFFICE,Other Drugs**,3,0.901029264794
2023,DEC,Office of Field Operations,Northern Border,Land Only,BUFFALO FIELD OFFICE,Cocaine,1,0.014770971554
2023,DEC,Office of Field Operations,Northern Border,Land Only,BUFFALO FIELD OFFICE,Ecstasy,1,0.55666721155
2023,DEC,Office of Field Operations,Northern Border,Land Only,BUFFALO FIELD OFFICE,Marijuana,40,3.205962214004
2023,DEC,Office of Field Operations,Northern Border,Land Only,BUFFALO FIELD OFFICE,Methamphetamine,1,0.008377565956
2023,DEC,Office of Field Operations,Northern Border,Land Only,BUFFALO FIELD OFFICE,Other Drugs**,5,0.668882502908
2023,DEC,Office of Field Operations,Northern Border,Land Only,DETROIT FIELD OFFICE,Cocaine,1,0.0238981092008
2023,DEC,Office of Field Operations,Northern Border,Land Only,DETROIT FIELD OFFICE,Fentanyl,1,0.0154984970186
2023,DEC,Office of Field Operations,Northern Border,Land Only,DETROIT FIELD OFFICE,Marijuana,57,4.7164814483232
2023,DEC,Office of Field Operations,Northern Border,Land Only,DETROIT FIELD OFFICE,Other Drugs**,35,3.3445888843496
2023,DEC,Office of Field Operations,Northern Border,Land Only,SEATTLE FIELD OFFICE,Cocaine,2,0.0277782450119999
2023,DEC,Office of Field Operations,Northern Border,Land Only,SEATTLE FIELD OFFICE,Fentanyl,1,0.004188782978
2023,DEC,Office of Field Operations,Northern Border,Land Only,SEATTLE FIELD OFFICE,Marijuana,63,3.9029316090908
2023,DEC,Office of Field Operations,Northern Border,Land Only,SEATTLE FIELD OFFICE,Methamphetamine,3,0.03637627323
2023,DEC,Office of Field Operations,Northern Border,Land Only,SEATTLE FIELD OFFICE,Other Drugs**,12,1.2556869056734
2023,DEC,Office of Field Operations,Northern Border,Other,BOSTON FIELD OFFICE,Ketamine,2,0.949530962434
2023,DEC,Office of Field Operations,Northern Border,Other,BOSTON FIELD OFFICE,Other Drugs**,1,0.376549543496
2023,DEC,Office of Field Operations,Northern Border,Other,BUFFALO FIELD OFFICE,Marijuana,1,0.019621141318
2023,DEC,Office of Field Operations,Northern Border,Other,BUFFALO FIELD OFFICE,Other Drugs**,3,6.8563763482
2023,DEC,Office of Field Operations,Northern Border,Other,DETROIT FIELD OFFICE,Marijuana,9,80.134504840808
2023,DEC,Office of Field Operations,Northern Border,Other,DETROIT FIELD OFFICE,Other Drugs**,6,2.6702609635702
2023,DEC,Office of Field Operations,Northern Border,Other,PORTLAND FIELD OFFICE,Marijuana,2,10.4940036712
2023,DEC,Office of Field Operations,Northern Border,Other,PORTLAND FIELD OFFICE,Methamphetamine,3,15.9063522033
2023,DEC,Office of Field Operations,Northern Border,Other,PORTLAND FIELD OFFICE,Other Drugs**,3,33.66679203002
2023,DEC,Office of Field Operations,Northern Border,Other,SEATTLE FIELD OFFICE,Marijuana,3,0.2825003425268
2023,DEC,Office of Field Operations,Northern Border,Other,SEATTLE FIELD OFFICE,Other Drugs**,2,1.562416050794
2023,DEC,Office of Field Operations,Southwest Border,Land Only,EL PASO FIELD OFFICE,Cocaine,13,114.2505328221054
2023,DEC,Office of Field Operations,Southwest Border,Land Only,EL PASO FIELD OFFICE,Fentanyl,5,45.1360987020818
2023,DEC,Office of Field Operations,Southwest Border,Land Only,EL PASO FIELD OFFICE,Heroin,2,9.7885244328
2023,DEC,Office of Field Operations,Southwest Border,Land Only,EL PASO FIELD OFFICE,Marijuana,69,199.6672473217548
2023,DEC,Office of Field Operations,Southwest Border,Land Only,EL PASO FIELD OFFICE,Methamphetamine,8,132.388580411179
2023,DEC,Office of Field Operations,Southwest Border,Land Only,EL PASO FIELD OFFICE,Other Drugs**,11,3.4460235710958
2023,DEC,Office of Field Operations,Southwest Border,Land Only,LAREDO FIELD OFFICE,Cocaine,22,745.2655557599375
2023,DEC,Office of Field Operations,Southwest Border,Land Only,LAREDO FIELD OFFICE,Fentanyl,2,7.4075320032
2023,DEC,Office of Field Operations,Southwest Border,Land Only,LAREDO FIELD OFFICE,Heroin,1,16.4905771976
2023,DEC,Office of Field Operations,Southwest Border,Land Only,LAREDO FIELD OFFICE,Ketamine,1,0.064154518242
2023,DEC,Office of Field Operations,Southwest Border,Land Only,LAREDO FIELD OFFICE,Marijuana,25,75.73504812524081
2023,DEC,Office of Field Operations,Southwest Border,Land Only,LAREDO FIELD OFFICE,Methamphetamine,8,1869.5240823580727
2023,DEC,Office of Field Operations,Southwest Border,Land Only,LAREDO FIELD OFFICE,Other Drugs**,45,14.5208130253086
2023,DEC,Office of Field Operations,Southwest Border,Land Only,SAN DIEGO FIELD OFFICE,Cocaine,22,680.989408487992
2023,DEC,Office of Field Operations,Southwest Border,Land Only,SAN DIEGO FIELD OFFICE,Fentanyl,44,589.856261858266
2023,DEC,Office of Field Operations,Southwest Border,Land Only,SAN DIEGO FIELD OFFICE,Heroin,6,26.227954385616
2023,DEC,Office of Field Operations,Southwest Border,Land Only,SAN DIEGO FIELD OFFICE,Marijuana,42,5.6134542074964
2023,DEC,Office of Field Operations,Southwest Border,Land Only,SAN DIEGO FIELD OFFICE,Methamphetamine,71,4324.619676373764
2023,DEC,Office of Field Operations,Southwest Border,Land Only,SAN DIEGO FIELD OFFICE,Other Drugs**,21,5.008682130378
2023,DEC,Office of Field Operations,Southwest Border,Land Only,TUCSON FIELD OFFICE,Cocaine,3,13.0107347155134
2023,DEC,Office of Field Operations,Southwest Border,Land Only,TUCSON FIELD OFFICE,Fentanyl,34,1762.056313534886
2023,DEC,Office of Field Operations,Southwest Border,Land Only,TUCSON FIELD OFFICE,Marijuana,8,0.696550516789
2023,DEC,Office of Field Operations,Southwest Border,Land Only,TUCSON FIELD OFFICE,Methamphetamine,13,671.6916771428564
2023,DEC,Office of Field Operations,Southwest Border,Land Only,TUCSON FIELD OFFICE,Other Drugs**,3,3.0373747222526
2023,DEC,Office of Field Operations,Southwest Border,Other,EL PASO FIELD OFFICE,Marijuana,3,0.059414579609
2023,DEC,Office of Field Operations,Southwest Border,Other,EL PASO FIELD OFFICE,Methamphetamine,1,0.00771617917
2023,DEC,Office of Field Operations,Southwest Border,Other,EL PASO FIELD OFFICE,Other Drugs**,1,0.3225142430798
2023,DEC,Office of Field Operations,Southwest Border,Other,LAREDO FIELD OFFICE,Cocaine,1,0.000661386786
2023,DEC,Office of Field Operations,Southwest Border,Other,LAREDO FIELD OFFICE,Marijuana,1,0.063493131456
2023,DEC,Office of Field Operations,Southwest Border,Other,TUCSON FIELD OFFICE,Marijuana,1,0.019069985663
2023,DEC,U.S. Border Patrol,Coastal/Interior,Other,MIAMI SECTOR,Cocaine,3,5.2854
2023,DEC,U.S. Border Patrol,Coastal/Interior,Other,MIAMI SECTOR,Marijuana,2,7.982
2023,DEC,U.S. Border Patrol,Coastal/Interior,Other,RAMEY SECTOR,Cocaine,1,884.3373
2023,DEC,U.S. Border Patrol,Northern Border,Land Only,BUFFALO SECTOR,Cocaine,1,0.0022
2023,DEC,U.S. Border Patrol,Northern Border,Land Only,BUFFALO SECTOR,Marijuana,4,160.32930000000002
2023,DEC,U.S. Border Patrol,Northern Border,Land Only,BUFFALO SECTOR,Other Drugs**,2,42.2712
2023,DEC,U.S. Border Patrol,Northern Border,Land Only,DETROIT SECTOR,Cocaine,2,8.2114
2023,DEC,U.S. Border Patrol,Northern Border,Land Only,DETROIT SECTOR,Heroin,1,0.1146
2023,DEC,U.S. Border Patrol,Northern Border,Land Only,DETROIT SECTOR,Marijuana,1,51.2663
2023,DEC,U.S. Border Patrol,Northern Border,Land Only,HOULTON SECTOR,Marijuana,3,0.0485
2023,DEC,U.S. Border Patrol,Northern Border,Land Only,SWANTON SECTOR,Marijuana,2,93.8161
2023,DEC,U.S. Border Patrol,Southwest Border,Land Only,BIG BEND SECTOR,Cocaine,2,45.961
2023,DEC,U.S. Border Patrol,Southwest Border,Land Only,BIG BEND SECTOR,Fentanyl,1,2.0481
2023,DEC,U.S. Border Patrol,Southwest Border,Land Only,BIG BEND SECTOR,Heroin,1,0.0249
2023,DEC,U.S. Border Patrol,Southwest Border,Land Only,BIG BEND SECTOR,Marijuana,36,1386.335
2023,DEC,U.S. Border Patrol,Southwest Border,Land Only,BIG BEND SECTOR,Methamphetamine,4,0.3369
2023,DEC,U.S. Border Patrol,Southwest Border,Land Only,BIG BEND SECTOR,Other Drugs**,2,0.0073
2023,DEC,U.S. Border Patrol,Southwest Border,Land Only,DEL RIO SECTOR,Ecstasy,1,0.0022
2023,DEC,U.S. Border Patrol,Southwest Border,Land Only,DEL RIO SECTOR,Heroin,1,0.0
2023,DEC,U.S. Border Patrol,Southwest Border,Land Only,DEL RIO SECTOR,Marijuana,6,0.6052000000000001
2023,DEC,U.S. Border Patrol,Southwest Border,Land Only,DEL RIO SECTOR,Methamphetamine,1,0.0013
2023,DEC,U.S. Border Patrol,Southwest Border,Land Only,DEL RIO SECTOR,Other Drugs**,2,0.0573
2023,DEC,U.S. Border Patrol,Southwest Border,Land Only,EL CENTRO SECTOR,Cocaine,1,0.0029
2023,DEC,U.S. Border Patrol,Southwest Border,Land Only,EL CENTRO SECTOR,Fentanyl,1,0.0012
2023,DEC,U.S. Border Patrol,Southwest Border,Land Only,EL CENTRO SECTOR,Marijuana,2,0.2026
2023,DEC,U.S. Border Patrol,Southwest Border,Land Only,EL CENTRO SECTOR,Methamphetamine,6,13.9571
2023,DEC,U.S. Border Patrol,Southwest Border,Land Only,EL CENTRO SECTOR,Other Drugs**,1,0.0727
2023,DEC,U.S. Border Patrol,Southwest Border,Land Only,EL PASO SECTOR,Cocaine,4,5.090000000000001
2023,DEC,U.S. Border Patrol,Southwest Border,Land Only,EL PASO SECTOR,Fentanyl,3,0.7158
2023,DEC,U.S. Border Patrol,Southwest Border,Land Only,EL PASO SECTOR,Marijuana,10,10.9459
2023,DEC,U.S. Border Patrol,Southwest Border,Land Only,EL PASO SECTOR,Methamphetamine,7,7.7156
2023,DEC,U.S. Border Patrol,Southwest Border,Land Only,EL PASO SECTOR,Other Drugs**,2,0.3152
2023,DEC,U.S. Border Patrol,Southwest Border,Land Only,LAREDO SECTOR,Cocaine,1,0.0018
2023,DEC,U.S. Border Patrol,Southwest Border,Land Only,LAREDO SECTOR,Marijuana,24,1504.6262
2023,DEC,U.S. Border Patrol,Southwest Border,Land Only,LAREDO SECTOR,Methamphetamine,1,0.0071
2023,DEC,U.S. Border Patrol,Southwest Border,Land Only,LAREDO SECTOR,Other Drugs**,1,0.1064
2023,DEC,U.S. Border Patrol,Southwest Border,Land Only,RIO GRANDE VALLEY SECTOR,Cocaine,5,218.3126
2023,DEC,U.S. Border Patrol,Southwest Border,Land Only,RIO GRANDE VALLEY SECTOR,Ecstasy,1,0.0066
2023,DEC,U.S. Border Patrol,Southwest Border,Land Only,RIO GRANDE VALLEY SECTOR,Marijuana,43,1896.2621
2023,DEC,U.S. Border Patrol,Southwest Border,Land Only,RIO GRANDE VALLEY SECTOR,Methamphetamine,8,3193.0163
2023,DEC,U.S. Border Patrol,Southwest Border,Land Only,RIO GRANDE VALLEY SECTOR,Other Drugs**,11,3.3530999999999995
2023,DEC,U.S. Border Patrol,Southwest Border,Land Only,SAN DIEGO SECTOR,Fentanyl,1,1.3228
2023,DEC,U.S. Border Patrol,Southwest Border,Land Only,SAN DIEGO SECTOR,Heroin,1,11.0229
2023,DEC,U.S. Border Patrol,Southwest Border,Land Only,SAN DIEGO SECTOR,Marijuana,4,0.7088
2023,DEC,U.S. Border Patrol,Southwest Border,Land Only,SAN DIEGO SECTOR,Methamphetamine,3,0.0739
2023,DEC,U.S. Border Patrol,Southwest Border,Land Only,TUCSON SECTOR,Fentanyl,12,0.5618
2023,DEC,U.S. Border Patrol,Southwest Border,Land Only,TUCSON SECTOR,Marijuana,16,459.0813
2023,DEC,U.S. Border Patrol,Southwest Border,Land Only,TUCSON SECTOR,Methamphetamine,13,10.131
2023,DEC,U.S. Border Patrol,Southwest Border,Land Only,TUCSON SECTOR,Other Drugs**,3,0.2218
2023,DEC,U.S. Border Patrol,Southwest Border,Land Only,YUMA SECTOR,Cocaine,1,0.0049
2023,DEC,U.S. Border Patrol,Southwest Border,Land Only,YUMA SECTOR,Marijuana,2,0.044
2023,DEC,U.S. Border Patrol,Southwest Border,Land Only,YUMA SECTOR,Methamphetamine,3,88.1295
2023,DEC,U.S. Border Patrol,Southwest Border,Land Only,YUMA SECTOR,Other Drugs**,1,0.0
2023,FEB,Office of Field Operations,Coastal/Interior,Other,ATLANTA FIELD OFFICE,Marijuana,2,0.0462970750199999
2023,FEB,Office of Field Operations,Coastal/Interior,Other,ATLANTA FIELD OFFICE,Methamphetamine,1,0.0501772108312
2023,FEB,Office of Field Operations,Coastal/Interior,Other,ATLANTA FIELD OFFICE,Other Drugs**,1,1.10672055524
2023,FEB,Office of Field Operations,Coastal/Interior,Other,BALTIMORE FIELD OFFICE,Cocaine,1,6.61386786
2023,FEB,Office of Field Operations,Coastal/Interior,Other,BALTIMORE FIELD OFFICE,Ketamine,1,15.9394215426
2023,FEB,Office of Field Operations,Coastal/Interior,Other,BALTIMORE FIELD OFFICE,Khat (Catha Edulis),1,859.5382670856
2023,FEB,Office of Field Operations,Coastal/Interior,Other,BALTIMORE FIELD OFFICE,Marijuana,32,150.68289165155818
2023,FEB,Office of Field Operations,Coastal/Interior,Other,BALTIMORE FIELD OFFICE,Other Drugs**,40,56.876618048856
2023,FEB,Office of Field Operations,Coastal/Interior,Other,CHICAGO FIELD OFFICE,Cocaine,20,51.88228801173421
2023,FEB,Office of Field Operations,Coastal/Interior,Other,CHICAGO FIELD OFFICE,Ecstasy,33,33.6061208155176
2023,FEB,Office of Field Operations,Coastal/Interior,Other,CHICAGO FIELD OFFICE,Fentanyl,1,0.14881202685
2023,FEB,Office of Field Operations,Coastal/Interior,Other,CHICAGO FIELD OFFICE,Heroin,10,2.6007492123616
2023,FEB,Office of Field Operations,Coastal/Interior,Other,CHICAGO FIELD OFFICE,Ketamine,42,136.0005459268822
2023,FEB,Office of Field Operations,Coastal/Interior,Other,CHICAGO FIELD OFFICE,Khat (Catha Edulis),2,34.943268527
2023,FEB,Office of Field Operations,Coastal/Interior,Other,CHICAGO FIELD OFFICE,Lsd,5,0.0130072734579999
2023,FEB,Office of Field Operations,Coastal/Interior,Other,CHICAGO FIELD OFFICE,Marijuana,466,3326.127683176887
2023,FEB,Office of Field Operations,Coastal/Interior,Other,CHICAGO FIELD OFFICE,Methamphetamine,35,432.3871008578238
2023,FEB,Office of Field Operations,Coastal/Interior,Other,CHICAGO FIELD OFFICE,Other Drugs**,216,593.5045375085206
2023,FEB,Office of Field Operations,Coastal/Interior,Other,HOUSTON FIELD OFFICE,Cocaine,1,0.000881849048
2023,FEB,Office of Field Operations,Coastal/Interior,Other,HOUSTON FIELD OFFICE,Khat (Catha Edulis),1,17.6149347338
2023,FEB,Office of Field Operations,Coastal/Interior,Other,HOUSTON FIELD OFFICE,Marijuana,20,99.2781910379946
2023,FEB,Office of Field Operations,Coastal/Interior,Other,HOUSTON FIELD OFFICE,Methamphetamine,1,7.5839018128
2023,FEB,Office of Field Operations,Coastal/Interior,Other,HOUSTON FIELD OFFICE,Other Drugs**,20,45.964507697773
2023,FEB,Office of Field Operations,Coastal/Interior,Other,LOS ANGELES FIELD OFFICE,Cocaine,10,10.752605904526
2023,FEB,Office of Field Operations,Coastal/Interior,Other,LOS ANGELES FIELD OFFICE,Ecstasy,2,4.43680302275
2023,FEB,Office of Field Operations,Coastal/Interior,Other,LOS ANGELES FIELD OFFICE,Ketamine,4,16.1378375784
2023,FEB,Office of Field Operations,Coastal/Interior,Other,LOS ANGELES FIELD OFFICE,Lsd,1,0.006834330122
2023,FEB,Office of Field Operations,Coastal/Interior,Other,LOS ANGELES FIELD OFFICE,Marijuana,56,1656.5073380090157
2023,FEB,Office of Field Operations,Coastal/Interior,Other,LOS ANGELES FIELD OFFICE,Methamphetamine,23,2238.001047391324
2023,FEB,Office of Field Operations,Coastal/Interior,Other,LOS ANGELES FIELD OFFICE,Other Drugs**,178,379.7709160221178
2023,FEB,Office of Field Operations,Coastal/Interior,Other,MIAMI FIELD OFFICE,Cocaine,19,28.9029111953668
2023,FEB,Office of Field Operations,Coastal/Interior,Other,MIAMI FIELD OFFICE,Ecstasy,15,8.725786098829
2023,FEB,Office of Field Operations,Coastal/Interior,Other,MIAMI FIELD OFFICE,Fentanyl,1,4.40924524
2023,FEB,Office of Field Operations,Coastal/Interior,Other,MIAMI FIELD OFFICE,Ketamine,19,424.8111797789082
2023,FEB,Office of Field Operations,Coastal/Interior,Other,MIAMI FIELD OFFICE,Lsd,2,0.007605948039
2023,FEB,Office of Field Operations,Coastal/Interior,Other,MIAMI FIELD OFFICE,Marijuana,100,251.0899156096714
2023,FEB,Office of Field Operations,Coastal/Interior,Other,MIAMI FIELD OFFICE,Methamphetamine,6,14.3597432966914
2023,FEB,Office of Field Operations,Coastal/Interior,Other,MIAMI FIELD OFFICE,Other Drugs**,583,463.0404383210182
2023,FEB,Office of Field Operations,Coastal/Interior,Other,NEW ORLEANS FIELD OFFICE,Cocaine,5,11.073378495736002
2023,FEB,Office of Field Operations,Coastal/Interior,Other,NEW ORLEANS FIELD OFFICE,Ecstasy,3,8.217289891526
2023,FEB,Office of Field Operations,Coastal/Interior,Other,NEW ORLEANS FIELD OFFICE,Fentanyl,1,0.752217237944
2023,FEB,Office of Field Operations,Coastal/Interior,Other,NEW ORLEANS FIELD OFFICE,Ketamine,8,47.941943956782
2023,FEB,Office of Field Operations,Coastal/Interior,Other,NEW ORLEANS FIELD OFFICE,Marijuana,87,462.0140101215986
2023,FEB,Office of Field Operations,Coastal/Interior,Other,NEW ORLEANS FIELD OFFICE,Methamphetamine,8,73.409303538498
2023,FEB,Office of Field Operations,Coastal/Interior,Other,NEW ORLEANS FIELD OFFICE,Other Drugs**,120,194.951361121539
2023,FEB,Office of Field Operations,Coastal/Interior,Other,NEW YORK FIELD OFFICE,Cocaine,7,18.86605807065
2023,FEB,Office of Field Operations,Coastal/Interior,Other,NEW YORK FIELD OFFICE,Ecstasy,20,17.998098145156
2023,FEB,Office of Field Operations,Coastal/Interior,Other,NEW YORK FIELD OFFICE,Heroin,3,22.05394237917
2023,FEB,Office of Field Operations,Coastal/Interior,Other,NEW YORK FIELD OFFICE,Ketamine,27,156.4996341108448
2023,FEB,Office of Field Operations,Coastal/Interior,Other,NEW YORK FIELD OFFICE,Khat (Catha Edulis),8,4985.313130606
2023,FEB,Office of Field Operations,Coastal/Interior,Other,NEW YORK FIELD OFFICE,Lsd,16,0.076720867176
2023,FEB,Office of Field Operations,Coastal/Interior,Other,NEW YORK FIELD OFFICE,Marijuana,148,735.7191650294919
2023,FEB,Office of Field Operations,Coastal/Interior,Other,NEW YORK FIELD OFFICE,Methamphetamine,8,11.79583332831
2023,FEB,Office of Field Operations,Coastal/Interior,Other,NEW YORK FIELD OFFICE,Other Drugs**,454,1613.922208140536
2023,FEB,Office of Field Operations,Coastal/Interior,Other,PRECLEARANCE FIELD OFFICE,Marijuana,39,2.99167289534
2023,FEB,Office of Field Operations,Coastal/Interior,Other,PRECLEARANCE FIELD OFFICE,Other Drugs**,13,0.4614936530446
2023,FEB,Office of Field Operations,Coastal/Interior,Other,SAN FRANCISCO FIELD OFFICE,Cocaine,4,19.509366951166
2023,FEB,Office of Field Operations,Coastal/Interior,Other,SAN FRANCISCO FIELD OFFICE,Ecstasy,1,0.001322773572
2023,FEB,Office of Field Operations,Coastal/Interior,Other,SAN FRANCISCO FIELD OFFICE,Heroin,1,0.17526749829
2023,FEB,Office of Field Operations,Coastal/Interior,Other,SAN FRANCISCO FIELD OFFICE,Khat (Catha Edulis),1,7.826410301
2023,FEB,Office of Field Operations,Coastal/Interior,Other,SAN FRANCISCO FIELD OFFICE,Marijuana,42,232.710594121065
2023,FEB,Office of Field Operations,Coastal/Interior,Other,SAN FRANCISCO FIELD OFFICE,Methamphetamine,28,308.26598754900203
2023,FEB,Office of Field Operations,Coastal/Interior,Other,SAN FRANCISCO FIELD OFFICE,Other Drugs**,11,5.6834289294552
2023,FEB,Office of Field Operations,Coastal/Interior,Other,SAN JUAN FIELD OFFICE,Cocaine,13,114.658674607746
2023,FEB,Office of Field Operations,Coastal/Interior,Other,SAN JUAN FIELD OFFICE,Marijuana,68,101.7594056118998
2023,FEB,Office of Field Operations,Coastal/Interior,Other,SAN JUAN FIELD OFFICE,Other Drugs**,4,3.039733668456
2023,FEB,Office of Field Operations,Coastal/Interior,Other,TAMPA FIELD OFFICE,Cocaine,1,0.027116858226
2023,FEB,Office of Field Operations,Coastal/Interior,Other,TAMPA FIELD OFFICE,Ecstasy,1,0.000440924524
2023,FEB,Office of Field Operations,Coastal/Interior,Other,TAMPA FIELD OFFICE,Marijuana,14,137.722223915745
2023,FEB,Office of Field Operations,Coastal/Interior,Other,TAMPA FIELD OFFICE,Methamphetamine,2,6.3731010236698
2023,FEB,Office of Field Operations,Coastal/Interior,Other,TAMPA FIELD OFFICE,Other Drugs**,15,2.5480146392912
2023,FEB,Office of Field Operations,Northern Border,Land Only,BOSTON FIELD OFFICE,Marijuana,13,0.4532924568982
2023,FEB,Office of Field Operations,Northern Border,Land Only,BOSTON FIELD OFFICE,Other Drugs**,2,0.000330693393
2023,FEB,Office of Field Operations,Northern Border,Land Only,BUFFALO FIELD OFFICE,Cocaine,1,0.066359140862
2023,FEB,Office of Field Operations,Northern Border,Land Only,BUFFALO FIELD OFFICE,Ecstasy,3,0.784625190458
2023,FEB,Office of Field Operations,Northern Border,Land Only,BUFFALO FIELD OFFICE,Ketamine,1,0.026675933702
2023,FEB,Office of Field Operations,Northern Border,Land Only,BUFFALO FIELD OFFICE,Marijuana,51,6.3086158120348
2023,FEB,Office of Field Operations,Northern Border,Land Only,BUFFALO FIELD OFFICE,Other Drugs**,8,1.5428169557022
2023,FEB,Office of Field Operations,Northern Border,Land Only,DETROIT FIELD OFFICE,Cocaine,3,0.0669543889694
2023,FEB,Office of Field Operations,Northern Border,Land Only,DETROIT FIELD OFFICE,Ecstasy,2,0.012456117803
2023,FEB,Office of Field Operations,Northern Border,Land Only,DETROIT FIELD OFFICE,Marijuana,69,10.6372380028214
2023,FEB,Office of Field Operations,Northern Border,Land Only,DETROIT FIELD OFFICE,Methamphetamine,2,0.0191361243416
2023,FEB,Office of Field Operations,Northern Border,Land Only,DETROIT FIELD OFFICE,Other Drugs**,40,3.4498375682284
2023,FEB,Office of Field Operations,Northern Border,Land Only,SEATTLE FIELD OFFICE,Cocaine,2,0.0067681914434
2023,FEB,Office of Field Operations,Northern Border,Land Only,SEATTLE FIELD OFFICE,Ecstasy,2,0.0101853565044
2023,FEB,Office of Field Operations,Northern Border,Land Only,SEATTLE FIELD OFFICE,Lsd,1,0.0131836432676
2023,FEB,Office of Field Operations,Northern Border,Land Only,SEATTLE FIELD OFFICE,Marijuana,69,4.8456282414028
2023,FEB,Office of Field Operations,Northern Border,Land Only,SEATTLE FIELD OFFICE,Other Drugs**,13,1.67000163465
2023,FEB,Office of Field Operations,Northern Border,Other,BOSTON FIELD OFFICE,Marijuana,4,108.228451811992
2023,FEB,Office of Field Operations,Northern Border,Other,BOSTON FIELD OFFICE,Methamphetamine,1,0.2074770347682
2023,FEB,Office of Field Operations,Northern Border,Other,BOSTON FIELD OFFICE,Other Drugs**,4,7.148488845349999
2023,FEB,Office of Field Operations,Northern Border,Other,BUFFALO FIELD OFFICE,Ecstasy,1,0.00330693393
2023,FEB,Office of Field Operations,Northern Border,Other,BUFFALO FIELD OFFICE,Lsd,1,0.00110231131
2023,FEB,Office of Field Operations,Northern Border,Other,BUFFALO FIELD OFFICE,Marijuana,2,1.32718281724
2023,FEB,Office of Field Operations,Northern Border,Other,BUFFALO FIELD OFFICE,Other Drugs**,2,4.624636869974
2023,FEB,Office of Field Operations,Northern Border,Other,DETROIT FIELD OFFICE,Fentanyl,1,0.5152643987464
2023,FEB,Office of Field Operations,Northern Border,Other,DETROIT FIELD OFFICE,Marijuana,5,0.6736665339934
2023,FEB,Office of Field Operations,Northern Border,Other,DETROIT FIELD OFFICE,Other Drugs**,9,1.5973152268686
2023,FEB,Office of Field Operations,Northern Border,Other,PORTLAND FIELD OFFICE,Khat (Catha Edulis),1,0.6743720132318
2023,FEB,Office of Field Operations,Northern Border,Other,PORTLAND FIELD OFFICE,Marijuana,4,228.0792331521
2023,FEB,Office of Field Operations,Northern Border,Other,PORTLAND FIELD OFFICE,Other Drugs**,1,0.1834907406626
2023,FEB,Office of Field Operations,Northern Border,Other,SEATTLE FIELD OFFICE,Cocaine,1,26629.63662698
2023,FEB,Office of Field Operations,Northern Border,Other,SEATTLE FIELD OFFICE,Marijuana,3,0.444562151323
2023,FEB,Office of Field Operations,Northern Border,Other,SEATTLE FIELD OFFICE,Other Drugs**,4,3.1056077923416
2023,FEB,Office of Field Operations,Southwest Border,Land Only,EL PASO FIELD OFFICE,Cocaine,12,225.78091407075
2023,FEB,Office of Field Operations,Southwest Border,Land Only,EL PASO FIELD OFFICE,Fentanyl,13,47.73592197294301
2023,FEB,Office of Field Operations,Southwest Border,Land Only,EL PASO FIELD OFFICE,Heroin,1,0.00110231131
2023,FEB,Office of Field Operations,Southwest Border,Land Only,EL PASO FIELD OFFICE,Marijuana,66,365.1012027850544
2023,FEB,Office of Field Operations,Southwest Border,Land Only,EL PASO FIELD OFFICE,Methamphetamine,9,221.236745926406
2023,FEB,Office of Field Operations,Southwest Border,Land Only,EL PASO FIELD OFFICE,Other Drugs**,12,1.1936047326942
2023,FEB,Office of Field Operations,Southwest Border,Land Only,LAREDO FIELD OFFICE,Cocaine,17,593.5962277632864
2023,FEB,Office of Field Operations,Southwest Border,Land Only,LAREDO FIELD OFFICE,Fentanyl,3,0.0188054309486
2023,FEB,Office of Field Operations,Southwest Border,Land Only,LAREDO FIELD OFFICE,Heroin,1,56.9674485008
2023,FEB,Office of Field Operations,Southwest Border,Land Only,LAREDO FIELD OFFICE,Marijuana,15,2.2741343712086
2023,FEB,Office of Field Operations,Southwest Border,Land Only,LAREDO FIELD OFFICE,Methamphetamine,13,85.653887801109
2023,FEB,Office of Field Operations,Southwest Border,Land Only,LAREDO FIELD OFFICE,Other Drugs**,37,24.1181084920498
2023,FEB,Office of Field Operations,Southwest Border,Land Only,SAN DIEGO FIELD OFFICE,Cocaine,25,1058.015811856698
2023,FEB,Office of Field Operations,Southwest Border,Land Only,SAN DIEGO FIELD OFFICE,Ecstasy,1,0.064815905028
2023,FEB,Office of Field Operations,Southwest Border,Land Only,SAN DIEGO FIELD OFFICE,Fentanyl,36,711.877273705502
2023,FEB,Office of Field Operations,Southwest Border,Land Only,SAN DIEGO FIELD OFFICE,Heroin,6,39.31768072960401
2023,FEB,Office of Field Operations,Southwest Border,Land Only,SAN DIEGO FIELD OFFICE,Marijuana,41,1477.024931962965
2023,FEB,Office of Field Operations,Southwest Border,Land Only,SAN DIEGO FIELD OFFICE,Methamphetamine,64,7890.253746990318
2023,FEB,Office of Field Operations,Southwest Border,Land Only,SAN DIEGO FIELD OFFICE,Other Drugs**,24,12.761678498132
2023,FEB,Office of Field Operations,Southwest Border,Land Only,TUCSON FIELD OFFICE,Cocaine,4,8.8385966382944
2023,FEB,Office of Field Operations,Southwest Border,Land Only,TUCSON FIELD OFFICE,Fentanyl,32,1147.3259780881722
2023,FEB,Office of Field Operations,Southwest Border,Land Only,TUCSON FIELD OFFICE,Marijuana,11,0.5440347239374
2023,FEB,Office of Field Operations,Southwest Border,Land Only,TUCSON FIELD OFFICE,Methamphetamine,12,380.0459867864152
2023,FEB,Office of Field Operations,Southwest Border,Land Only,TUCSON FIELD OFFICE,Other Drugs**,6,7.5838356741214
2023,FEB,Office of Field Operations,Southwest Border,Other,EL PASO FIELD OFFICE,Cocaine,1,5.51155655
2023,FEB,Office of Field Operations,Southwest Border,Other,EL PASO FIELD OFFICE,Marijuana,1,22.4430582716
2023,FEB,Office of Field Operations,Southwest Border,Other,LAREDO FIELD OFFICE,Methamphetamine,1,45.1065788052
2023,FEB,Office of Field Operations,Southwest Border,Other,LAREDO FIELD OFFICE,Other Drugs**,1,0.0660064012428
2023,FEB,Office of Field Operations,Southwest Border,Other,SAN DIEGO FIELD OFFICE,Marijuana,1,0.019621141318
2023,FEB,Office of Field Operations,Southwest Border,Other,SAN DIEGO FIELD OFFICE,Methamphetamine,1,0.550714730476
2023,FEB,Office of Field Operations,Southwest Border,Other,SAN DIEGO FIELD OFFICE,Other Drugs**,3,0.7773499358120001
2023,FEB,Office of Field Operations,Southwest Border,Other,TUCSON FIELD OFFICE,Marijuana,1,0.319449817638
2023,FEB,Office of Field Operations,Southwest Border,Other,TUCSON FIELD OFFICE,Other Drugs**,1,0.01212542441
2023,FEB,U.S. Border Patrol,Coastal/Interior,Other,MIAMI SECTOR,Cocaine,1,2.4537
2023,FEB,U.S. Border Patrol,Coastal/Interior,Other,MIAMI SECTOR,Marijuana,3,3.1966
2023,FEB,U.S. Border Patrol,Coastal/Interior,Other,MIAMI SECTOR,Methamphetamine,1,2.4586
2023,FEB,U.S. Border Patrol,Coastal/Interior,Other,NEW ORLEANS SECTOR,Ecstasy,1,0.388
2023,FEB,U.S. Border Patrol,Coastal/Interior,Other,NEW ORLEANS SECTOR,Marijuana,1,0.022
2023,FEB,U.S. Border Patrol,Northern Border,Land Only,BLAINE SECTOR,Marijuana,1,0.0013
2023,FEB,U.S. Border Patrol,Northern Border,Land Only,BUFFALO SECTOR,Cocaine,1,0.0617
2023,FEB,U.S. Border Patrol,Northern Border,Land Only,BUFFALO SECTOR,Fentanyl,1,0.0441
2023,FEB,U.S. Border Patrol,Northern Border,Land Only,BUFFALO SECTOR,Marijuana,1,0.3554
2023,FEB,U.S. Border Patrol,Northern Border,Land Only,DETROIT SECTOR,Marijuana,5,21.1708
2023,FEB,U.S. Border Patrol,Northern Border,Land Only,DETROIT SECTOR,Other Drugs**,2,16.3761
2023,FEB,U.S. Border Patrol,Northern Border,Land Only,HOULTON SECTOR,Cocaine,1,0.0002
2023,FEB,U.S. Border Patrol,Northern Border,Land Only,HOULTON SECTOR,Marijuana,2,0.0176
2023,FEB,U.S. Border Patrol,Northern Border,Land Only,SPOKANE SECTOR,Cocaine,1,0.017
2023,FEB,U.S. Border Patrol,Northern Border,Land Only,SPOKANE SECTOR,Fentanyl,1,0.0123
2023,FEB,U.S. Border Patrol,Northern Border,Land Only,SPOKANE SECTOR,Heroin,1,0.0062
2023,FEB,U.S. Border Patrol,Northern Border,Land Only,SPOKANE SECTOR,Marijuana,1,0.02
2023,FEB,U.S. Border Patrol,Northern Border,Land Only,SPOKANE SECTOR,Methamphetamine,1,0.0675
2023,FEB,U.S. Border Patrol,Northern Border,Land Only,SPOKANE SECTOR,Other Drugs**,2,578.2624000000001
2023,FEB,U.S. Border Patrol,Northern Border,Land Only,SWANTON SECTOR,Marijuana,1,0.1052
2023,FEB,U.S. Border Patrol,Southwest Border,Land Only,BIG BEND SECTOR,Cocaine,5,28.3881
2023,FEB,U.S. Border Patrol,Southwest Border,Land Only,BIG BEND SECTOR,Ecstasy,1,0.0022
2023,FEB,U.S. Border Patrol,Southwest Border,Land Only,BIG BEND SECTOR,Fentanyl,2,2.2465
2023,FEB,U.S. Border Patrol,Southwest Border,Land Only,BIG BEND SECTOR,Heroin,1,0.0022
2023,FEB,U.S. Border Patrol,Southwest Border,Land Only,BIG BEND SECTOR,Marijuana,73,1268.0753
2023,FEB,U.S. Border Patrol,Southwest Border,Land Only,BIG BEND SECTOR,Methamphetamine,6,0.1679
2023,FEB,U.S. Border Patrol,Southwest Border,Land Only,BIG BEND SECTOR,Other Drugs**,8,1.4167
2023,FEB,U.S. Border Patrol,Southwest Border,Land Only,DEL RIO SECTOR,Cocaine,2,0.0055
2023,FEB,U.S. Border Patrol,Southwest Border,Land Only,DEL RIO SECTOR,Heroin,1,0.0055
2023,FEB,U.S. Border Patrol,Southwest Border,Land Only,DEL RIO SECTOR,Marijuana,14,156.77900000000002
2023,FEB,U.S. Border Patrol,Southwest Border,Land Only,DEL RIO SECTOR,Methamphetamine,5,1.9787
2023,FEB,U.S. Border Patrol,Southwest Border,Land Only,DEL RIO SECTOR,Other Drugs**,1,0.0
2023,FEB,U.S. Border Patrol,Southwest Border,Land Only,EL CENTRO SECTOR,Cocaine,1,0.0372
2023,FEB,U.S. Border Patrol,Southwest Border,Land Only,EL CENTRO SECTOR,Heroin,1,6.9996
2023,FEB,U.S. Border Patrol,Southwest Border,Land Only,EL CENTRO SECTOR,Methamphetamine,3,735.3227999999999
2023,FEB,U.S. Border Patrol,Southwest Border,Land Only,EL PASO SECTOR,Cocaine,3,0.0108
2023,FEB,U.S. Border Patrol,Southwest Border,Land Only,EL PASO SECTOR,Fentanyl,6,0.3879
2023,FEB,U.S. Border Patrol,Southwest Border,Land Only,EL PASO SECTOR,Marijuana,19,80.6058
2023,FEB,U.S. Border Patrol,Southwest Border,Land Only,EL PASO SECTOR,Methamphetamine,11,45.4797
2023,FEB,U.S. Border Patrol,Southwest Border,Land Only,EL PASO SECTOR,Other Drugs**,9,1.8077
2023,FEB,U.S. Border Patrol,Southwest Border,Land Only,LAREDO SECTOR,Cocaine,4,63.3033
2023,FEB,U.S. Border Patrol,Southwest Border,Land Only,LAREDO SECTOR,Marijuana,15,890.135
2023,FEB,U.S. Border Patrol,Southwest Border,Land Only,LAREDO SECTOR,Other Drugs**,3,0.5889
2023,FEB,U.S. Border Patrol,Southwest Border,Land Only,RIO GRANDE VALLEY SECTOR,Cocaine,6,129.6189
2023,FEB,U.S. Border Patrol,Southwest Border,Land Only,RIO GRANDE VALLEY SECTOR,Ecstasy,1,0.0
2023,FEB,U.S. Border Patrol,Southwest Border,Land Only,RIO GRANDE VALLEY SECTOR,Marijuana,27,2066.0034
2023,FEB,U.S. Border Patrol,Southwest Border,Land Only,RIO GRANDE VALLEY SECTOR,Methamphetamine,2,268.92400000000004
2023,FEB,U.S. Border Patrol,Southwest Border,Land Only,RIO GRANDE VALLEY SECTOR,Other Drugs**,3,1.2543000000000002
2023,FEB,U.S. Border Patrol,Southwest Border,Land Only,SAN DIEGO SECTOR,Cocaine,5,147.4933
2023,FEB,U.S. Border Patrol,Southwest Border,Land Only,SAN DIEGO SECTOR,Fentanyl,5,259.5967
2023,FEB,U.S. Border Patrol,Southwest Border,Land Only,SAN DIEGO SECTOR,Heroin,2,9.3695
2023,FEB,U.S. Border Patrol,Southwest Border,Land Only,SAN DIEGO SECTOR,Marijuana,6,1.0356999999999998
2023,FEB,U.S. Border Patrol,Southwest Border,Land Only,SAN DIEGO SECTOR,Methamphetamine,10,180.9365
2023,FEB,U.S. Border Patrol,Southwest Border,Land Only,SAN DIEGO SECTOR,Other Drugs**,1,0.0505
2023,FEB,U.S. Border Patrol,Southwest Border,Land Only,TUCSON SECTOR,Cocaine,4,8.8858
2023,FEB,U.S. Border Patrol,Southwest Border,Land Only,TUCSON SECTOR,Fentanyl,14,24.2441
2023,FEB,U.S. Border Patrol,Southwest Border,Land Only,TUCSON SECTOR,Marijuana,38,90.9622
2023,FEB,U.S. Border Patrol,Southwest Border,Land Only,TUCSON SECTOR,Methamphetamine,20,479.9173
2023,FEB,U.S. Border Patrol,Southwest Border,Land Only,TUCSON SECTOR,Other Drugs**,8,0.6234
2023,FEB,U.S. Border Patrol,Southwest Border,Land Only,YUMA SECTOR,Fentanyl,1,93.9821
2023,FEB,U.S. Border Patrol,Southwest Border,Land Only,YUMA SECTOR,Marijuana,25,11.6995
2023,FEB,U.S. Border Patrol,Southwest Border,Land Only,YUMA SECTOR,Methamphetamine,3,0.2145999999999999
2023,FEB,U.S. Border Patrol,Southwest Border,Land Only,YUMA SECTOR,Other Drugs**,2,0.0233
2023,JAN,Office of Field Operations,Coastal/Interior,Other,ATLANTA FIELD OFFICE,Marijuana,10,595.4150414247864
2023,JAN,Office of Field Operations,Coastal/Interior,Other,ATLANTA FIELD OFFICE,Other Drugs**,2,0.335984487288
2023,JAN,Office of Field Operations,Coastal/Interior,Other,BALTIMORE FIELD OFFICE,Cocaine,1,5.732018812
2023,JAN,Office of Field Operations,Coastal/Interior,Other,BALTIMORE FIELD OFFICE,Ketamine,1,50.5079042242
2023,JAN,Office of Field Operations,Coastal/Interior,Other,BALTIMORE FIELD OFFICE,Marijuana,33,232.6010905155296
2023,JAN,Office of Field Operations,Coastal/Interior,Other,BALTIMORE FIELD OFFICE,Other Drugs**,36,14.983276712306
2023,JAN,Office of Field Operations,Coastal/Interior,Other,CHICAGO FIELD OFFICE,Cocaine,21,77.5862036005762
2023,JAN,Office of Field Operations,Coastal/Interior,Other,CHICAGO FIELD OFFICE,Ecstasy,21,4.6805460996172
2023,JAN,Office of Field Operations,Coastal/Interior,Other,CHICAGO FIELD OFFICE,Fentanyl,3,2.053385508268
2023,JAN,Office of Field Operations,Coastal/Interior,Other,CHICAGO FIELD OFFICE,Heroin,5,0.056658801334
2023,JAN,Office of Field Operations,Coastal/Interior,Other,CHICAGO FIELD OFFICE,Ketamine,15,86.2321162218826
2023,JAN,Office of Field Operations,Coastal/Interior,Other,CHICAGO FIELD OFFICE,Khat (Catha Edulis),11,204.407979618898
2023,JAN,Office of Field Operations,Coastal/Interior,Other,CHICAGO FIELD OFFICE,Lsd,5,0.0257499922016
2023,JAN,Office of Field Operations,Coastal/Interior,Other,CHICAGO FIELD OFFICE,Marijuana,320,1782.7130322361786
2023,JAN,Office of Field Operations,Coastal/Interior,Other,CHICAGO FIELD OFFICE,Methamphetamine,35,601.443758348986
2023,JAN,Office of Field Operations,Coastal/Interior,Other,CHICAGO FIELD OFFICE,Other Drugs**,292,627.0824612007284
2023,JAN,Office of Field Operations,Coastal/Interior,Other,HOUSTON FIELD OFFICE,Cocaine,2,1.4200194757682
2023,JAN,Office of Field Operations,Coastal/Interior,Other,HOUSTON FIELD OFFICE,Ecstasy,1,0.0007275254646
2023,JAN,Office of Field Operations,Coastal/Interior,Other,HOUSTON FIELD OFFICE,Marijuana,19,4.967896611908
2023,JAN,Office of Field Operations,Coastal/Interior,Other,HOUSTON FIELD OFFICE,Methamphetamine,1,0.0013889122506
2023,JAN,Office of Field Operations,Coastal/Interior,Other,HOUSTON FIELD OFFICE,Other Drugs**,11,15.7832901686516
2023,JAN,Office of Field Operations,Coastal/Interior,Other,LOS ANGELES FIELD OFFICE,Cocaine,3,4.26925170363
2023,JAN,Office of Field Operations,Coastal/Interior,Other,LOS ANGELES FIELD OFFICE,Ecstasy,4,11.159138315654
2023,JAN,Office of Field Operations,Coastal/Interior,Other,LOS ANGELES FIELD OFFICE,Ketamine,13,32.07946374362
2023,JAN,Office of Field Operations,Coastal/Interior,Other,LOS ANGELES FIELD OFFICE,Khat (Catha Edulis),1,10857.7664035
2023,JAN,Office of Field Operations,Coastal/Interior,Other,LOS ANGELES FIELD OFFICE,Lsd,2,0.00661386786
2023,JAN,Office of Field Operations,Coastal/Interior,Other,LOS ANGELES FIELD OFFICE,Marijuana,40,1358.1636513933954
2023,JAN,Office of Field Operations,Coastal/Interior,Other,LOS ANGELES FIELD OFFICE,Methamphetamine,18,275.449738925778
2023,JAN,Office of Field Operations,Coastal/Interior,Other,LOS ANGELES FIELD OFFICE,Other Drugs**,214,528.626836908482
2023,JAN,Office of Field Operations,Coastal/Interior,Other,MIAMI FIELD OFFICE,Cocaine,8,21.976119200684
2023,JAN,Office of Field Operations,Coastal/Interior,Other,MIAMI FIELD OFFICE,Ecstasy,11,5.005816120972001
2023,JAN,Office of Field Operations,Coastal/Interior,Other,MIAMI FIELD OFFICE,Fentanyl,2,3.38189109908
2023,JAN,Office of Field Operations,Coastal/Interior,Other,MIAMI FIELD OFFICE,Heroin,1,0.00220462262
2023,JAN,Office of Field Operations,Coastal/Interior,Other,MIAMI FIELD OFFICE,Ketamine,12,67.130097392214
2023,JAN,Office of Field Operations,Coastal/Interior,Other,MIAMI FIELD OFFICE,Lsd,3,0.086862131228
2023,JAN,Office of Field Operations,Coastal/Interior,Other,MIAMI FIELD OFFICE,Marijuana,70,248.718689658278
2023,JAN,Office of Field Operations,Coastal/Interior,Other,MIAMI FIELD OFFICE,Methamphetamine,5,0.113978989454
2023,JAN,Office of Field Operations,Coastal/Interior,Other,MIAMI FIELD OFFICE,Other Drugs**,551,561.455431418378
2023,JAN,Office of Field Operations,Coastal/Interior,Other,NEW ORLEANS FIELD OFFICE,Cocaine,7,97.514206341054
2023,JAN,Office of Field Operations,Coastal/Interior,Other,NEW ORLEANS FIELD OFFICE,Ecstasy,2,9.369646135
2023,JAN,Office of Field Operations,Coastal/Interior,Other,NEW ORLEANS FIELD OFFICE,Fentanyl,2,1.727983209556
2023,JAN,Office of Field Operations,Coastal/Interior,Other,NEW ORLEANS FIELD OFFICE,Heroin,1,0.204809441398
2023,JAN,Office of Field Operations,Coastal/Interior,Other,NEW ORLEANS FIELD OFFICE,Ketamine,15,54.84990847429
2023,JAN,Office of Field Operations,Coastal/Interior,Other,NEW ORLEANS FIELD OFFICE,Lsd,2,0.050265395736
2023,JAN,Office of Field Operations,Coastal/Interior,Other,NEW ORLEANS FIELD OFFICE,Marijuana,76,392.4661692407092
2023,JAN,Office of Field Operations,Coastal/Interior,Other,NEW ORLEANS FIELD OFFICE,Methamphetamine,23,151.029436281196
2023,JAN,Office of Field Operations,Coastal/Interior,Other,NEW ORLEANS FIELD OFFICE,Other Drugs**,108,175.5902770877942
2023,JAN,Office of Field Operations,Coastal/Interior,Other,NEW YORK FIELD OFFICE,Cocaine,6,4.025420441858
2023,JAN,Office of Field Operations,Coastal/Interior,Other,NEW YORK FIELD OFFICE,Ecstasy,26,10.716891018082
2023,JAN,Office of Field Operations,Coastal/Interior,Other,NEW YORK FIELD OFFICE,Fentanyl,1,0.490308070688
2023,JAN,Office of Field Operations,Coastal/Interior,Other,NEW YORK FIELD OFFICE,Heroin,3,2.25643125157
2023,JAN,Office of Field Operations,Coastal/Interior,Other,NEW YORK FIELD OFFICE,Ketamine,24,219.3158582376
2023,JAN,Office of Field Operations,Coastal/Interior,Other,NEW YORK FIELD OFFICE,Khat (Catha Edulis),4,2077.85681935
2023,JAN,Office of Field Operations,Coastal/Interior,Other,NEW YORK FIELD OFFICE,Lsd,13,0.0242508488199999
2023,JAN,Office of Field Operations,Coastal/Interior,Other,NEW YORK FIELD OFFICE,Marijuana,50,338.683827223928
2023,JAN,Office of Field Operations,Coastal/Interior,Other,NEW YORK FIELD OFFICE,Methamphetamine,1,3.968320716
2023,JAN,Office of Field Operations,Coastal/Interior,Other,NEW YORK FIELD OFFICE,Other Drugs**,348,762.671778870302
2023,JAN,Office of Field Operations,Coastal/Interior,Other,PRECLEARANCE FIELD OFFICE,Lsd,1,0.003968320716
2023,JAN,Office of Field Operations,Coastal/Interior,Other,PRECLEARANCE FIELD OFFICE,Marijuana,32,7.269390349830799
2023,JAN,Office of Field Operations,Coastal/Interior,Other,PRECLEARANCE FIELD OFFICE,Other Drugs**,14,0.7902028856866
2023,JAN,Office of Field Operations,Coastal/Interior,Other,SAN FRANCISCO FIELD OFFICE,Cocaine,2,0.270727657736
2023,JAN,Office of Field Operations,Coastal/Interior,Other,SAN FRANCISCO FIELD OFFICE,Khat (Catha Edulis),5,93.8287387072
2023,JAN,Office of Field Operations,Coastal/Interior,Other,SAN FRANCISCO FIELD OFFICE,Marijuana,38,202.0813752293334
2023,JAN,Office of Field Operations,Coastal/Interior,Other,SAN FRANCISCO FIELD OFFICE,Methamphetamine,9,70.66146190493001
2023,JAN,Office of Field Operations,Coastal/Interior,Other,SAN FRANCISCO FIELD OFFICE,Other Drugs**,17,90.091241979514
2023,JAN,Office of Field Operations,Coastal/Interior,Other,SAN JUAN FIELD OFFICE,Cocaine,13,137.186390387954
2023,JAN,Office of Field Operations,Coastal/Interior,Other,SAN JUAN FIELD OFFICE,Ecstasy,1,0.319449817638
2023,JAN,Office of Field Operations,Coastal/Interior,Other,SAN JUAN FIELD OFFICE,Fentanyl,2,0.232146761886
2023,JAN,Office of Field Operations,Coastal/Interior,Other,SAN JUAN FIELD OFFICE,Lsd,1,0.000661386786
2023,JAN,Office of Field Operations,Coastal/Interior,Other,SAN JUAN FIELD OFFICE,Marijuana,67,125.8840397869048
2023,JAN,Office of Field Operations,Coastal/Interior,Other,SAN JUAN FIELD OFFICE,Methamphetamine,1,0.003086471668
2023,JAN,Office of Field Operations,Coastal/Interior,Other,SAN JUAN FIELD OFFICE,Other Drugs**,4,1.423524825734
2023,JAN,Office of Field Operations,Coastal/Interior,Other,TAMPA FIELD OFFICE,Cocaine,2,370.943629097864
2023,JAN,Office of Field Operations,Coastal/Interior,Other,TAMPA FIELD OFFICE,Ecstasy,6,0.111553904572
2023,JAN,Office of Field Operations,Coastal/Interior,Other,TAMPA FIELD OFFICE,Ketamine,7,69.86779776173
2023,JAN,Office of Field Operations,Coastal/Interior,Other,TAMPA FIELD OFFICE,Marijuana,13,1.370283189461
2023,JAN,Office of Field Operations,Coastal/Interior,Other,TAMPA FIELD OFFICE,Methamphetamine,1,1.008173924126
2023,JAN,Office of Field Operations,Coastal/Interior,Other,TAMPA FIELD OFFICE,Other Drugs**,14,3.2918102188268
2023,JAN,Office of Field Operations,Northern Border,Land Only,BOSTON FIELD OFFICE,Cocaine,1,0.05842249943
2023,JAN,Office of Field Operations,Northern Border,Land Only,BOSTON FIELD OFFICE,Fentanyl,1,0.009700339528
2023,JAN,Office of Field Operations,Northern Border,Land Only,BOSTON FIELD OFFICE,Marijuana,18,1.5100783097952
2023,JAN,Office of Field Operations,Northern Border,Land Only,BOSTON FIELD OFFICE,Methamphetamine,1,0.005952481074
2023,JAN,Office of Field Operations,Northern Border,Land Only,BOSTON FIELD OFFICE,Other Drugs**,3,4.0702183734964
2023,JAN,Office of Field Operations,Northern Border,Land Only,BUFFALO FIELD OFFICE,Cocaine,1,0.009038952742
2023,JAN,Office of Field Operations,Northern Border,Land Only,BUFFALO FIELD OFFICE,Ecstasy,3,0.11464037624
2023,JAN,Office of Field Operations,Northern Border,Land Only,BUFFALO FIELD OFFICE,Ketamine,3,0.031085178942
2023,JAN,Office of Field Operations,Northern Border,Land Only,BUFFALO FIELD OFFICE,Marijuana,46,11.2097564510092
2023,JAN,Office of Field Operations,Northern Border,Land Only,BUFFALO FIELD OFFICE,Other Drugs**,8,0.980616141376
2023,JAN,Office of Field Operations,Northern Border,Land Only,DETROIT FIELD OFFICE,Cocaine,1,0.0025794084654
2023,JAN,Office of Field Operations,Northern Border,Land Only,DETROIT FIELD OFFICE,Marijuana,62,24.8765868582346
2023,JAN,Office of Field Operations,Northern Border,Land Only,DETROIT FIELD OFFICE,Methamphetamine,2,0.010692419707
2023,JAN,Office of Field Operations,Northern Border,Land Only,DETROIT FIELD OFFICE,Other Drugs**,23,10.284674753431
2023,JAN,Office of Field Operations,Northern Border,Land Only,SEATTLE FIELD OFFICE,Cocaine,1,0.000440924524
2023,JAN,Office of Field Operations,Northern Border,Land Only,SEATTLE FIELD OFFICE,Khat (Catha Edulis),1,0.056658801334
2023,JAN,Office of Field Operations,Northern Border,Land Only,SEATTLE FIELD OFFICE,Lsd,3,0.199959271634
2023,JAN,Office of Field Operations,Northern Border,Land Only,SEATTLE FIELD OFFICE,Marijuana,60,716.0980016652657
2023,JAN,Office of Field Operations,Northern Border,Land Only,SEATTLE FIELD OFFICE,Methamphetamine,1,0.069886537054
2023,JAN,Office of Field Operations,Northern Border,Land Only,SEATTLE FIELD OFFICE,Other Drugs**,9,0.7421641587968
2023,JAN,Office of Field Operations,Northern Border,Other,BOSTON FIELD OFFICE,Ketamine,1,0.146827866492
2023,JAN,Office of Field Operations,Northern Border,Other,BOSTON FIELD OFFICE,Other Drugs**,5,16.1655937771858
2023,JAN,Office of Field Operations,Northern Border,Other,BUFFALO FIELD OFFICE,Marijuana,4,5.537791559178
2023,JAN,Office of Field Operations,Northern Border,Other,BUFFALO FIELD OFFICE,Other Drugs**,2,4.39381288166
2023,JAN,Office of Field Operations,Northern Border,Other,DETROIT FIELD OFFICE,Heroin,1,2.20462262
2023,JAN,Office of Field Operations,Northern Border,Other,DETROIT FIELD OFFICE,Marijuana,10,14.524627022441202
2023,JAN,Office of Field Operations,Northern Border,Other,DETROIT FIELD OFFICE,Other Drugs**,7,0.493174080094
2023,JAN,Office of Field Operations,Northern Border,Other,PORTLAND FIELD OFFICE,Ecstasy,1,0.03417165061
2023,JAN,Office of Field Operations,Northern Border,Other,PORTLAND FIELD OFFICE,Marijuana,4,33.691263341102
2023,JAN,Office of Field Operations,Northern Border,Other,PORTLAND FIELD OFFICE,Other Drugs**,5,13.162037965924
2023,JAN,Office of Field Operations,Northern Border,Other,SEATTLE FIELD OFFICE,Marijuana,4,75.4793559937732
2023,JAN,Office of Field Operations,Southwest Border,Land Only,EL PASO FIELD OFFICE,Cocaine,9,139.8430267837326
2023,JAN,Office of Field Operations,Southwest Border,Land Only,EL PASO FIELD OFFICE,Fentanyl,10,43.0848957702076
2023,JAN,Office of Field Operations,Southwest Border,Land Only,EL PASO FIELD OFFICE,Marijuana,51,5.5798337125414
2023,JAN,Office of Field Operations,Southwest Border,Land Only,EL PASO FIELD OFFICE,Methamphetamine,15,329.047752445301
2023,JAN,Office of Field Operations,Southwest Border,Land Only,EL PASO FIELD OFFICE,Other Drugs**,3,0.31195410073
2023,JAN,Office of Field Operations,Southwest Border,Land Only,LAREDO FIELD OFFICE,Cocaine,18,447.5620474607126
2023,JAN,Office of Field Operations,Southwest Border,Land Only,LAREDO FIELD OFFICE,Fentanyl,3,44.713274129792
2023,JAN,Office of Field Operations,Southwest Border,Land Only,LAREDO FIELD OFFICE,Heroin,4,23.2808148672
2023,JAN,Office of Field Operations,Southwest Border,Land Only,LAREDO FIELD OFFICE,Marijuana,32,3374.3966388068934
2023,JAN,Office of Field Operations,Southwest Border,Land Only,LAREDO FIELD OFFICE,Methamphetamine,12,413.926561071897
2023,JAN,Office of Field Operations,Southwest Border,Land Only,LAREDO FIELD OFFICE,Other Drugs**,33,16.516812206778
2023,JAN,Office of Field Operations,Southwest Border,Land Only,SAN DIEGO FIELD OFFICE,Cocaine,21,1072.138183435894
2023,JAN,Office of Field Operations,Southwest Border,Land Only,SAN DIEGO FIELD OFFICE,Fentanyl,26,399.19322242602
2023,JAN,Office of Field Operations,Southwest Border,Land Only,SAN DIEGO FIELD OFFICE,Heroin,6,34.0834657052
2023,JAN,Office of Field Operations,Southwest Border,Land Only,SAN DIEGO FIELD OFFICE,Marijuana,53,2.2711140382192
2023,JAN,Office of Field Operations,Southwest Border,Land Only,SAN DIEGO FIELD OFFICE,Methamphetamine,56,8223.563806577997
2023,JAN,Office of Field Operations,Southwest Border,Land Only,SAN DIEGO FIELD OFFICE,Other Drugs**,24,1176.459603040722
2023,JAN,Office of Field Operations,Southwest Border,Land Only,TUCSON FIELD OFFICE,Cocaine,5,32.400897721616
2023,JAN,Office of Field Operations,Southwest Border,Land Only,TUCSON FIELD OFFICE,Fentanyl,23,668.799609097488
2023,JAN,Office of Field Operations,Southwest Border,Land Only,TUCSON FIELD OFFICE,Heroin,2,2.096375649358
2023,JAN,Office of Field Operations,Southwest Border,Land Only,TUCSON FIELD OFFICE,Marijuana,6,0.2703308256644
2023,JAN,Office of Field Operations,Southwest Border,Land Only,TUCSON FIELD OFFICE,Methamphetamine,10,402.2948618976456
2023,JAN,Office of Field Operations,Southwest Border,Land Only,TUCSON FIELD OFFICE,Other Drugs**,7,0.8759627056046
2023,JAN,Office of Field Operations,Southwest Border,Other,EL PASO FIELD OFFICE,Marijuana,3,0.138229838274
2023,JAN,Office of Field Operations,Southwest Border,Other,EL PASO FIELD OFFICE,Methamphetamine,1,0.000661386786
2023,JAN,Office of Field Operations,Southwest Border,Other,LAREDO FIELD OFFICE,Other Drugs**,1,1.1702798253746
2023,JAN,Office of Field Operations,Southwest Border,Other,SAN DIEGO FIELD OFFICE,Other Drugs**,1,0.168874092692
2023,JAN,Office of Field Operations,Southwest Border,Other,TUCSON FIELD OFFICE,Fentanyl,2,17.747212091
2023,JAN,Office of Field Operations,Southwest Border,Other,TUCSON FIELD OFFICE,Marijuana,2,1.455932778248
2023,JAN,Office of Field Operations,Southwest Border,Other,TUCSON FIELD OFFICE,Other Drugs**,1,0.517865853438
2023,JAN,U.S. Border Patrol,Coastal/Interior,Other,MIAMI SECTOR,Cocaine,7,227.832
2023,JAN,U.S. Border Patrol,Coastal/Interior,Other,MIAMI SECTOR,Marijuana,3,21.358
2023,JAN,U.S. Border Patrol,Coastal/Interior,Other,MIAMI SECTOR,Other Drugs**,5,0.3307
2023,JAN,U.S. Border Patrol,Coastal/Interior,Other,NEW ORLEANS SECTOR,Cocaine,1,0.0251
2023,JAN,U.S. Border Patrol,Coastal/Interior,Other,NEW ORLEANS SECTOR,Heroin,1,0.0904
2023,JAN,U.S. Border Patrol,Coastal/Interior,Other,NEW ORLEANS SECTOR,Marijuana,2,0.1746
2023,JAN,U.S. Border Patrol,Northern Border,Land Only,DETROIT SECTOR,Marijuana,2,1.6369000000000002
2023,JAN,U.S. Border Patrol,Northern Border,Land Only,DETROIT SECTOR,Methamphetamine,2,0.0253
2023,JAN,U.S. Border Patrol,Northern Border,Land Only,DETROIT SECTOR,Other Drugs**,2,0.038
2023,JAN,U.S. Border Patrol,Northern Border,Land Only,GRAND FORKS SECTOR,Other Drugs**,1,0.0705
2023,JAN,U.S. Border Patrol,Northern Border,Land Only,HAVRE SECTOR,Fentanyl,1,0.097
2023,JAN,U.S. Border Patrol,Northern Border,Land Only,HOULTON SECTOR,Heroin,1,0.0011
2023,JAN,U.S. Border Patrol,Northern Border,Land Only,HOULTON SECTOR,Marijuana,3,0.134
2023,JAN,U.S. Border Patrol,Northern Border,Land Only,HOULTON SECTOR,Methamphetamine,1,0.0001
2023,JAN,U.S. Border Patrol,Northern Border,Land Only,HOULTON SECTOR,Other Drugs**,1,0.0727
2023,JAN,U.S. Border Patrol,Northern Border,Land Only,SWANTON SECTOR,Cocaine,1,0.1455
2023,JAN,U.S. Border Patrol,Northern Border,Land Only,SWANTON SECTOR,Ecstasy,1,45.194
2023,JAN,U.S. Border Patrol,Northern Border,Land Only,SWANTON SECTOR,Fentanyl,1,0.0088
2023,JAN,U.S. Border Patrol,Northern Border,Land Only,SWANTON SECTOR,Marijuana,1,0.0595
2023,JAN,U.S. Border Patrol,Northern Border,Land Only,SWANTON SECTOR,Methamphetamine,2,0.3946
2023,JAN,U.S. Border Patrol,Southwest Border,Land Only,BIG BEND SECTOR,Cocaine,1,0.0551
2023,JAN,U.S. Border Patrol,Southwest Border,Land Only,BIG BEND SECTOR,Heroin,1,0.0088
2023,JAN,U.S. Border Patrol,Southwest Border,Land Only,BIG BEND SECTOR,Marijuana,68,2602.4162
2023,JAN,U.S. Border Patrol,Southwest Border,Land Only,BIG BEND SECTOR,Methamphetamine,5,30.836900000000004
2023,JAN,U.S. Border Patrol,Southwest Border,Land Only,BIG BEND SECTOR,Other Drugs**,4,1.1866
2023,JAN,U.S. Border Patrol,Southwest Border,Land Only,DEL RIO SECTOR,Cocaine,4,0.0117
2023,JAN,U.S. Border Patrol,Southwest Border,Land Only,DEL RIO SECTOR,Marijuana,11,0.2567
2023,JAN,U.S. Border Patrol,Southwest Border,Land Only,DEL RIO SECTOR,Methamphetamine,2,0.0154
2023,JAN,U.S. Border Patrol,Southwest Border,Land Only,DEL RIO SECTOR,Other Drugs**,5,0.3873
2023,JAN,U.S. Border Patrol,Southwest Border,Land Only,EL CENTRO SECTOR,Cocaine,1,2.2932
2023,JAN,U.S. Border Patrol,Southwest Border,Land Only,EL CENTRO SECTOR,Fentanyl,1,0.0265
2023,JAN,U.S. Border Patrol,Southwest Border,Land Only,EL CENTRO SECTOR,Heroin,1,0.0055
2023,JAN,U.S. Border Patrol,Southwest Border,Land Only,EL CENTRO SECTOR,Marijuana,1,0.6437
2023,JAN,U.S. Border Patrol,Southwest Border,Land Only,EL CENTRO SECTOR,Methamphetamine,4,5.0412
2023,JAN,U.S. Border Patrol,Southwest Border,Land Only,EL PASO SECTOR,Cocaine,3,0.033
2023,JAN,U.S. Border Patrol,Southwest Border,Land Only,EL PASO SECTOR,Marijuana,9,0.326
2023,JAN,U.S. Border Patrol,Southwest Border,Land Only,EL PASO SECTOR,Methamphetamine,3,27.2254
2023,JAN,U.S. Border Patrol,Southwest Border,Land Only,EL PASO SECTOR,Other Drugs**,6,0.9457
2023,JAN,U.S. Border Patrol,Southwest Border,Land Only,LAREDO SECTOR,Cocaine,1,0.0031
2023,JAN,U.S. Border Patrol,Southwest Border,Land Only,LAREDO SECTOR,Heroin,1,0.0066
2023,JAN,U.S. Border Patrol,Southwest Border,Land Only,LAREDO SECTOR,Marijuana,10,868.4616
2023,JAN,U.S. Border Patrol,Southwest Border,Land Only,LAREDO SECTOR,Methamphetamine,1,0.009
2023,JAN,U.S. Border Patrol,Southwest Border,Land Only,LAREDO SECTOR,Other Drugs**,4,0.0287
2023,JAN,U.S. Border Patrol,Southwest Border,Land Only,RIO GRANDE VALLEY SECTOR,Cocaine,8,262.137
2023,JAN,U.S. Border Patrol,Southwest Border,Land Only,RIO GRANDE VALLEY SECTOR,Fentanyl,1,0.0705
2023,JAN,U.S. Border Patrol,Southwest Border,Land Only,RIO GRANDE VALLEY SECTOR,Marijuana,35,639.0031
2023,JAN,U.S. Border Patrol,Southwest Border,Land Only,RIO GRANDE VALLEY SECTOR,Other Drugs**,2,0.4123
2023,JAN,U.S. Border Patrol,Southwest Border,Land Only,SAN DIEGO SECTOR,Cocaine,3,79.6447
2023,JAN,U.S. Border Patrol,Southwest Border,Land Only,SAN DIEGO SECTOR,Fentanyl,4,260.5375
2023,JAN,U.S. Border Patrol,Southwest Border,Land Only,SAN DIEGO SECTOR,Heroin,1,4.8501
2023,JAN,U.S. Border Patrol,Southwest Border,Land Only,SAN DIEGO SECTOR,Marijuana,4,3.995
2023,JAN,U.S. Border Patrol,Southwest Border,Land Only,SAN DIEGO SECTOR,Methamphetamine,9,193.2802
2023,JAN,U.S. Border Patrol,Southwest Border,Land Only,SAN DIEGO SECTOR,Other Drugs**,2,0.0182
2023,JAN,U.S. Border Patrol,Southwest Border,Land Only,TUCSON SECTOR,Cocaine,10,91.8632
2023,JAN,U.S. Border Patrol,Southwest Border,Land Only,TUCSON SECTOR,Fentanyl,13,2.7854
2023,JAN,U.S. Border Patrol,Southwest Border,Land Only,TUCSON SECTOR,Heroin,1,0.0044
2023,JAN,U.S. Border Patrol,Southwest Border,Land Only,TUCSON SECTOR,Marijuana,32,1252.3432
2023,JAN,U.S. Border Patrol,Southwest Border,Land Only,TUCSON SECTOR,Methamphetamine,18,276.03270000000003
2023,JAN,U.S. Border Patrol,Southwest Border,Land Only,TUCSON SECTOR,Other Drugs**,4,1.0317
2023,JAN,U.S. Border Patrol,Southwest Border,Land Only,YUMA SECTOR,Fentanyl,2,0.5131
2023,JAN,U.S. Border Patrol,Southwest Border,Land Only,YUMA SECTOR,Marijuana,12,0.6977
2023,JAN,U.S. Border Patrol,Southwest Border,Land Only,YUMA SECTOR,Methamphetamine,3,0.1843999999999999
2023,JAN,U.S. Border Patrol,Southwest Border,Land Only,YUMA SECTOR,Other Drugs**,2,0.7606
2023,JUL,Office of Field Operations,Coastal/Interior,Other,ATLANTA FIELD OFFICE,Cocaine,1,6.0406659788
2023,JUL,Office of Field Operations,Coastal/Interior,Other,ATLANTA FIELD OFFICE,Lsd,1,1.22136093148
2023,JUL,Office of Field Operations,Coastal/Interior,Other,ATLANTA FIELD OFFICE,Marijuana,2,24.5980327901976
2023,JUL,Office of Field Operations,Coastal/Interior,Other,ATLANTA FIELD OFFICE,Other Drugs**,1,0.11684499886
2023,JUL,Office of Field Operations,Coastal/Interior,Other,BALTIMORE FIELD OFFICE,Cocaine,3,4.7074424955812
2023,JUL,Office of Field Operations,Coastal/Interior,Other,BALTIMORE FIELD OFFICE,Ecstasy,7,11.242252588428
2023,JUL,Office of Field Operations,Coastal/Interior,Other,BALTIMORE FIELD OFFICE,Fentanyl,3,10.783470621206
2023,JUL,Office of Field Operations,Coastal/Interior,Other,BALTIMORE FIELD OFFICE,Heroin,1,1.0289194229802
2023,JUL,Office of Field Operations,Coastal/Interior,Other,BALTIMORE FIELD OFFICE,Ketamine,1,0.114419913978
2023,JUL,Office of Field Operations,Coastal/Interior,Other,BALTIMORE FIELD OFFICE,Lsd,1,0.00220462262
2023,JUL,Office of Field Operations,Coastal/Interior,Other,BALTIMORE FIELD OFFICE,Marijuana,88,151.3750990617858
2023,JUL,Office of Field Operations,Coastal/Interior,Other,BALTIMORE FIELD OFFICE,Methamphetamine,1,0.014770971554
2023,JUL,Office of Field Operations,Coastal/Interior,Other,BALTIMORE FIELD OFFICE,Other Drugs**,57,25.127847698236
2023,JUL,Office of Field Operations,Coastal/Interior,Other,CHICAGO FIELD OFFICE,Cocaine,20,55.3608959051536
2023,JUL,Office of Field Operations,Coastal/Interior,Other,CHICAGO FIELD OFFICE,Ecstasy,18,4.518704753083
2023,JUL,Office of Field Operations,Coastal/Interior,Other,CHICAGO FIELD OFFICE,Fentanyl,2,7.495716908
2023,JUL,Office of Field Operations,Coastal/Interior,Other,CHICAGO FIELD OFFICE,Heroin,6,0.0276459676548
2023,JUL,Office of Field Operations,Coastal/Interior,Other,CHICAGO FIELD OFFICE,Ketamine,26,72.6936389435936
2023,JUL,Office of Field Operations,Coastal/Interior,Other,CHICAGO FIELD OFFICE,Khat (Catha Edulis),2,37.588815671
2023,JUL,Office of Field Operations,Coastal/Interior,Other,CHICAGO FIELD OFFICE,Lsd,6,0.0264113789876
2023,JUL,Office of Field Operations,Coastal/Interior,Other,CHICAGO FIELD OFFICE,Marijuana,389,3154.73403752362
2023,JUL,Office of Field Operations,Coastal/Interior,Other,CHICAGO FIELD OFFICE,Methamphetamine,34,366.920192816364
2023,JUL,Office of Field Operations,Coastal/Interior,Other,CHICAGO FIELD OFFICE,Other Drugs**,221,404.099499835699
2023,JUL,Office of Field Operations,Coastal/Interior,Other,HOUSTON FIELD OFFICE,Cocaine,1,5.1367707046
2023,JUL,Office of Field Operations,Coastal/Interior,Other,HOUSTON FIELD OFFICE,Ecstasy,1,7.2973008722
2023,JUL,Office of Field Operations,Coastal/Interior,Other,HOUSTON FIELD OFFICE,Heroin,1,8.928721611
2023,JUL,Office of Field Operations,Coastal/Interior,Other,HOUSTON FIELD OFFICE,Marijuana,15,2.0712649977162
2023,JUL,Office of Field Operations,Coastal/Interior,Other,HOUSTON FIELD OFFICE,Other Drugs**,15,2.4065880982182
2023,JUL,Office of Field Operations,Coastal/Interior,Other,LOS ANGELES FIELD OFFICE,Cocaine,6,231.374923506738
2023,JUL,Office of Field Operations,Coastal/Interior,Other,LOS ANGELES FIELD OFFICE,Ecstasy,9,0.368392439802
2023,JUL,Office of Field Operations,Coastal/Interior,Other,LOS ANGELES FIELD OFFICE,Heroin,1,0.01653466965
2023,JUL,Office of Field Operations,Coastal/Interior,Other,LOS ANGELES FIELD OFFICE,Ketamine,12,73.774829968894
2023,JUL,Office of Field Operations,Coastal/Interior,Other,LOS ANGELES FIELD OFFICE,Khat (Catha Edulis),1,246.1902079754
2023,JUL,Office of Field Operations,Coastal/Interior,Other,LOS ANGELES FIELD OFFICE,Lsd,3,0.013007273458
2023,JUL,Office of Field Operations,Coastal/Interior,Other,LOS ANGELES FIELD OFFICE,Marijuana,46,820.406105349469
2023,JUL,Office of Field Operations,Coastal/Interior,Other,LOS ANGELES FIELD OFFICE,Methamphetamine,28,1568.661526214198
2023,JUL,Office of Field Operations,Coastal/Interior,Other,LOS ANGELES FIELD OFFICE,Other Drugs**,185,2619.299700750423
2023,JUL,Office of Field Operations,Coastal/Interior,Other,MIAMI FIELD OFFICE,Cocaine,25,38.126523128018
2023,JUL,Office of Field Operations,Coastal/Interior,Other,MIAMI FIELD OFFICE,Ecstasy,3,1.4025809108440002
2023,JUL,Office of Field Operations,Coastal/Interior,Other,MIAMI FIELD OFFICE,Fentanyl,3,11.317871144294
2023,JUL,Office of Field Operations,Coastal/Interior,Other,MIAMI FIELD OFFICE,Heroin,1,2.2487150724
2023,JUL,Office of Field Operations,Coastal/Interior,Other,MIAMI FIELD OFFICE,Ketamine,9,17.365371453216
2023,JUL,Office of Field Operations,Coastal/Interior,Other,MIAMI FIELD OFFICE,Khat (Catha Edulis),2,8627.680392239
2023,JUL,Office of Field Operations,Coastal/Interior,Other,MIAMI FIELD OFFICE,Lsd,1,0.009479877266
2023,JUL,Office of Field Operations,Coastal/Interior,Other,MIAMI FIELD OFFICE,Marijuana,40,91.402441282759
2023,JUL,Office of Field Operations,Coastal/Interior,Other,MIAMI FIELD OFFICE,Methamphetamine,1,0.21825763938
2023,JUL,Office of Field Operations,Coastal/Interior,Other,MIAMI FIELD OFFICE,Other Drugs**,561,349.213766243834
2023,JUL,Office of Field Operations,Coastal/Interior,Other,NEW ORLEANS FIELD OFFICE,Cocaine,6,14.580051235108
2023,JUL,Office of Field Operations,Coastal/Interior,Other,NEW ORLEANS FIELD OFFICE,Fentanyl,1,2.9321480846
2023,JUL,Office of Field Operations,Coastal/Interior,Other,NEW ORLEANS FIELD OFFICE,Ketamine,22,325.13553937498
2023,JUL,Office of Field Operations,Coastal/Interior,Other,NEW ORLEANS FIELD OFFICE,Marijuana,201,1606.183541819812
2023,JUL,Office of Field Operations,Coastal/Interior,Other,NEW ORLEANS FIELD OFFICE,Methamphetamine,14,77.33044533043001
2023,JUL,Office of Field Operations,Coastal/Interior,Other,NEW ORLEANS FIELD OFFICE,Other Drugs**,101,176.41610667502
2023,JUL,Office of Field Operations,Coastal/Interior,Other,NEW YORK FIELD OFFICE,Cocaine,8,1.179032177176
2023,JUL,Office of Field Operations,Coastal/Interior,Other,NEW YORK FIELD OFFICE,Ecstasy,68,17.388079066202
2023,JUL,Office of Field Operations,Coastal/Interior,Other,NEW YORK FIELD OFFICE,Fentanyl,1,0.031746565728
2023,JUL,Office of Field Operations,Coastal/Interior,Other,NEW YORK FIELD OFFICE,Heroin,6,0.046958461806
2023,JUL,Office of Field Operations,Coastal/Interior,Other,NEW YORK FIELD OFFICE,Ketamine,12,113.827531880006
2023,JUL,Office of Field Operations,Coastal/Interior,Other,NEW YORK FIELD OFFICE,Khat (Catha Edulis),1,661.386786
2023,JUL,Office of Field Operations,Coastal/Interior,Other,NEW YORK FIELD OFFICE,Lsd,40,0.4913221970932
2023,JUL,Office of Field Operations,Coastal/Interior,Other,NEW YORK FIELD OFFICE,Marijuana,72,382.134183285853
2023,JUL,Office of Field Operations,Coastal/Interior,Other,NEW YORK FIELD OFFICE,Methamphetamine,7,2.108280611506
2023,JUL,Office of Field Operations,Coastal/Interior,Other,NEW YORK FIELD OFFICE,Other Drugs**,458,4164.167065720354
2023,JUL,Office of Field Operations,Coastal/Interior,Other,PRECLEARANCE FIELD OFFICE,Cocaine,1,0.00220462262
2023,JUL,Office of Field Operations,Coastal/Interior,Other,PRECLEARANCE FIELD OFFICE,Marijuana,27,3.661988402951
2023,JUL,Office of Field Operations,Coastal/Interior,Other,PRECLEARANCE FIELD OFFICE,Other Drugs**,15,1.106059168454
2023,JUL,Office of Field Operations,Coastal/Interior,Other,SAN FRANCISCO FIELD OFFICE,Cocaine,1,0.0110231131
2023,JUL,Office of Field Operations,Coastal/Interior,Other,SAN FRANCISCO FIELD OFFICE,Ecstasy,2,0.0243831261772
2023,JUL,Office of Field Operations,Coastal/Interior,Other,SAN FRANCISCO FIELD OFFICE,Heroin,1,0.000440924524
2023,JUL,Office of Field Operations,Coastal/Interior,Other,SAN FRANCISCO FIELD OFFICE,Ketamine,2,1.736581237774
2023,JUL,Office of Field Operations,Coastal/Interior,Other,SAN FRANCISCO FIELD OFFICE,Khat (Catha Edulis),1,179.015356744
2023,JUL,Office of Field Operations,Coastal/Interior,Other,SAN FRANCISCO FIELD OFFICE,Marijuana,34,171.93763628475202
2023,JUL,Office of Field Operations,Coastal/Interior,Other,SAN FRANCISCO FIELD OFFICE,Methamphetamine,21,152.137479610008
2023,JUL,Office of Field Operations,Coastal/Interior,Other,SAN FRANCISCO FIELD OFFICE,Other Drugs**,16,825.8819911054775
2023,JUL,Office of Field Operations,Coastal/Interior,Other,SAN JUAN FIELD OFFICE,Cocaine,17,4477.8530959344
2023,JUL,Office of Field Operations,Coastal/Interior,Other,SAN JUAN FIELD OFFICE,Marijuana,59,82.1716202341404
2023,JUL,Office of Field Operations,Coastal/Interior,Other,SAN JUAN FIELD OFFICE,Other Drugs**,1,0.437397127808
2023,JUL,Office of Field Operations,Coastal/Interior,Other,TAMPA FIELD OFFICE,Cocaine,1,7.0988848364
2023,JUL,Office of Field Operations,Coastal/Interior,Other,TAMPA FIELD OFFICE,Marijuana,19,1.9453369536618
2023,JUL,Office of Field Operations,Coastal/Interior,Other,TAMPA FIELD OFFICE,Other Drugs**,11,3.249172817356
2023,JUL,Office of Field Operations,Northern Border,Land Only,BOSTON FIELD OFFICE,Cocaine,1,0.053131405142
2023,JUL,Office of Field Operations,Northern Border,Land Only,BOSTON FIELD OFFICE,Marijuana,41,4.5338725567086
2023,JUL,Office of Field Operations,Northern Border,Land Only,BOSTON FIELD OFFICE,Other Drugs**,11,0.845031850246
2023,JUL,Office of Field Operations,Northern Border,Land Only,BUFFALO FIELD OFFICE,Ketamine,1,111.884597965
2023,JUL,Office of Field Operations,Northern Border,Land Only,BUFFALO FIELD OFFICE,Marijuana,41,2109.1661863662275
2023,JUL,Office of Field Operations,Northern Border,Land Only,BUFFALO FIELD OFFICE,Methamphetamine,2,0.0412043967678
2023,JUL,Office of Field Operations,Northern Border,Land Only,BUFFALO FIELD OFFICE,Other Drugs**,4,0.334661713716
2023,JUL,Office of Field Operations,Northern Border,Land Only,DETROIT FIELD OFFICE,Cocaine,1,0.0217816714856
2023,JUL,Office of Field Operations,Northern Border,Land Only,DETROIT FIELD OFFICE,Heroin,1,0.0251547440942
2023,JUL,Office of Field Operations,Northern Border,Land Only,DETROIT FIELD OFFICE,Khat (Catha Edulis),1,0.0428578637328
2023,JUL,Office of Field Operations,Northern Border,Land Only,DETROIT FIELD OFFICE,Marijuana,128,11.5016925783496
2023,JUL,Office of Field Operations,Northern Border,Land Only,DETROIT FIELD OFFICE,Methamphetamine,2,113.367757832605
2023,JUL,Office of Field Operations,Northern Border,Land Only,DETROIT FIELD OFFICE,Other Drugs**,91,13.727633899085
2023,JUL,Office of Field Operations,Northern Border,Land Only,SEATTLE FIELD OFFICE,Cocaine,8,0.1830277699124
2023,JUL,Office of Field Operations,Northern Border,Land Only,SEATTLE FIELD OFFICE,Ecstasy,2,0.0032407952514
2023,JUL,Office of Field Operations,Northern Border,Land Only,SEATTLE FIELD OFFICE,Fentanyl,1,0.000881849048
2023,JUL,Office of Field Operations,Northern Border,Land Only,SEATTLE FIELD OFFICE,Lsd,5,0.008598028218
2023,JUL,Office of Field Operations,Northern Border,Land Only,SEATTLE FIELD OFFICE,Marijuana,140,324.2556965335642
2023,JUL,Office of Field Operations,Northern Border,Land Only,SEATTLE FIELD OFFICE,Methamphetamine,2,0.0699747219588
2023,JUL,Office of Field Operations,Northern Border,Land Only,SEATTLE FIELD OFFICE,Other Drugs**,25,3.940873164381
2023,JUL,Office of Field Operations,Northern Border,Other,BOSTON FIELD OFFICE,Ecstasy,1,0.0661386786
2023,JUL,Office of Field Operations,Northern Border,Other,BOSTON FIELD OFFICE,Other Drugs**,1,0.094357848136
2023,JUL,Office of Field Operations,Northern Border,Other,BUFFALO FIELD OFFICE,Marijuana,10,17.481334603028
2023,JUL,Office of Field Operations,Northern Border,Other,BUFFALO FIELD OFFICE,Methamphetamine,3,0.595027645138
2023,JUL,Office of Field Operations,Northern Border,Other,BUFFALO FIELD OFFICE,Other Drugs**,7,6.137845743889599
2023,JUL,Office of Field Operations,Northern Border,Other,DETROIT FIELD OFFICE,Ecstasy,4,8.9066753848
2023,JUL,Office of Field Operations,Northern Border,Other,DETROIT FIELD OFFICE,Lsd,8,0.085318895394
2023,JUL,Office of Field Operations,Northern Border,Other,DETROIT FIELD OFFICE,Marijuana,13,22.0941546957588
2023,JUL,Office of Field Operations,Northern Border,Other,DETROIT FIELD OFFICE,Other Drugs**,29,8.057454751576
2023,JUL,Office of Field Operations,Northern Border,Other,PORTLAND FIELD OFFICE,Marijuana,7,19.951834711
2023,JUL,Office of Field Operations,Northern Border,Other,PORTLAND FIELD OFFICE,Methamphetamine,1,2.2487150724
2023,JUL,Office of Field Operations,Northern Border,Other,PORTLAND FIELD OFFICE,Other Drugs**,4,11.4272645186984
2023,JUL,Office of Field Operations,Northern Border,Other,SEATTLE FIELD OFFICE,Cocaine,1,0.000440924524
2023,JUL,Office of Field Operations,Northern Border,Other,SEATTLE FIELD OFFICE,Ecstasy,3,0.590949093291
2023,JUL,Office of Field Operations,Northern Border,Other,SEATTLE FIELD OFFICE,Ketamine,1,49.2953617832
2023,JUL,Office of Field Operations,Northern Border,Other,SEATTLE FIELD OFFICE,Marijuana,11,67.767453791656
2023,JUL,Office of Field Operations,Northern Border,Other,SEATTLE FIELD OFFICE,Other Drugs**,4,1.1603590235846
2023,JUL,Office of Field Operations,Southwest Border,Land Only,EL PASO FIELD OFFICE,Cocaine,13,132.245831096534
2023,JUL,Office of Field Operations,Southwest Border,Land Only,EL PASO FIELD OFFICE,Fentanyl,4,6.432206956112
2023,JUL,Office of Field Operations,Southwest Border,Land Only,EL PASO FIELD OFFICE,Marijuana,54,342.7462412333496
2023,JUL,Office of Field Operations,Southwest Border,Land Only,EL PASO FIELD OFFICE,Methamphetamine,10,40.4480568855566
2023,JUL,Office of Field Operations,Southwest Border,Land Only,EL PASO FIELD OFFICE,Other Drugs**,18,14.8645798304452
2023,JUL,Office of Field Operations,Southwest Border,Land Only,LAREDO FIELD OFFICE,Cocaine,15,369.723590939956
2023,JUL,Office of Field Operations,Southwest Border,Land Only,LAREDO FIELD OFFICE,Fentanyl,2,6.976925113061601
2023,JUL,Office of Field Operations,Southwest Border,Land Only,LAREDO FIELD OFFICE,Heroin,3,20.1133894565936
2023,JUL,Office of Field Operations,Southwest Border,Land Only,LAREDO FIELD OFFICE,Marijuana,15,1754.506142448172
2023,JUL,Office of Field Operations,Southwest Border,Land Only,LAREDO FIELD OFFICE,Methamphetamine,4,127.006765902366
2023,JUL,Office of Field Operations,Southwest Border,Land Only,LAREDO FIELD OFFICE,Other Drugs**,23,37.953350021217
2023,JUL,Office of Field Operations,Southwest Border,Land Only,SAN DIEGO FIELD OFFICE,Cocaine,27,729.330940294649
2023,JUL,Office of Field Operations,Southwest Border,Land Only,SAN DIEGO FIELD OFFICE,Fentanyl,38,765.256698892252
2023,JUL,Office of Field Operations,Southwest Border,Land Only,SAN DIEGO FIELD OFFICE,Heroin,6,39.8595769696
2023,JUL,Office of Field Operations,Southwest Border,Land Only,SAN DIEGO FIELD OFFICE,Marijuana,47,33.3411472228198
2023,JUL,Office of Field Operations,Southwest Border,Land Only,SAN DIEGO FIELD OFFICE,Methamphetamine,73,3888.429976282285
2023,JUL,Office of Field Operations,Southwest Border,Land Only,SAN DIEGO FIELD OFFICE,Other Drugs**,23,39.332738302098605
2023,JUL,Office of Field Operations,Southwest Border,Land Only,TUCSON FIELD OFFICE,Cocaine,7,154.89458065858
2023,JUL,Office of Field Operations,Southwest Border,Land Only,TUCSON FIELD OFFICE,Fentanyl,12,715.7161389812557
2023,JUL,Office of Field Operations,Southwest Border,Land Only,TUCSON FIELD OFFICE,Heroin,2,24.294941272400003
2023,JUL,Office of Field Operations,Southwest Border,Land Only,TUCSON FIELD OFFICE,Marijuana,8,9.387393347091
2023,JUL,Office of Field Operations,Southwest Border,Land Only,TUCSON FIELD OFFICE,Methamphetamine,8,326.433400711374
2023,JUL,Office of Field Operations,Southwest Border,Other,EL PASO FIELD OFFICE,Marijuana,1,0.005070632026
2023,JUL,Office of Field Operations,Southwest Border,Other,TUCSON FIELD OFFICE,Marijuana,3,124.675157019454
2023,JUL,U.S. Border Patrol,Coastal/Interior,Other,MIAMI SECTOR,Cocaine,8,408.7937
2023,JUL,U.S. Border Patrol,Coastal/Interior,Other,MIAMI SECTOR,Marijuana,5,17.2916
2023,JUL,U.S. Border Patrol,Coastal/Interior,Other,MIAMI SECTOR,Other Drugs**,2,87.8692
2023,JUL,U.S. Border Patrol,Coastal/Interior,Other,NEW ORLEANS SECTOR,Ecstasy,2,0.0573
2023,JUL,U.S. Border Patrol,Coastal/Interior,Other,NEW ORLEANS SECTOR,Marijuana,2,0.272
2023,JUL,U.S. Border Patrol,Northern Border,Land Only,BLAINE SECTOR,Marijuana,1,0.0031
2023,JUL,U.S. Border Patrol,Northern Border,Land Only,DETROIT SECTOR,Cocaine,1,0.0551
2023,JUL,U.S. Border Patrol,Northern Border,Land Only,DETROIT SECTOR,Marijuana,5,3.9589
2023,JUL,U.S. Border Patrol,Northern Border,Land Only,DETROIT SECTOR,Other Drugs**,1,15.6335
2023,JUL,U.S. Border Patrol,Northern Border,Land Only,HAVRE SECTOR,Cocaine,1,0.002
2023,JUL,U.S. Border Patrol,Northern Border,Land Only,HOULTON SECTOR,Fentanyl,2,0.0121
2023,JUL,U.S. Border Patrol,Northern Border,Land Only,HOULTON SECTOR,Heroin,1,0.0205
2023,JUL,U.S. Border Patrol,Northern Border,Land Only,HOULTON SECTOR,Marijuana,3,0.8991
2023,JUL,U.S. Border Patrol,Northern Border,Land Only,HOULTON SECTOR,Methamphetamine,2,0.1885
2023,JUL,U.S. Border Patrol,Northern Border,Land Only,HOULTON SECTOR,Other Drugs**,1,0.0163
2023,JUL,U.S. Border Patrol,Northern Border,Land Only,SPOKANE SECTOR,Marijuana,2,6.4510000000000005
2023,JUL,U.S. Border Patrol,Northern Border,Land Only,SWANTON SECTOR,Cocaine,1,0.0022
2023,JUL,U.S. Border Patrol,Northern Border,Land Only,SWANTON SECTOR,Marijuana,3,0.6063000000000001
2023,JUL,U.S. Border Patrol,Southwest Border,Land Only,BIG BEND SECTOR,Cocaine,4,29.2921
2023,JUL,U.S. Border Patrol,Southwest Border,Land Only,BIG BEND SECTOR,Ecstasy,2,0.0088
2023,JUL,U.S. Border Patrol,Southwest Border,Land Only,BIG BEND SECTOR,Fentanyl,1,9.1491
2023,JUL,U.S. Border Patrol,Southwest Border,Land Only,BIG BEND SECTOR,Heroin,1,1.8739
2023,JUL,U.S. Border Patrol,Southwest Border,Land Only,BIG BEND SECTOR,Marijuana,96,1828.1138
2023,JUL,U.S. Border Patrol,Southwest Border,Land Only,BIG BEND SECTOR,Methamphetamine,7,3.2851
2023,JUL,U.S. Border Patrol,Southwest Border,Land Only,BIG BEND SECTOR,Other Drugs**,12,8.0379
2023,JUL,U.S. Border Patrol,Southwest Border,Land Only,DEL RIO SECTOR,Cocaine,1,0.0088
2023,JUL,U.S. Border Patrol,Southwest Border,Land Only,DEL RIO SECTOR,Marijuana,5,0.0992
2023,JUL,U.S. Border Patrol,Southwest Border,Land Only,DEL RIO SECTOR,Methamphetamine,5,0.0419
2023,JUL,U.S. Border Patrol,Southwest Border,Land Only,DEL RIO SECTOR,Other Drugs**,1,0.0022
2023,JUL,U.S. Border Patrol,Southwest Border,Land Only,EL CENTRO SECTOR,Cocaine,1,0.0032
2023,JUL,U.S. Border Patrol,Southwest Border,Land Only,EL CENTRO SECTOR,Fentanyl,3,6.373500000000001
2023,JUL,U.S. Border Patrol,Southwest Border,Land Only,EL CENTRO SECTOR,Marijuana,4,0.1791999999999999
2023,JUL,U.S. Border Patrol,Southwest Border,Land Only,EL CENTRO SECTOR,Methamphetamine,3,6.9877
2023,JUL,U.S. Border Patrol,Southwest Border,Land Only,EL CENTRO SECTOR,Other Drugs**,1,0.0123
2023,JUL,U.S. Border Patrol,Southwest Border,Land Only,EL PASO SECTOR,Cocaine,6,36.1197
2023,JUL,U.S. Border Patrol,Southwest Border,Land Only,EL PASO SECTOR,Fentanyl,1,0.0441
2023,JUL,U.S. Border Patrol,Southwest Border,Land Only,EL PASO SECTOR,Marijuana,21,8.8764
2023,JUL,U.S. Border Patrol,Southwest Border,Land Only,EL PASO SECTOR,Methamphetamine,4,406.0562
2023,JUL,U.S. Border Patrol,Southwest Border,Land Only,EL PASO SECTOR,Other Drugs**,12,5.7315000000000005
2023,JUL,U.S. Border Patrol,Southwest Border,Land Only,LAREDO SECTOR,Cocaine,1,0.0072
2023,JUL,U.S. Border Patrol,Southwest Border,Land Only,LAREDO SECTOR,Ecstasy,1,0.0218
2023,JUL,U.S. Border Patrol,Southwest Border,Land Only,LAREDO SECTOR,Fentanyl,1,2.6455
2023,JUL,U.S. Border Patrol,Southwest Border,Land Only,LAREDO SECTOR,Marijuana,10,0.69
2023,JUL,U.S. Border Patrol,Southwest Border,Land Only,LAREDO SECTOR,Methamphetamine,1,0.011
2023,JUL,U.S. Border Patrol,Southwest Border,Land Only,RIO GRANDE VALLEY SECTOR,Cocaine,5,31.3771
2023,JUL,U.S. Border Patrol,Southwest Border,Land Only,RIO GRANDE VALLEY SECTOR,Ecstasy,1,0.0022
2023,JUL,U.S. Border Patrol,Southwest Border,Land Only,RIO GRANDE VALLEY SECTOR,Heroin,2,2.7161
2023,JUL,U.S. Border Patrol,Southwest Border,Land Only,RIO GRANDE VALLEY SECTOR,Marijuana,41,1086.7357
2023,JUL,U.S. Border Patrol,Southwest Border,Land Only,RIO GRANDE VALLEY SECTOR,Methamphetamine,1,0.0375
2023,JUL,U.S. Border Patrol,Southwest Border,Land Only,RIO GRANDE VALLEY SECTOR,Other Drugs**,5,0.1649
2023,JUL,U.S. Border Patrol,Southwest Border,Land Only,SAN DIEGO SECTOR,Cocaine,4,62.181
2023,JUL,U.S. Border Patrol,Southwest Border,Land Only,SAN DIEGO SECTOR,Fentanyl,4,44.7401
2023,JUL,U.S. Border Patrol,Southwest Border,Land Only,SAN DIEGO SECTOR,Heroin,1,0.0441
2023,JUL,U.S. Border Patrol,Southwest Border,Land Only,SAN DIEGO SECTOR,Marijuana,5,27.4292
2023,JUL,U.S. Border Patrol,Southwest Border,Land Only,SAN DIEGO SECTOR,Methamphetamine,5,182.2788
2023,JUL,U.S. Border Patrol,Southwest Border,Land Only,TUCSON SECTOR,Cocaine,5,0.0366
2023,JUL,U.S. Border Patrol,Southwest Border,Land Only,TUCSON SECTOR,Fentanyl,10,20.3343
2023,JUL,U.S. Border Patrol,Southwest Border,Land Only,TUCSON SECTOR,Marijuana,31,0.8927
2023,JUL,U.S. Border Patrol,Southwest Border,Land Only,TUCSON SECTOR,Methamphetamine,9,107.2661
2023,JUL,U.S. Border Patrol,Southwest Border,Land Only,TUCSON SECTOR,Other Drugs**,4,0.1146
2023,JUL,U.S. Border Patrol,Southwest Border,Land Only,YUMA SECTOR,Cocaine,1,33.516
2023,JUL,U.S. Border Patrol,Southwest Border,Land Only,YUMA SECTOR,Fentanyl,4,178.2883
2023,JUL,U.S. Border Patrol,Southwest Border,Land Only,YUMA SECTOR,Marijuana,4,0.1041
2023,JUL,U.S. Border Patrol,Southwest Border,Land Only,YUMA SECTOR,Methamphetamine,5,79.8544
2023,JUN,Office of Field Operations,Coastal/Interior,Other,ATLANTA FIELD OFFICE,Cocaine,2,4.32326495782
2023,JUN,Office of Field Operations,Coastal/Interior,Other,ATLANTA FIELD OFFICE,Marijuana,1,0.21715532807
2023,JUN,Office of Field Operations,Coastal/Interior,Other,ATLANTA FIELD OFFICE,Other Drugs**,2,13.60693081064
2023,JUN,Office of Field Operations,Coastal/Interior,Other,BALTIMORE FIELD OFFICE,Cocaine,1,0.0033510263824
2023,JUN,Office of Field Operations,Coastal/Interior,Other,BALTIMORE FIELD OFFICE,Ecstasy,3,0.08157103694
2023,JUN,Office of Field Operations,Coastal/Interior,Other,BALTIMORE FIELD OFFICE,Fentanyl,1,0.009038952742
2023,JUN,Office of Field Operations,Coastal/Interior,Other,BALTIMORE FIELD OFFICE,Marijuana,50,76.4143364469152
2023,JUN,Office of Field Operations,Coastal/Interior,Other,BALTIMORE FIELD OFFICE,Other Drugs**,33,142.77466780513
2023,JUN,Office of Field Operations,Coastal/Interior,Other,CHICAGO FIELD OFFICE,Cocaine,14,76.797367580914
2023,JUN,Office of Field Operations,Coastal/Interior,Other,CHICAGO FIELD OFFICE,Ecstasy,27,11.8747147256536
2023,JUN,Office of Field Operations,Coastal/Interior,Other,CHICAGO FIELD OFFICE,Fentanyl,1,3.527396192
2023,JUN,Office of Field Operations,Coastal/Interior,Other,CHICAGO FIELD OFFICE,Heroin,13,0.4538877050055999
2023,JUN,Office of Field Operations,Coastal/Interior,Other,CHICAGO FIELD OFFICE,Ketamine,41,67.5424500070588
2023,JUN,Office of Field Operations,Coastal/Interior,Other,CHICAGO FIELD OFFICE,Khat (Catha Edulis),2,301.9671602614
2023,JUN,Office of Field Operations,Coastal/Interior,Other,CHICAGO FIELD OFFICE,Lsd,9,0.0424169392088
2023,JUN,Office of Field Operations,Coastal/Interior,Other,CHICAGO FIELD OFFICE,Marijuana,324,2292.8631033362503
2023,JUN,Office of Field Operations,Coastal/Interior,Other,CHICAGO FIELD OFFICE,Methamphetamine,49,353.888999202937
2023,JUN,Office of Field Operations,Coastal/Interior,Other,CHICAGO FIELD OFFICE,Other Drugs**,218,312.2435235875536
2023,JUN,Office of Field Operations,Coastal/Interior,Other,HOUSTON FIELD OFFICE,Cocaine,1,0.002094391489
2023,JUN,Office of Field Operations,Coastal/Interior,Other,HOUSTON FIELD OFFICE,Ecstasy,2,0.92153225516
2023,JUN,Office of Field Operations,Coastal/Interior,Other,HOUSTON FIELD OFFICE,Fentanyl,1,0.046517537282
2023,JUN,Office of Field Operations,Coastal/Interior,Other,HOUSTON FIELD OFFICE,Ketamine,1,6.724098991
2023,JUN,Office of Field Operations,Coastal/Interior,Other,HOUSTON FIELD OFFICE,Khat (Catha Edulis),1,1101.870385476
2023,JUN,Office of Field Operations,Coastal/Interior,Other,HOUSTON FIELD OFFICE,Lsd,2,0.0007275254646
2023,JUN,Office of Field Operations,Coastal/Interior,Other,HOUSTON FIELD OFFICE,Marijuana,23,3.8161356165414
2023,JUN,Office of Field Operations,Coastal/Interior,Other,HOUSTON FIELD OFFICE,Other Drugs**,13,20.3793771756966
2023,JUN,Office of Field Operations,Coastal/Interior,Other,LOS ANGELES FIELD OFFICE,Cocaine,2,0.014550509292
2023,JUN,Office of Field Operations,Coastal/Interior,Other,LOS ANGELES FIELD OFFICE,Ecstasy,12,14.090625013468
2023,JUN,Office of Field Operations,Coastal/Interior,Other,LOS ANGELES FIELD OFFICE,Fentanyl,1,0.06283174467
2023,JUN,Office of Field Operations,Coastal/Interior,Other,LOS ANGELES FIELD OFFICE,Ketamine,21,48.49177683821
2023,JUN,Office of Field Operations,Coastal/Interior,Other,LOS ANGELES FIELD OFFICE,Lsd,13,0.169535479478
2023,JUN,Office of Field Operations,Coastal/Interior,Other,LOS ANGELES FIELD OFFICE,Marijuana,46,857.9263352107608
2023,JUN,Office of Field Operations,Coastal/Interior,Other,LOS ANGELES FIELD OFFICE,Methamphetamine,26,353.54540876761
2023,JUN,Office of Field Operations,Coastal/Interior,Other,LOS ANGELES FIELD OFFICE,Other Drugs**,243,9695.949066144723
2023,JUN,Office of Field Operations,Coastal/Interior,Other,MIAMI FIELD OFFICE,Cocaine,27,214.620012057
2023,JUN,Office of Field Operations,Coastal/Interior,Other,MIAMI FIELD OFFICE,Ecstasy,5,0.851866180368
2023,JUN,Office of Field Operations,Coastal/Interior,Other,MIAMI FIELD OFFICE,Ketamine,8,5.859005074912
2023,JUN,Office of Field Operations,Coastal/Interior,Other,MIAMI FIELD OFFICE,Lsd,2,0.0055115565499999
2023,JUN,Office of Field Operations,Coastal/Interior,Other,MIAMI FIELD OFFICE,Marijuana,36,63.956190391104805
2023,JUN,Office of Field Operations,Coastal/Interior,Other,MIAMI FIELD OFFICE,Other Drugs**,534,476.5320673686322
2023,JUN,Office of Field Operations,Coastal/Interior,Other,NEW ORLEANS FIELD OFFICE,Cocaine,6,60.83810443473399
2023,JUN,Office of Field Operations,Coastal/Interior,Other,NEW ORLEANS FIELD OFFICE,Ecstasy,3,4.997218092754
2023,JUN,Office of Field Operations,Coastal/Interior,Other,NEW ORLEANS FIELD OFFICE,Fentanyl,1,2.314853751
2023,JUN,Office of Field Operations,Coastal/Interior,Other,NEW ORLEANS FIELD OFFICE,Ketamine,14,127.093848495856
2023,JUN,Office of Field Operations,Coastal/Interior,Other,NEW ORLEANS FIELD OFFICE,Marijuana,428,3029.204302637975
2023,JUN,Office of Field Operations,Coastal/Interior,Other,NEW ORLEANS FIELD OFFICE,Methamphetamine,14,90.021134980198
2023,JUN,Office of Field Operations,Coastal/Interior,Other,NEW ORLEANS FIELD OFFICE,Other Drugs**,78,202.5497032125
2023,JUN,Office of Field Operations,Coastal/Interior,Other,NEW YORK FIELD OFFICE,Cocaine,15,142.392386242822
2023,JUN,Office of Field Operations,Coastal/Interior,Other,NEW YORK FIELD OFFICE,Ecstasy,116,12.628519291884
2023,JUN,Office of Field Operations,Coastal/Interior,Other,NEW YORK FIELD OFFICE,Fentanyl,1,2.425084882
2023,JUN,Office of Field Operations,Coastal/Interior,Other,NEW YORK FIELD OFFICE,Heroin,7,0.044753839186
2023,JUN,Office of Field Operations,Coastal/Interior,Other,NEW YORK FIELD OFFICE,Ketamine,21,58.386343619032
2023,JUN,Office of Field Operations,Coastal/Interior,Other,NEW YORK FIELD OFFICE,Lsd,16,0.204588979136
2023,JUN,Office of Field Operations,Coastal/Interior,Other,NEW YORK FIELD OFFICE,Marijuana,80,300.205887250282
2023,JUN,Office of Field Operations,Coastal/Interior,Other,NEW YORK FIELD OFFICE,Methamphetamine,4,12.535263755058
2023,JUN,Office of Field Operations,Coastal/Interior,Other,NEW YORK FIELD OFFICE,Other Drugs**,679,1368.43084348945
2023,JUN,Office of Field Operations,Coastal/Interior,Other,PRECLEARANCE FIELD OFFICE,Marijuana,49,4.2982645373092
2023,JUN,Office of Field Operations,Coastal/Interior,Other,PRECLEARANCE FIELD OFFICE,Other Drugs**,11,0.461978670021
2023,JUN,Office of Field Operations,Coastal/Interior,Other,SAN FRANCISCO FIELD OFFICE,Cocaine,4,18.867821768746
2023,JUN,Office of Field Operations,Coastal/Interior,Other,SAN FRANCISCO FIELD OFFICE,Marijuana,26,138.699643354322
2023,JUN,Office of Field Operations,Coastal/Interior,Other,SAN FRANCISCO FIELD OFFICE,Methamphetamine,12,160.099915126662
2023,JUN,Office of Field Operations,Coastal/Interior,Other,SAN FRANCISCO FIELD OFFICE,Other Drugs**,10,1197.5431146350206
2023,JUN,Office of Field Operations,Coastal/Interior,Other,SAN JUAN FIELD OFFICE,Cocaine,3,21.051720936118
2023,JUN,Office of Field Operations,Coastal/Interior,Other,SAN JUAN FIELD OFFICE,Marijuana,51,114.7141429128652
2023,JUN,Office of Field Operations,Coastal/Interior,Other,SAN JUAN FIELD OFFICE,Other Drugs**,6,7.169212297978
2023,JUN,Office of Field Operations,Coastal/Interior,Other,TAMPA FIELD OFFICE,Cocaine,2,3.199568808406
2023,JUN,Office of Field Operations,Coastal/Interior,Other,TAMPA FIELD OFFICE,Fentanyl,2,3.751385850192
2023,JUN,Office of Field Operations,Coastal/Interior,Other,TAMPA FIELD OFFICE,Heroin,1,2.425084882
2023,JUN,Office of Field Operations,Coastal/Interior,Other,TAMPA FIELD OFFICE,Ketamine,1,2.6345240309
2023,JUN,Office of Field Operations,Coastal/Interior,Other,TAMPA FIELD OFFICE,Marijuana,18,2.222920987746
2023,JUN,Office of Field Operations,Coastal/Interior,Other,TAMPA FIELD OFFICE,Methamphetamine,2,0.417335061966
2023,JUN,Office of Field Operations,Coastal/Interior,Other,TAMPA FIELD OFFICE,Other Drugs**,6,1.1049127646916
2023,JUN,Office of Field Operations,Northern Border,Land Only,BOSTON FIELD OFFICE,Marijuana,24,3.349483146566
2023,JUN,Office of Field Operations,Northern Border,Land Only,BOSTON FIELD OFFICE,Other Drugs**,6,0.277231294465
2023,JUN,Office of Field Operations,Northern Border,Land Only,BUFFALO FIELD OFFICE,Ecstasy,1,0.147489253278
2023,JUN,Office of Field Operations,Northern Border,Land Only,BUFFALO FIELD OFFICE,Lsd,1,0.0068122838958
2023,JUN,Office of Field Operations,Northern Border,Land Only,BUFFALO FIELD OFFICE,Marijuana,35,18.8780953101552
2023,JUN,Office of Field Operations,Northern Border,Land Only,BUFFALO FIELD OFFICE,Methamphetamine,1,0.003527396192
2023,JUN,Office of Field Operations,Northern Border,Land Only,BUFFALO FIELD OFFICE,Other Drugs**,5,0.33510263824
2023,JUN,Office of Field Operations,Northern Border,Land Only,DETROIT FIELD OFFICE,Cocaine,3,191.8806084128196
2023,JUN,Office of Field Operations,Northern Border,Land Only,DETROIT FIELD OFFICE,Ecstasy,4,0.029541943108
2023,JUN,Office of Field Operations,Northern Border,Land Only,DETROIT FIELD OFFICE,Ketamine,2,0.0122136093148
2023,JUN,Office of Field Operations,Northern Border,Land Only,DETROIT FIELD OFFICE,Lsd,1,0.0013889122506
2023,JUN,Office of Field Operations,Northern Border,Land Only,DETROIT FIELD OFFICE,Marijuana,85,13.8265994084968
2023,JUN,Office of Field Operations,Northern Border,Land Only,DETROIT FIELD OFFICE,Other Drugs**,66,5.9008267660134
2023,JUN,Office of Field Operations,Northern Border,Land Only,SEATTLE FIELD OFFICE,Marijuana,91,244.0029577816456
2023,JUN,Office of Field Operations,Northern Border,Land Only,SEATTLE FIELD OFFICE,Methamphetamine,1,0.000440924524
2023,JUN,Office of Field Operations,Northern Border,Land Only,SEATTLE FIELD OFFICE,Other Drugs**,11,0.5372224400416
2023,JUN,Office of Field Operations,Northern Border,Other,BOSTON FIELD OFFICE,Cocaine,1,0.015873282864
2023,JUN,Office of Field Operations,Northern Border,Other,BOSTON FIELD OFFICE,Marijuana,4,109.90264222962
2023,JUN,Office of Field Operations,Northern Border,Other,BOSTON FIELD OFFICE,Other Drugs**,5,27.668895730048
2023,JUN,Office of Field Operations,Northern Border,Other,BUFFALO FIELD OFFICE,Marijuana,7,19.634589515982
2023,JUN,Office of Field Operations,Northern Border,Other,BUFFALO FIELD OFFICE,Other Drugs**,20,4.676665963806
2023,JUN,Office of Field Operations,Northern Border,Other,DETROIT FIELD OFFICE,Cocaine,1,0.349873609794
2023,JUN,Office of Field Operations,Northern Border,Other,DETROIT FIELD OFFICE,Ketamine,1,0.431444646734
2023,JUN,Office of Field Operations,Northern Border,Other,DETROIT FIELD OFFICE,Lsd,2,0.0268963959639999
2023,JUN,Office of Field Operations,Northern Border,Other,DETROIT FIELD OFFICE,Marijuana,14,20.765891613435
2023,JUN,Office of Field Operations,Northern Border,Other,DETROIT FIELD OFFICE,Other Drugs**,7,1.9499666611638
2023,JUN,Office of Field Operations,Northern Border,Other,PORTLAND FIELD OFFICE,Lsd,1,0.01984160358
2023,JUN,Office of Field Operations,Northern Border,Other,PORTLAND FIELD OFFICE,Marijuana,8,21.175841189624
2023,JUN,Office of Field Operations,Northern Border,Other,PORTLAND FIELD OFFICE,Methamphetamine,2,17.5928885076
2023,JUN,Office of Field Operations,Northern Border,Other,PORTLAND FIELD OFFICE,Other Drugs**,6,6.232688609002
2023,JUN,Office of Field Operations,Northern Border,Other,SEATTLE FIELD OFFICE,Ketamine,1,11.5081300764
2023,JUN,Office of Field Operations,Northern Border,Other,SEATTLE FIELD OFFICE,Marijuana,2,0.0679244229222
2023,JUN,Office of Field Operations,Northern Border,Other,SEATTLE FIELD OFFICE,Other Drugs**,1,0.3379906938722
2023,JUN,Office of Field Operations,Southwest Border,Land Only,EL PASO FIELD OFFICE,Cocaine,13,515.249958468239
2023,JUN,Office of Field Operations,Southwest Border,Land Only,EL PASO FIELD OFFICE,Ecstasy,1,0.2799209340614
2023,JUN,Office of Field Operations,Southwest Border,Land Only,EL PASO FIELD OFFICE,Fentanyl,8,11.0672496448524
2023,JUN,Office of Field Operations,Southwest Border,Land Only,EL PASO FIELD OFFICE,Marijuana,46,180.21279752005304
2023,JUN,Office of Field Operations,Southwest Border,Land Only,EL PASO FIELD OFFICE,Methamphetamine,11,210.7206519365536
2023,JUN,Office of Field Operations,Southwest Border,Land Only,EL PASO FIELD OFFICE,Other Drugs**,14,22.0844102637784
2023,JUN,Office of Field Operations,Southwest Border,Land Only,LAREDO FIELD OFFICE,Cocaine,13,271.27248612408056
2023,JUN,Office of Field Operations,Southwest Border,Land Only,LAREDO FIELD OFFICE,Fentanyl,1,0.0030423792156
2023,JUN,Office of Field Operations,Southwest Border,Land Only,LAREDO FIELD OFFICE,Heroin,1,2.2928075248
2023,JUN,Office of Field Operations,Southwest Border,Land Only,LAREDO FIELD OFFICE,Marijuana,10,0.1156104101928
2023,JUN,Office of Field Operations,Southwest Border,Land Only,LAREDO FIELD OFFICE,Methamphetamine,4,1133.617392128524
2023,JUN,Office of Field Operations,Southwest Border,Land Only,LAREDO FIELD OFFICE,Other Drugs**,28,15.2054144874972
2023,JUN,Office of Field Operations,Southwest Border,Land Only,SAN DIEGO FIELD OFFICE,Cocaine,24,1280.555710213786
2023,JUN,Office of Field Operations,Southwest Border,Land Only,SAN DIEGO FIELD OFFICE,Fentanyl,48,1119.924921960228
2023,JUN,Office of Field Operations,Southwest Border,Land Only,SAN DIEGO FIELD OFFICE,Heroin,7,32.553237144658
2023,JUN,Office of Field Operations,Southwest Border,Land Only,SAN DIEGO FIELD OFFICE,Marijuana,39,6.1956509489860006
2023,JUN,Office of Field Operations,Southwest Border,Land Only,SAN DIEGO FIELD OFFICE,Methamphetamine,78,6687.640485346274
2023,JUN,Office of Field Operations,Southwest Border,Land Only,SAN DIEGO FIELD OFFICE,Other Drugs**,35,30.7138764003396
2023,JUN,Office of Field Operations,Southwest Border,Land Only,TUCSON FIELD OFFICE,Cocaine,9,44.5380286777282
2023,JUN,Office of Field Operations,Southwest Border,Land Only,TUCSON FIELD OFFICE,Fentanyl,21,815.0683171543774
2023,JUN,Office of Field Operations,Southwest Border,Land Only,TUCSON FIELD OFFICE,Heroin,2,12.6324876126
2023,JUN,Office of Field Operations,Southwest Border,Land Only,TUCSON FIELD OFFICE,Marijuana,8,0.7790695414556
2023,JUN,Office of Field Operations,Southwest Border,Land Only,TUCSON FIELD OFFICE,Methamphetamine,18,950.14164289974
2023,JUN,Office of Field Operations,Southwest Border,Land Only,TUCSON FIELD OFFICE,Other Drugs**,3,3.266368873792
2023,JUN,Office of Field Operations,Southwest Border,Other,SAN DIEGO FIELD OFFICE,Cocaine,1,0.247138195702
2023,JUN,Office of Field Operations,Southwest Border,Other,SAN DIEGO FIELD OFFICE,Fentanyl,1,0.08708259349
2023,JUN,Office of Field Operations,Southwest Border,Other,SAN DIEGO FIELD OFFICE,Marijuana,1,78.6168426292
2023,JUN,Office of Field Operations,Southwest Border,Other,SAN DIEGO FIELD OFFICE,Methamphetamine,2,0.014550509292
2023,JUN,Office of Field Operations,Southwest Border,Other,TUCSON FIELD OFFICE,Marijuana,1,1.595485390094
2023,JUN,U.S. Border Patrol,Coastal/Interior,Other,MIAMI SECTOR,Cocaine,6,220.5587
2023,JUN,U.S. Border Patrol,Coastal/Interior,Other,NEW ORLEANS SECTOR,Cocaine,2,7.7814
2023,JUN,U.S. Border Patrol,Coastal/Interior,Other,NEW ORLEANS SECTOR,Marijuana,3,26.1204
2023,JUN,U.S. Border Patrol,Coastal/Interior,Other,NEW ORLEANS SECTOR,Other Drugs**,1,2.8924000000000003
2023,JUN,U.S. Border Patrol,Coastal/Interior,Other,RAMEY SECTOR,Cocaine,1,2037.42
2023,JUN,U.S. Border Patrol,Northern Border,Land Only,BLAINE SECTOR,Marijuana,1,0.0262
2023,JUN,U.S. Border Patrol,Northern Border,Land Only,BUFFALO SECTOR,Cocaine,1,0.0639
2023,JUN,U.S. Border Patrol,Northern Border,Land Only,BUFFALO SECTOR,Marijuana,1,198.7455
2023,JUN,U.S. Border Patrol,Northern Border,Land Only,BUFFALO SECTOR,Other Drugs**,1,269.9378
2023,JUN,U.S. Border Patrol,Northern Border,Land Only,DETROIT SECTOR,Marijuana,2,1.4404
2023,JUN,U.S. Border Patrol,Northern Border,Land Only,HOULTON SECTOR,Marijuana,2,0.0256
2023,JUN,U.S. Border Patrol,Northern Border,Land Only,SPOKANE SECTOR,Fentanyl,1,0.7055
2023,JUN,U.S. Border Patrol,Northern Border,Land Only,SPOKANE SECTOR,Marijuana,1,0.7981
2023,JUN,U.S. Border Patrol,Northern Border,Land Only,SPOKANE SECTOR,Methamphetamine,1,4.1895
2023,JUN,U.S. Border Patrol,Northern Border,Land Only,SWANTON SECTOR,Cocaine,1,0.0041
2023,JUN,U.S. Border Patrol,Northern Border,Land Only,SWANTON SECTOR,Marijuana,3,0.1141
2023,JUN,U.S. Border Patrol,Southwest Border,Land Only,BIG BEND SECTOR,Cocaine,3,13.5872
2023,JUN,U.S. Border Patrol,Southwest Border,Land Only,BIG BEND SECTOR,Ecstasy,2,0.0059
2023,JUN,U.S. Border Patrol,Southwest Border,Land Only,BIG BEND SECTOR,Fentanyl,1,0.0022
2023,JUN,U.S. Border Patrol,Southwest Border,Land Only,BIG BEND SECTOR,Marijuana,122,414.1408
2023,JUN,U.S. Border Patrol,Southwest Border,Land Only,BIG BEND SECTOR,Methamphetamine,7,0.093
2023,JUN,U.S. Border Patrol,Southwest Border,Land Only,BIG BEND SECTOR,Other Drugs**,11,2.661
2023,JUN,U.S. Border Patrol,Southwest Border,Land Only,DEL RIO SECTOR,Cocaine,1,0.0071
2023,JUN,U.S. Border Patrol,Southwest Border,Land Only,DEL RIO SECTOR,Marijuana,8,0.156
2023,JUN,U.S. Border Patrol,Southwest Border,Land Only,DEL RIO SECTOR,Methamphetamine,4,6.7721
2023,JUN,U.S. Border Patrol,Southwest Border,Land Only,EL CENTRO SECTOR,Cocaine,2,0.0504999999999999
2023,JUN,U.S. Border Patrol,Southwest Border,Land Only,EL CENTRO SECTOR,Marijuana,4,36.9325
2023,JUN,U.S. Border Patrol,Southwest Border,Land Only,EL CENTRO SECTOR,Methamphetamine,2,8.0377
2023,JUN,U.S. Border Patrol,Southwest Border,Land Only,EL PASO SECTOR,Cocaine,6,72.82130000000001
2023,JUN,U.S. Border Patrol,Southwest Border,Land Only,EL PASO SECTOR,Ecstasy,1,0.03
2023,JUN,U.S. Border Patrol,Southwest Border,Land Only,EL PASO SECTOR,Marijuana,13,6.6174
2023,JUN,U.S. Border Patrol,Southwest Border,Land Only,EL PASO SECTOR,Methamphetamine,1,0.0088
2023,JUN,U.S. Border Patrol,Southwest Border,Land Only,EL PASO SECTOR,Other Drugs**,5,5.8626
2023,JUN,U.S. Border Patrol,Southwest Border,Land Only,LAREDO SECTOR,Cocaine,1,0.0044
2023,JUN,U.S. Border Patrol,Southwest Border,Land Only,LAREDO SECTOR,Marijuana,7,685.6360999999999
2023,JUN,U.S. Border Patrol,Southwest Border,Land Only,LAREDO SECTOR,Methamphetamine,1,0.0198
2023,JUN,U.S. Border Patrol,Southwest Border,Land Only,LAREDO SECTOR,Other Drugs**,1,0.0
2023,JUN,U.S. Border Patrol,Southwest Border,Land Only,RIO GRANDE VALLEY SECTOR,Cocaine,6,267.2063
2023,JUN,U.S. Border Patrol,Southwest Border,Land Only,RIO GRANDE VALLEY SECTOR,Ecstasy,1,0.0121
2023,JUN,U.S. Border Patrol,Southwest Border,Land Only,RIO GRANDE VALLEY SECTOR,Fentanyl,1,5.1808
2023,JUN,U.S. Border Patrol,Southwest Border,Land Only,RIO GRANDE VALLEY SECTOR,Heroin,1,0.0456
2023,JUN,U.S. Border Patrol,Southwest Border,Land Only,RIO GRANDE VALLEY SECTOR,Marijuana,34,714.9047
2023,JUN,U.S. Border Patrol,Southwest Border,Land Only,RIO GRANDE VALLEY SECTOR,Methamphetamine,3,29.568900000000003
2023,JUN,U.S. Border Patrol,Southwest Border,Land Only,RIO GRANDE VALLEY SECTOR,Other Drugs**,5,0.5717
2023,JUN,U.S. Border Patrol,Southwest Border,Land Only,SAN DIEGO SECTOR,Cocaine,9,151.5547
2023,JUN,U.S. Border Patrol,Southwest Border,Land Only,SAN DIEGO SECTOR,Fentanyl,3,57.981
2023,JUN,U.S. Border Patrol,Southwest Border,Land Only,SAN DIEGO SECTOR,Heroin,1,15.3219
2023,JUN,U.S. Border Patrol,Southwest Border,Land Only,SAN DIEGO SECTOR,Marijuana,14,13.8753
2023,JUN,U.S. Border Patrol,Southwest Border,Land Only,SAN DIEGO SECTOR,Methamphetamine,3,48.1837
2023,JUN,U.S. Border Patrol,Southwest Border,Land Only,SAN DIEGO SECTOR,Other Drugs**,4,2.4759
2023,JUN,U.S. Border Patrol,Southwest Border,Land Only,TUCSON SECTOR,Cocaine,2,15.0396
2023,JUN,U.S. Border Patrol,Southwest Border,Land Only,TUCSON SECTOR,Fentanyl,12,132.3808
2023,JUN,U.S. Border Patrol,Southwest Border,Land Only,TUCSON SECTOR,Heroin,2,0.009
2023,JUN,U.S. Border Patrol,Southwest Border,Land Only,TUCSON SECTOR,Marijuana,29,1.3266
2023,JUN,U.S. Border Patrol,Southwest Border,Land Only,TUCSON SECTOR,Methamphetamine,12,323.6413
2023,JUN,U.S. Border Patrol,Southwest Border,Land Only,TUCSON SECTOR,Other Drugs**,5,17.3312
2023,JUN,U.S. Border Patrol,Southwest Border,Land Only,YUMA SECTOR,Marijuana,5,0.4902999999999999
2023,JUN,U.S. Border Patrol,Southwest Border,Land Only,YUMA SECTOR,Methamphetamine,4,0.01
2023,MAR,Office of Field Operations,Coastal/Interior,Other,ATLANTA FIELD OFFICE,Marijuana,9,6.0193472780646
2023,MAR,Office of Field Operations,Coastal/Interior,Other,ATLANTA FIELD OFFICE,Other Drugs**,1,0.108246970642
2023,MAR,Office of Field Operations,Coastal/Interior,Other,BALTIMORE FIELD OFFICE,Cocaine,3,0.1725999049197999
2023,MAR,Office of Field Operations,Coastal/Interior,Other,BALTIMORE FIELD OFFICE,Ecstasy,4,9.794476913874
2023,MAR,Office of Field Operations,Coastal/Interior,Other,BALTIMORE FIELD OFFICE,Heroin,1,0.022487150724
2023,MAR,Office of Field Operations,Coastal/Interior,Other,BALTIMORE FIELD OFFICE,Marijuana,45,179.8280026879582
2023,MAR,Office of Field Operations,Coastal/Interior,Other,BALTIMORE FIELD OFFICE,Methamphetamine,1,0.013007273458
2023,MAR,Office of Field Operations,Coastal/Interior,Other,BALTIMORE FIELD OFFICE,Other Drugs**,64,57.973417802306
2023,MAR,Office of Field Operations,Coastal/Interior,Other,CHICAGO FIELD OFFICE,Cocaine,31,145.541910117754
2023,MAR,Office of Field Operations,Coastal/Interior,Other,CHICAGO FIELD OFFICE,Ecstasy,32,4.8683358543888
2023,MAR,Office of Field Operations,Coastal/Interior,Other,CHICAGO FIELD OFFICE,Fentanyl,2,2.1526376186204
2023,MAR,Office of Field Operations,Coastal/Interior,Other,CHICAGO FIELD OFFICE,Heroin,8,0.123238404458
2023,MAR,Office of Field Operations,Coastal/Interior,Other,CHICAGO FIELD OFFICE,Ketamine,24,110.6899791059006
2023,MAR,Office of Field Operations,Coastal/Interior,Other,CHICAGO FIELD OFFICE,Khat (Catha Edulis),6,179.43423504179998
2023,MAR,Office of Field Operations,Coastal/Interior,Other,CHICAGO FIELD OFFICE,Lsd,10,0.0849220633224
2023,MAR,Office of Field Operations,Coastal/Interior,Other,CHICAGO FIELD OFFICE,Marijuana,422,2760.4807570946864
2023,MAR,Office of Field Operations,Coastal/Interior,Other,CHICAGO FIELD OFFICE,Methamphetamine,42,445.799826461868
2023,MAR,Office of Field Operations,Coastal/Interior,Other,CHICAGO FIELD OFFICE,Other Drugs**,254,604.800075825674
2023,MAR,Office of Field Operations,Coastal/Interior,Other,HOUSTON FIELD OFFICE,Cocaine,1,0.0009479877266
2023,MAR,Office of Field Operations,Coastal/Interior,Other,HOUSTON FIELD OFFICE,Ecstasy,1,0.0037699046802
2023,MAR,Office of Field Operations,Coastal/Interior,Other,HOUSTON FIELD OFFICE,Lsd,1,0.0013668660244
2023,MAR,Office of Field Operations,Coastal/Interior,Other,HOUSTON FIELD OFFICE,Marijuana,31,45.0256250625936
2023,MAR,Office of Field Operations,Coastal/Interior,Other,HOUSTON FIELD OFFICE,Methamphetamine,11,977.552156858724
2023,MAR,Office of Field Operations,Coastal/Interior,Other,HOUSTON FIELD OFFICE,Other Drugs**,43,39.3524696745476
2023,MAR,Office of Field Operations,Coastal/Interior,Other,LOS ANGELES FIELD OFFICE,Cocaine,11,41.01038997724
2023,MAR,Office of Field Operations,Coastal/Interior,Other,LOS ANGELES FIELD OFFICE,Ecstasy,7,2.5833326936636003
2023,MAR,Office of Field Operations,Coastal/Interior,Other,LOS ANGELES FIELD OFFICE,Ketamine,13,97.8855970676192
2023,MAR,Office of Field Operations,Coastal/Interior,Other,LOS ANGELES FIELD OFFICE,Khat (Catha Edulis),1,372.58122278
2023,MAR,Office of Field Operations,Coastal/Interior,Other,LOS ANGELES FIELD OFFICE,Lsd,7,0.99979635817
2023,MAR,Office of Field Operations,Coastal/Interior,Other,LOS ANGELES FIELD OFFICE,Marijuana,47,1837.862041861324
2023,MAR,Office of Field Operations,Coastal/Interior,Other,LOS ANGELES FIELD OFFICE,Methamphetamine,20,914.0595986046052
2023,MAR,Office of Field Operations,Coastal/Interior,Other,LOS ANGELES FIELD OFFICE,Other Drugs**,203,1028.025338276659
2023,MAR,Office of Field Operations,Coastal/Interior,Other,MIAMI FIELD OFFICE,Cocaine,31,32.018616159308
2023,MAR,Office of Field Operations,Coastal/Interior,Other,MIAMI FIELD OFFICE,Ecstasy,15,2.787304378466
2023,MAR,Office of Field Operations,Coastal/Interior,Other,MIAMI FIELD OFFICE,Ketamine,13,27.056010641688
2023,MAR,Office of Field Operations,Coastal/Interior,Other,MIAMI FIELD OFFICE,Lsd,5,0.462309363414
2023,MAR,Office of Field Operations,Coastal/Interior,Other,MIAMI FIELD OFFICE,Marijuana,86,258.7441228378232
2023,MAR,Office of Field Operations,Coastal/Interior,Other,MIAMI FIELD OFFICE,Methamphetamine,5,110.9366102384
2023,MAR,Office of Field Operations,Coastal/Interior,Other,MIAMI FIELD OFFICE,Other Drugs**,756,579.5378122862966
2023,MAR,Office of Field Operations,Coastal/Interior,Other,NEW ORLEANS FIELD OFFICE,Cocaine,15,74.01270874959201
2023,MAR,Office of Field Operations,Coastal/Interior,Other,NEW ORLEANS FIELD OFFICE,Ecstasy,10,15.087996286756
2023,MAR,Office of Field Operations,Coastal/Interior,Other,NEW ORLEANS FIELD OFFICE,Fentanyl,1,1.496277372194
2023,MAR,Office of Field Operations,Coastal/Interior,Other,NEW ORLEANS FIELD OFFICE,Ketamine,23,158.442038916422
2023,MAR,Office of Field Operations,Coastal/Interior,Other,NEW ORLEANS FIELD OFFICE,Marijuana,132,1054.8221293906877
2023,MAR,Office of Field Operations,Coastal/Interior,Other,NEW ORLEANS FIELD OFFICE,Methamphetamine,9,127.781249828772
2023,MAR,Office of Field Operations,Coastal/Interior,Other,NEW ORLEANS FIELD OFFICE,Other Drugs**,85,985.031780021598
2023,MAR,Office of Field Operations,Coastal/Interior,Other,NEW YORK FIELD OFFICE,Cocaine,13,35.81629908452
2023,MAR,Office of Field Operations,Coastal/Interior,Other,NEW YORK FIELD OFFICE,Ecstasy,47,8.626467849797999
2023,MAR,Office of Field Operations,Coastal/Interior,Other,NEW YORK FIELD OFFICE,Fentanyl,3,1.136262498348
2023,MAR,Office of Field Operations,Coastal/Interior,Other,NEW YORK FIELD OFFICE,Heroin,7,0.033510263824
2023,MAR,Office of Field Operations,Coastal/Interior,Other,NEW YORK FIELD OFFICE,Ketamine,22,67.342182088258
2023,MAR,Office of Field Operations,Coastal/Interior,Other,NEW YORK FIELD OFFICE,Khat (Catha Edulis),6,5948.071828759999
2023,MAR,Office of Field Operations,Coastal/Interior,Other,NEW YORK FIELD OFFICE,Lsd,11,0.150575724946
2023,MAR,Office of Field Operations,Coastal/Interior,Other,NEW YORK FIELD OFFICE,Marijuana,91,870.698287250302
2023,MAR,Office of Field Operations,Coastal/Interior,Other,NEW YORK FIELD OFFICE,Methamphetamine,6,20.647834072134
2023,MAR,Office of Field Operations,Coastal/Interior,Other,NEW YORK FIELD OFFICE,Other Drugs**,634,1322.227773577967
2023,MAR,Office of Field Operations,Coastal/Interior,Other,PRECLEARANCE FIELD OFFICE,Ecstasy,2,0.00440924524
2023,MAR,Office of Field Operations,Coastal/Interior,Other,PRECLEARANCE FIELD OFFICE,Marijuana,40,4.1007523967834
2023,MAR,Office of Field Operations,Coastal/Interior,Other,PRECLEARANCE FIELD OFFICE,Other Drugs**,5,0.0399698081006
2023,MAR,Office of Field Operations,Coastal/Interior,Other,SAN FRANCISCO FIELD OFFICE,Cocaine,4,7.81097794266
2023,MAR,Office of Field Operations,Coastal/Interior,Other,SAN FRANCISCO FIELD OFFICE,Ecstasy,1,0.0110231131
2023,MAR,Office of Field Operations,Coastal/Interior,Other,SAN FRANCISCO FIELD OFFICE,Khat (Catha Edulis),4,463.6541832122
2023,MAR,Office of Field Operations,Coastal/Interior,Other,SAN FRANCISCO FIELD OFFICE,Marijuana,20,92.194892883518
2023,MAR,Office of Field Operations,Coastal/Interior,Other,SAN FRANCISCO FIELD OFFICE,Methamphetamine,23,217.883735383648
2023,MAR,Office of Field Operations,Coastal/Interior,Other,SAN FRANCISCO FIELD OFFICE,Other Drugs**,15,550.36640010204
2023,MAR,Office of Field Operations,Coastal/Interior,Other,SAN JUAN FIELD OFFICE,Cocaine,15,83.994578586166
2023,MAR,Office of Field Operations,Coastal/Interior,Other,SAN JUAN FIELD OFFICE,Marijuana,86,231.8770483546692
2023,MAR,Office of Field Operations,Coastal/Interior,Other,SAN JUAN FIELD OFFICE,Methamphetamine,1,0.127427187436
2023,MAR,Office of Field Operations,Coastal/Interior,Other,SAN JUAN FIELD OFFICE,Other Drugs**,4,0.8335678126220001
2023,MAR,Office of Field Operations,Coastal/Interior,Other,TAMPA FIELD OFFICE,Cocaine,2,165.16371282254
2023,MAR,Office of Field Operations,Coastal/Interior,Other,TAMPA FIELD OFFICE,Fentanyl,1,0.37037660016
2023,MAR,Office of Field Operations,Coastal/Interior,Other,TAMPA FIELD OFFICE,Marijuana,15,60.7395137111676
2023,MAR,Office of Field Operations,Coastal/Interior,Other,TAMPA FIELD OFFICE,Other Drugs**,19,2.4443091912464
2023,MAR,Office of Field Operations,Northern Border,Land Only,BOSTON FIELD OFFICE,Cocaine,1,0.001763698096
2023,MAR,Office of Field Operations,Northern Border,Land Only,BOSTON FIELD OFFICE,Ecstasy,1,0.00220462262
2023,MAR,Office of Field Operations,Northern Border,Land Only,BOSTON FIELD OFFICE,Marijuana,32,6.9344420351742
2023,MAR,Office of Field Operations,Northern Border,Land Only,BOSTON FIELD OFFICE,Methamphetamine,2,0.003747858454
2023,MAR,Office of Field Operations,Northern Border,Land Only,BOSTON FIELD OFFICE,Other Drugs**,6,0.1543235834
2023,MAR,Office of Field Operations,Northern Border,Land Only,BUFFALO FIELD OFFICE,Cocaine,1,0.005070632026
2023,MAR,Office of Field Operations,Northern Border,Land Only,BUFFALO FIELD OFFICE,Marijuana,47,77.7213028747298
2023,MAR,Office of Field Operations,Northern Border,Land Only,BUFFALO FIELD OFFICE,Other Drugs**,8,2.0009375361382
2023,MAR,Office of Field Operations,Northern Border,Land Only,DETROIT FIELD OFFICE,Cocaine,3,0.0264113789875999
2023,MAR,Office of Field Operations,Northern Border,Land Only,DETROIT FIELD OFFICE,Ketamine,2,0.0160716988998
2023,MAR,Office of Field Operations,Northern Border,Land Only,DETROIT FIELD OFFICE,Marijuana,116,3031.291286594972
2023,MAR,Office of Field Operations,Northern Border,Land Only,DETROIT FIELD OFFICE,Methamphetamine,3,0.148150640064
2023,MAR,Office of Field Operations,Northern Border,Land Only,DETROIT FIELD OFFICE,Other Drugs**,75,17.5509786315938
2023,MAR,Office of Field Operations,Northern Border,Land Only,SEATTLE FIELD OFFICE,Cocaine,4,0.0867959925494
2023,MAR,Office of Field Operations,Northern Border,Land Only,SEATTLE FIELD OFFICE,Ecstasy,1,0.0071429772888
2023,MAR,Office of Field Operations,Northern Border,Land Only,SEATTLE FIELD OFFICE,Ketamine,1,0.0412484892202
2023,MAR,Office of Field Operations,Northern Border,Land Only,SEATTLE FIELD OFFICE,Marijuana,72,8.3422479016276
2023,MAR,Office of Field Operations,Northern Border,Land Only,SEATTLE FIELD OFFICE,Other Drugs**,8,1.0601589255056
2023,MAR,Office of Field Operations,Northern Border,Other,BOSTON FIELD OFFICE,Ketamine,2,1.134939724776
2023,MAR,Office of Field Operations,Northern Border,Other,BOSTON FIELD OFFICE,Marijuana,1,0.05291094288
2023,MAR,Office of Field Operations,Northern Border,Other,BOSTON FIELD OFFICE,Other Drugs**,4,16.36822064219
2023,MAR,Office of Field Operations,Northern Border,Other,BUFFALO FIELD OFFICE,Khat (Catha Edulis),1,11.0010668738
2023,MAR,Office of Field Operations,Northern Border,Other,BUFFALO FIELD OFFICE,Marijuana,10,22.210911509714
2023,MAR,Office of Field Operations,Northern Border,Other,BUFFALO FIELD OFFICE,Other Drugs**,1,0.006393405598
2023,MAR,Office of Field Operations,Northern Border,Other,DETROIT FIELD OFFICE,Ecstasy,1,0.0041005980732
2023,MAR,Office of Field Operations,Northern Border,Other,DETROIT FIELD OFFICE,Ketamine,1,0.024471311082
2023,MAR,Office of Field Operations,Northern Border,Other,DETROIT FIELD OFFICE,Marijuana,17,20.1567764297552
2023,MAR,Office of Field Operations,Northern Border,Other,DETROIT FIELD OFFICE,Other Drugs**,11,7.647461082934599
2023,MAR,Office of Field Operations,Northern Border,Other,PORTLAND FIELD OFFICE,Marijuana,4,15.51392937694
2023,MAR,Office of Field Operations,Northern Border,Other,PORTLAND FIELD OFFICE,Methamphetamine,1,3.8801358112
2023,MAR,Office of Field Operations,Northern Border,Other,PORTLAND FIELD OFFICE,Other Drugs**,11,185.275162211228
2023,MAR,Office of Field Operations,Northern Border,Other,SEATTLE FIELD OFFICE,Ecstasy,1,0.003747858454
2023,MAR,Office of Field Operations,Northern Border,Other,SEATTLE FIELD OFFICE,Fentanyl,3,0.0606271220499999
2023,MAR,Office of Field Operations,Northern Border,Other,SEATTLE FIELD OFFICE,Khat (Catha Edulis),1,374.51247219512
2023,MAR,Office of Field Operations,Northern Border,Other,SEATTLE FIELD OFFICE,Lsd,2,0.18629061139
2023,MAR,Office of Field Operations,Northern Border,Other,SEATTLE FIELD OFFICE,Marijuana,20,231.6336800636474
2023,MAR,Office of Field Operations,Northern Border,Other,SEATTLE FIELD OFFICE,Other Drugs**,12,3.9616848019138
2023,MAR,Office of Field Operations,Southwest Border,Land Only,EL PASO FIELD OFFICE,Cocaine,13,153.13588705592738
2023,MAR,Office of Field Operations,Southwest Border,Land Only,EL PASO FIELD OFFICE,Fentanyl,12,78.59951429540679
2023,MAR,Office of Field Operations,Southwest Border,Land Only,EL PASO FIELD OFFICE,Marijuana,45,300.60801041617
2023,MAR,Office of Field Operations,Southwest Border,Land Only,EL PASO FIELD OFFICE,Methamphetamine,14,200.910786756792
2023,MAR,Office of Field Operations,Southwest Border,Land Only,EL PASO FIELD OFFICE,Other Drugs**,15,4.7726552326808
2023,MAR,Office of Field Operations,Southwest Border,Land Only,LAREDO FIELD OFFICE,Cocaine,20,711.068066972831
2023,MAR,Office of Field Operations,Southwest Border,Land Only,LAREDO FIELD OFFICE,Fentanyl,3,23.3940001925108
2023,MAR,Office of Field Operations,Southwest Border,Land Only,LAREDO FIELD OFFICE,Heroin,2,39.8154845172
2023,MAR,Office of Field Operations,Southwest Border,Land Only,LAREDO FIELD OFFICE,Marijuana,20,2387.0346608608606
2023,MAR,Office of Field Operations,Southwest Border,Land Only,LAREDO FIELD OFFICE,Methamphetamine,20,3850.872708760977
2023,MAR,Office of Field Operations,Southwest Border,Land Only,LAREDO FIELD OFFICE,Other Drugs**,42,248.2625752844262
2023,MAR,Office of Field Operations,Southwest Border,Land Only,SAN DIEGO FIELD OFFICE,Cocaine,38,2396.074914330206
2023,MAR,Office of Field Operations,Southwest Border,Land Only,SAN DIEGO FIELD OFFICE,Fentanyl,52,1074.11308437889
2023,MAR,Office of Field Operations,Southwest Border,Land Only,SAN DIEGO FIELD OFFICE,Heroin,11,103.197723455414
2023,MAR,Office of Field Operations,Southwest Border,Land Only,SAN DIEGO FIELD OFFICE,Marijuana,53,3.5964229262322
2023,MAR,Office of Field Operations,Southwest Border,Land Only,SAN DIEGO FIELD OFFICE,Methamphetamine,97,7375.067171422404
2023,MAR,Office of Field Operations,Southwest Border,Land Only,SAN DIEGO FIELD OFFICE,Other Drugs**,42,105.3761772049146
2023,MAR,Office of Field Operations,Southwest Border,Land Only,TUCSON FIELD OFFICE,Cocaine,4,65.028210186306
2023,MAR,Office of Field Operations,Southwest Border,Land Only,TUCSON FIELD OFFICE,Fentanyl,28,1140.8857463057234
2023,MAR,Office of Field Operations,Southwest Border,Land Only,TUCSON FIELD OFFICE,Heroin,1,2.7337320488
2023,MAR,Office of Field Operations,Southwest Border,Land Only,TUCSON FIELD OFFICE,Marijuana,10,1.3377209133636
2023,MAR,Office of Field Operations,Southwest Border,Land Only,TUCSON FIELD OFFICE,Methamphetamine,20,1678.683218065298
2023,MAR,Office of Field Operations,Southwest Border,Land Only,TUCSON FIELD OFFICE,Other Drugs**,10,7.2794654752042
2023,MAR,Office of Field Operations,Southwest Border,Other,EL PASO FIELD OFFICE,Marijuana,1,0.018298367746
2023,MAR,Office of Field Operations,Southwest Border,Other,LAREDO FIELD OFFICE,Cocaine,1,7.71617917
2023,MAR,Office of Field Operations,Southwest Border,Other,LAREDO FIELD OFFICE,Marijuana,3,0.0183424601984
2023,MAR,Office of Field Operations,Southwest Border,Other,LAREDO FIELD OFFICE,Methamphetamine,1,0.0059083886216
2023,MAR,Office of Field Operations,Southwest Border,Other,SAN DIEGO FIELD OFFICE,Marijuana,3,47.3302052721844
2023,MAR,Office of Field Operations,Southwest Border,Other,TUCSON FIELD OFFICE,Methamphetamine,1,0.00220462262
2023,MAR,U.S. Border Patrol,Coastal/Interior,Other,MIAMI SECTOR,Cocaine,4,9.7716
2023,MAR,U.S. Border Patrol,Coastal/Interior,Other,MIAMI SECTOR,Fentanyl,1,0.011
2023,MAR,U.S. Border Patrol,Coastal/Interior,Other,MIAMI SECTOR,Marijuana,2,29.0051
2023,MAR,U.S. Border Patrol,Coastal/Interior,Other,MIAMI SECTOR,Methamphetamine,1,0.0022
2023,MAR,U.S. Border Patrol,Coastal/Interior,Other,MIAMI SECTOR,Other Drugs**,1,0.0077
2023,MAR,U.S. Border Patrol,Coastal/Interior,Other,RAMEY SECTOR,Cocaine,3,1450.1403
2023,MAR,U.S. Border Patrol,Northern Border,Land Only,BLAINE SECTOR,Heroin,1,0.0123
2023,MAR,U.S. Border Patrol,Northern Border,Land Only,BLAINE SECTOR,Marijuana,1,0.0935
2023,MAR,U.S. Border Patrol,Northern Border,Land Only,BUFFALO SECTOR,Marijuana,3,291.5563
2023,MAR,U.S. Border Patrol,Northern Border,Land Only,BUFFALO SECTOR,Other Drugs**,2,12.9101
2023,MAR,U.S. Border Patrol,Northern Border,Land Only,DETROIT SECTOR,Marijuana,6,6.025
2023,MAR,U.S. Border Patrol,Northern Border,Land Only,DETROIT SECTOR,Methamphetamine,1,0.1817
2023,MAR,U.S. Border Patrol,Northern Border,Land Only,DETROIT SECTOR,Other Drugs**,1,0.0469
2023,MAR,U.S. Border Patrol,Northern Border,Land Only,HOULTON SECTOR,Cocaine,1,0.0002
2023,MAR,U.S. Border Patrol,Northern Border,Land Only,HOULTON SECTOR,Fentanyl,1,0.0004
2023,MAR,U.S. Border Patrol,Northern Border,Land Only,HOULTON SECTOR,Heroin,1,0.0033
2023,MAR,U.S. Border Patrol,Northern Border,Land Only,HOULTON SECTOR,Marijuana,7,164.65290000000002
2023,MAR,U.S. Border Patrol,Northern Border,Land Only,HOULTON SECTOR,Methamphetamine,3,0.0227
2023,MAR,U.S. Border Patrol,Northern Border,Land Only,HOULTON SECTOR,Other Drugs**,2,0.1026
2023,MAR,U.S. Border Patrol,Northern Border,Land Only,SPOKANE SECTOR,Fentanyl,2,0.0222
2023,MAR,U.S. Border Patrol,Northern Border,Land Only,SPOKANE SECTOR,Methamphetamine,2,3.2255000000000003
2023,MAR,U.S. Border Patrol,Northern Border,Land Only,SWANTON SECTOR,Marijuana,1,0.0613
2023,MAR,U.S. Border Patrol,Southwest Border,Land Only,BIG BEND SECTOR,Cocaine,2,0.0031
2023,MAR,U.S. Border Patrol,Southwest Border,Land Only,BIG BEND SECTOR,Fentanyl,1,2.3369
2023,MAR,U.S. Border Patrol,Southwest Border,Land Only,BIG BEND SECTOR,Marijuana,54,565.0808
2023,MAR,U.S. Border Patrol,Southwest Border,Land Only,BIG BEND SECTOR,Methamphetamine,1,0.0051
2023,MAR,U.S. Border Patrol,Southwest Border,Land Only,BIG BEND SECTOR,Other Drugs**,7,0.1858
2023,MAR,U.S. Border Patrol,Southwest Border,Land Only,DEL RIO SECTOR,Cocaine,2,0.0216
2023,MAR,U.S. Border Patrol,Southwest Border,Land Only,DEL RIO SECTOR,Ecstasy,1,0.1874
2023,MAR,U.S. Border Patrol,Southwest Border,Land Only,DEL RIO SECTOR,Marijuana,8,0.2556
2023,MAR,U.S. Border Patrol,Southwest Border,Land Only,DEL RIO SECTOR,Methamphetamine,2,0.1187
2023,MAR,U.S. Border Patrol,Southwest Border,Land Only,DEL RIO SECTOR,Other Drugs**,4,0.2303
2023,MAR,U.S. Border Patrol,Southwest Border,Land Only,EL CENTRO SECTOR,Cocaine,1,0.0024
2023,MAR,U.S. Border Patrol,Southwest Border,Land Only,EL CENTRO SECTOR,Fentanyl,1,0.0208
2023,MAR,U.S. Border Patrol,Southwest Border,Land Only,EL CENTRO SECTOR,Marijuana,8,9.7984
2023,MAR,U.S. Border Patrol,Southwest Border,Land Only,EL CENTRO SECTOR,Methamphetamine,3,0.9634
2023,MAR,U.S. Border Patrol,Southwest Border,Land Only,EL CENTRO SECTOR,Other Drugs**,1,0.194
2023,MAR,U.S. Border Patrol,Southwest Border,Land Only,EL PASO SECTOR,Cocaine,4,0.0203
2023,MAR,U.S. Border Patrol,Southwest Border,Land Only,EL PASO SECTOR,Fentanyl,6,0.0516
2023,MAR,U.S. Border Patrol,Southwest Border,Land Only,EL PASO SECTOR,Marijuana,26,95.2726
2023,MAR,U.S. Border Patrol,Southwest Border,Land Only,EL PASO SECTOR,Methamphetamine,10,259.73850000000004
2023,MAR,U.S. Border Patrol,Southwest Border,Land Only,EL PASO SECTOR,Other Drugs**,7,7.8667
2023,MAR,U.S. Border Patrol,Southwest Border,Land Only,LAREDO SECTOR,Cocaine,4,0.0975
2023,MAR,U.S. Border Patrol,Southwest Border,Land Only,LAREDO SECTOR,Marijuana,19,338.5231
2023,MAR,U.S. Border Patrol,Southwest Border,Land Only,LAREDO SECTOR,Other Drugs**,3,0.1184
2023,MAR,U.S. Border Patrol,Southwest Border,Land Only,RIO GRANDE VALLEY SECTOR,Cocaine,10,109.8145
2023,MAR,U.S. Border Patrol,Southwest Border,Land Only,RIO GRANDE VALLEY SECTOR,Ecstasy,1,0.0044
2023,MAR,U.S. Border Patrol,Southwest Border,Land Only,RIO GRANDE VALLEY SECTOR,Marijuana,46,1854.5644
2023,MAR,U.S. Border Patrol,Southwest Border,Land Only,RIO GRANDE VALLEY SECTOR,Methamphetamine,4,10.6744
2023,MAR,U.S. Border Patrol,Southwest Border,Land Only,RIO GRANDE VALLEY SECTOR,Other Drugs**,9,3.7324
2023,MAR,U.S. Border Patrol,Southwest Border,Land Only,SAN DIEGO SECTOR,Cocaine,12,310.0452
2023,MAR,U.S. Border Patrol,Southwest Border,Land Only,SAN DIEGO SECTOR,Ecstasy,1,0.065
2023,MAR,U.S. Border Patrol,Southwest Border,Land Only,SAN DIEGO SECTOR,Fentanyl,8,233.8198
2023,MAR,U.S. Border Patrol,Southwest Border,Land Only,SAN DIEGO SECTOR,Heroin,1,11.8827
2023,MAR,U.S. Border Patrol,Southwest Border,Land Only,SAN DIEGO SECTOR,Marijuana,5,0.2309
2023,MAR,U.S. Border Patrol,Southwest Border,Land Only,SAN DIEGO SECTOR,Methamphetamine,8,357.9294
2023,MAR,U.S. Border Patrol,Southwest Border,Land Only,SAN DIEGO SECTOR,Other Drugs**,3,2.8902
2023,MAR,U.S. Border Patrol,Southwest Border,Land Only,TUCSON SECTOR,Cocaine,6,0.0124
2023,MAR,U.S. Border Patrol,Southwest Border,Land Only,TUCSON SECTOR,Fentanyl,16,100.6656
2023,MAR,U.S. Border Patrol,Southwest Border,Land Only,TUCSON SECTOR,Marijuana,42,229.8401
2023,MAR,U.S. Border Patrol,Southwest Border,Land Only,TUCSON SECTOR,Methamphetamine,28,0.8296
2023,MAR,U.S. Border Patrol,Southwest Border,Land Only,TUCSON SECTOR,Other Drugs**,8,0.4851999999999999
2023,MAR,U.S. Border Patrol,Southwest Border,Land Only,YUMA SECTOR,Cocaine,1,0.0693
2023,MAR,U.S. Border Patrol,Southwest Border,Land Only,YUMA SECTOR,Fentanyl,3,194.5096
2023,MAR,U.S. Border Patrol,Southwest Border,Land Only,YUMA SECTOR,Marijuana,24,1.337
2023,MAR,U.S. Border Patrol,Southwest Border,Land Only,YUMA SECTOR,Methamphetamine,5,64.0789
2023,MAY,Office of Field Operations,Coastal/Interior,Other,ATLANTA FIELD OFFICE,Cocaine,1,4.8060773116
2023,MAY,Office of Field Operations,Coastal/Interior,Other,ATLANTA FIELD OFFICE,Ketamine,1,197.31372449
2023,MAY,Office of Field Operations,Coastal/Interior,Other,ATLANTA FIELD OFFICE,Marijuana,3,0.48611928771
2023,MAY,Office of Field Operations,Coastal/Interior,Other,BALTIMORE FIELD OFFICE,Cocaine,3,12.30399884222
2023,MAY,Office of Field Operations,Coastal/Interior,Other,BALTIMORE FIELD OFFICE,Ecstasy,12,1.012142244842
2023,MAY,Office of Field Operations,Coastal/Interior,Other,BALTIMORE FIELD OFFICE,Fentanyl,1,2.5132697868
2023,MAY,Office of Field Operations,Coastal/Interior,Other,BALTIMORE FIELD OFFICE,Ketamine,6,3.736173954114
2023,MAY,Office of Field Operations,Coastal/Interior,Other,BALTIMORE FIELD OFFICE,Lsd,1,0.003527396192
2023,MAY,Office of Field Operations,Coastal/Interior,Other,BALTIMORE FIELD OFFICE,Marijuana,56,217.2887959234148
2023,MAY,Office of Field Operations,Coastal/Interior,Other,BALTIMORE FIELD OFFICE,Methamphetamine,4,4.258449052792
2023,MAY,Office of Field Operations,Coastal/Interior,Other,BALTIMORE FIELD OFFICE,Other Drugs**,56,74.30239616186
2023,MAY,Office of Field Operations,Coastal/Interior,Other,CHICAGO FIELD OFFICE,Cocaine,33,190.0864424322112
2023,MAY,Office of Field Operations,Coastal/Interior,Other,CHICAGO FIELD OFFICE,Ecstasy,37,20.8157381308732
2023,MAY,Office of Field Operations,Coastal/Interior,Other,CHICAGO FIELD OFFICE,Fentanyl,3,12.4010022375
2023,MAY,Office of Field Operations,Coastal/Interior,Other,CHICAGO FIELD OFFICE,Heroin,9,6.7610925585636
2023,MAY,Office of Field Operations,Coastal/Interior,Other,CHICAGO FIELD OFFICE,Ketamine,50,121.8185833982676
2023,MAY,Office of Field Operations,Coastal/Interior,Other,CHICAGO FIELD OFFICE,Khat (Catha Edulis),8,249.9160202032
2023,MAY,Office of Field Operations,Coastal/Interior,Other,CHICAGO FIELD OFFICE,Lsd,11,0.0436956203284
2023,MAY,Office of Field Operations,Coastal/Interior,Other,CHICAGO FIELD OFFICE,Marijuana,363,2931.347034971023
2023,MAY,Office of Field Operations,Coastal/Interior,Other,CHICAGO FIELD OFFICE,Methamphetamine,45,614.2967743622646
2023,MAY,Office of Field Operations,Coastal/Interior,Other,CHICAGO FIELD OFFICE,Other Drugs**,261,292.2254179205964
2023,MAY,Office of Field Operations,Coastal/Interior,Other,HOUSTON FIELD OFFICE,Cocaine,1,0.00440924524
2023,MAY,Office of Field Operations,Coastal/Interior,Other,HOUSTON FIELD OFFICE,Ecstasy,3,0.6138110298603999
2023,MAY,Office of Field Operations,Coastal/Interior,Other,HOUSTON FIELD OFFICE,Ketamine,1,0.1498481994814
2023,MAY,Office of Field Operations,Coastal/Interior,Other,HOUSTON FIELD OFFICE,Marijuana,23,8.515773748047799
2023,MAY,Office of Field Operations,Coastal/Interior,Other,HOUSTON FIELD OFFICE,Other Drugs**,19,8.1255114518554
2023,MAY,Office of Field Operations,Coastal/Interior,Other,LOS ANGELES FIELD OFFICE,Cocaine,1,2.2707612986
2023,MAY,Office of Field Operations,Coastal/Interior,Other,LOS ANGELES FIELD OFFICE,Ecstasy,12,0.4164532129179999
2023,MAY,Office of Field Operations,Coastal/Interior,Other,LOS ANGELES FIELD OFFICE,Fentanyl,1,0.06172943336
2023,MAY,Office of Field Operations,Coastal/Interior,Other,LOS ANGELES FIELD OFFICE,Heroin,1,0.004629707502
2023,MAY,Office of Field Operations,Coastal/Interior,Other,LOS ANGELES FIELD OFFICE,Ketamine,18,59.088515923502
2023,MAY,Office of Field Operations,Coastal/Interior,Other,LOS ANGELES FIELD OFFICE,Lsd,5,0.10692419707
2023,MAY,Office of Field Operations,Coastal/Interior,Other,LOS ANGELES FIELD OFFICE,Marijuana,53,1516.540720081206
2023,MAY,Office of Field Operations,Coastal/Interior,Other,LOS ANGELES FIELD OFFICE,Methamphetamine,29,214.274106767922
2023,MAY,Office of Field Operations,Coastal/Interior,Other,LOS ANGELES FIELD OFFICE,Other Drugs**,205,470.4808192012562
2023,MAY,Office of Field Operations,Coastal/Interior,Other,MIAMI FIELD OFFICE,Cocaine,26,275.6645132614184
2023,MAY,Office of Field Operations,Coastal/Interior,Other,MIAMI FIELD OFFICE,Ecstasy,6,7.904233479486
2023,MAY,Office of Field Operations,Coastal/Interior,Other,MIAMI FIELD OFFICE,Fentanyl,2,13.2938743986
2023,MAY,Office of Field Operations,Coastal/Interior,Other,MIAMI FIELD OFFICE,Ketamine,8,247.956882311937
2023,MAY,Office of Field Operations,Coastal/Interior,Other,MIAMI FIELD OFFICE,Lsd,2,4.40924524e-05
2023,MAY,Office of Field Operations,Coastal/Interior,Other,MIAMI FIELD OFFICE,Marijuana,57,105.4111866121202
2023,MAY,Office of Field Operations,Coastal/Interior,Other,MIAMI FIELD OFFICE,Methamphetamine,7,3.998964970418
2023,MAY,Office of Field Operations,Coastal/Interior,Other,MIAMI FIELD OFFICE,Other Drugs**,708,391.3106383406624
2023,MAY,Office of Field Operations,Coastal/Interior,Other,NEW ORLEANS FIELD OFFICE,Cocaine,10,94.694273547812
2023,MAY,Office of Field Operations,Coastal/Interior,Other,NEW ORLEANS FIELD OFFICE,Heroin,1,1.65897852155
2023,MAY,Office of Field Operations,Coastal/Interior,Other,NEW ORLEANS FIELD OFFICE,Ketamine,6,69.695396272846
2023,MAY,Office of Field Operations,Coastal/Interior,Other,NEW ORLEANS FIELD OFFICE,Marijuana,148,987.392710385356
2023,MAY,Office of Field Operations,Coastal/Interior,Other,NEW ORLEANS FIELD OFFICE,Methamphetamine,20,186.647539792178
2023,MAY,Office of Field Operations,Coastal/Interior,Other,NEW ORLEANS FIELD OFFICE,Other Drugs**,229,239.875507404934
2023,MAY,Office of Field Operations,Coastal/Interior,Other,NEW YORK FIELD OFFICE,Cocaine,11,20.3318675582356
2023,MAY,Office of Field Operations,Coastal/Interior,Other,NEW YORK FIELD OFFICE,Ecstasy,129,18.14514647391
2023,MAY,Office of Field Operations,Coastal/Interior,Other,NEW YORK FIELD OFFICE,Fentanyl,2,3.68502670933
2023,MAY,Office of Field Operations,Coastal/Interior,Other,NEW YORK FIELD OFFICE,Heroin,15,0.0723116219359999
2023,MAY,Office of Field Operations,Coastal/Interior,Other,NEW YORK FIELD OFFICE,Ketamine,22,96.0032241359846
2023,MAY,Office of Field Operations,Coastal/Interior,Other,NEW YORK FIELD OFFICE,Khat (Catha Edulis),7,6974.764582894
2023,MAY,Office of Field Operations,Coastal/Interior,Other,NEW YORK FIELD OFFICE,Lsd,27,0.070327461578
2023,MAY,Office of Field Operations,Coastal/Interior,Other,NEW YORK FIELD OFFICE,Marijuana,87,224.97291988052
2023,MAY,Office of Field Operations,Coastal/Interior,Other,NEW YORK FIELD OFFICE,Methamphetamine,3,0.0467379995439999
2023,MAY,Office of Field Operations,Coastal/Interior,Other,NEW YORK FIELD OFFICE,Other Drugs**,441,930.9607206265016
2023,MAY,Office of Field Operations,Coastal/Interior,Other,PRECLEARANCE FIELD OFFICE,Cocaine,1,0.00220462262
2023,MAY,Office of Field Operations,Coastal/Interior,Other,PRECLEARANCE FIELD OFFICE,Ecstasy,1,0.00220462262
2023,MAY,Office of Field Operations,Coastal/Interior,Other,PRECLEARANCE FIELD OFFICE,Marijuana,49,4.6971469079458
2023,MAY,Office of Field Operations,Coastal/Interior,Other,PRECLEARANCE FIELD OFFICE,Other Drugs**,13,0.1548526928288
2023,MAY,Office of Field Operations,Coastal/Interior,Other,SAN FRANCISCO FIELD OFFICE,Cocaine,5,30.323702289052
2023,MAY,Office of Field Operations,Coastal/Interior,Other,SAN FRANCISCO FIELD OFFICE,Ecstasy,2,0.082452885988
2023,MAY,Office of Field Operations,Coastal/Interior,Other,SAN FRANCISCO FIELD OFFICE,Ketamine,1,0.022928075248
2023,MAY,Office of Field Operations,Coastal/Interior,Other,SAN FRANCISCO FIELD OFFICE,Marijuana,36,119.385605967288
2023,MAY,Office of Field Operations,Coastal/Interior,Other,SAN FRANCISCO FIELD OFFICE,Methamphetamine,17,170.37544069621998
2023,MAY,Office of Field Operations,Coastal/Interior,Other,SAN FRANCISCO FIELD OFFICE,Other Drugs**,14,296.662397313156
2023,MAY,Office of Field Operations,Coastal/Interior,Other,SAN JUAN FIELD OFFICE,Cocaine,9,1380.030046526282
2023,MAY,Office of Field Operations,Coastal/Interior,Other,SAN JUAN FIELD OFFICE,Marijuana,53,73.4477301107646
2023,MAY,Office of Field Operations,Coastal/Interior,Other,SAN JUAN FIELD OFFICE,Methamphetamine,1,0.0440924524
2023,MAY,Office of Field Operations,Coastal/Interior,Other,SAN JUAN FIELD OFFICE,Other Drugs**,9,12.62256681081
2023,MAY,Office of Field Operations,Coastal/Interior,Other,TAMPA FIELD OFFICE,Cocaine,3,0.8986041799119999
2023,MAY,Office of Field Operations,Coastal/Interior,Other,TAMPA FIELD OFFICE,Marijuana,19,1.4995402136716
2023,MAY,Office of Field Operations,Coastal/Interior,Other,TAMPA FIELD OFFICE,Methamphetamine,2,11.503059444374
2023,MAY,Office of Field Operations,Coastal/Interior,Other,TAMPA FIELD OFFICE,Other Drugs**,8,1.962555056324
2023,MAY,Office of Field Operations,Northern Border,Land Only,BOSTON FIELD OFFICE,Lsd,1,0.00110231131
2023,MAY,Office of Field Operations,Northern Border,Land Only,BOSTON FIELD OFFICE,Marijuana,24,769.4220908242538
2023,MAY,Office of Field Operations,Northern Border,Land Only,BOSTON FIELD OFFICE,Methamphetamine,1,0.07605948039
2023,MAY,Office of Field Operations,Northern Border,Land Only,BOSTON FIELD OFFICE,Other Drugs**,7,0.6645393963466
2023,MAY,Office of Field Operations,Northern Border,Land Only,BUFFALO FIELD OFFICE,Ketamine,1,0.000440924524
2023,MAY,Office of Field Operations,Northern Border,Land Only,BUFFALO FIELD OFFICE,Lsd,1,0.00110231131
2023,MAY,Office of Field Operations,Northern Border,Land Only,BUFFALO FIELD OFFICE,Marijuana,42,9.6921383318536
2023,MAY,Office of Field Operations,Northern Border,Land Only,BUFFALO FIELD OFFICE,Other Drugs**,10,0.15873282864
2023,MAY,Office of Field Operations,Northern Border,Land Only,DETROIT FIELD OFFICE,Cocaine,3,0.0115522225288
2023,MAY,Office of Field Operations,Northern Border,Land Only,DETROIT FIELD OFFICE,Ecstasy,2,0.029211249715
2023,MAY,Office of Field Operations,Northern Border,Land Only,DETROIT FIELD OFFICE,Ketamine,1,0.000771617917
2023,MAY,Office of Field Operations,Northern Border,Land Only,DETROIT FIELD OFFICE,Khat (Catha Edulis),1,0.1177929865866
2023,MAY,Office of Field Operations,Northern Border,Land Only,DETROIT FIELD OFFICE,Marijuana,122,573.5551499286288
2023,MAY,Office of Field Operations,Northern Border,Land Only,DETROIT FIELD OFFICE,Other Drugs**,90,9.414069280793
2023,MAY,Office of Field Operations,Northern Border,Land Only,SEATTLE FIELD OFFICE,Cocaine,1,0.000440924524
2023,MAY,Office of Field Operations,Northern Border,Land Only,SEATTLE FIELD OFFICE,Ketamine,1,0.000881849048
2023,MAY,Office of Field Operations,Northern Border,Land Only,SEATTLE FIELD OFFICE,Marijuana,87,879.3472863432763
2023,MAY,Office of Field Operations,Northern Border,Land Only,SEATTLE FIELD OFFICE,Other Drugs**,8,0.206903832887
2023,MAY,Office of Field Operations,Northern Border,Other,BOSTON FIELD OFFICE,Fentanyl,1,0.000881849048
2023,MAY,Office of Field Operations,Northern Border,Other,BOSTON FIELD OFFICE,Other Drugs**,5,21.052602785166
2023,MAY,Office of Field Operations,Northern Border,Other,BUFFALO FIELD OFFICE,Marijuana,10,21.083467501846
2023,MAY,Office of Field Operations,Northern Border,Other,BUFFALO FIELD OFFICE,Methamphetamine,1,1.120830140008
2023,MAY,Office of Field Operations,Northern Border,Other,BUFFALO FIELD OFFICE,Other Drugs**,17,12.311053634604
2023,MAY,Office of Field Operations,Northern Border,Other,DETROIT FIELD OFFICE,Lsd,2,0.0479064495325999
2023,MAY,Office of Field Operations,Northern Border,Other,DETROIT FIELD OFFICE,Marijuana,13,4.6189268973882
2023,MAY,Office of Field Operations,Northern Border,Other,DETROIT FIELD OFFICE,Other Drugs**,14,5.0063893228532
2023,MAY,Office of Field Operations,Northern Border,Other,PORTLAND FIELD OFFICE,Lsd,1,0.10802650838
2023,MAY,Office of Field Operations,Northern Border,Other,PORTLAND FIELD OFFICE,Marijuana,12,28.644220777136
2023,MAY,Office of Field Operations,Northern Border,Other,PORTLAND FIELD OFFICE,Methamphetamine,5,43.6956203284
2023,MAY,Office of Field Operations,Northern Border,Other,PORTLAND FIELD OFFICE,Other Drugs**,10,46.38746454742
2023,MAY,Office of Field Operations,Northern Border,Other,SEATTLE FIELD OFFICE,Ecstasy,1,0.0090169065158
2023,MAY,Office of Field Operations,Northern Border,Other,SEATTLE FIELD OFFICE,Lsd,1,0.0069225150268
2023,MAY,Office of Field Operations,Northern Border,Other,SEATTLE FIELD OFFICE,Marijuana,4,20.3321982516286
2023,MAY,Office of Field Operations,Northern Border,Other,SEATTLE FIELD OFFICE,Other Drugs**,3,0.1916257981303999
2023,MAY,Office of Field Operations,Southwest Border,Land Only,EL PASO FIELD OFFICE,Cocaine,7,39.054448788776
2023,MAY,Office of Field Operations,Southwest Border,Land Only,EL PASO FIELD OFFICE,Fentanyl,10,15.694267507256
2023,MAY,Office of Field Operations,Southwest Border,Land Only,EL PASO FIELD OFFICE,Heroin,2,9.886409677128
2023,MAY,Office of Field Operations,Southwest Border,Land Only,EL PASO FIELD OFFICE,Marijuana,37,145.6587330703878
2023,MAY,Office of Field Operations,Southwest Border,Land Only,EL PASO FIELD OFFICE,Methamphetamine,8,112.9345274415488
2023,MAY,Office of Field Operations,Southwest Border,Land Only,EL PASO FIELD OFFICE,Other Drugs**,20,11.3092290236236
2023,MAY,Office of Field Operations,Southwest Border,Land Only,LAREDO FIELD OFFICE,Cocaine,8,194.814564287968
2023,MAY,Office of Field Operations,Southwest Border,Land Only,LAREDO FIELD OFFICE,Fentanyl,2,23.3372752524982
2023,MAY,Office of Field Operations,Southwest Border,Land Only,LAREDO FIELD OFFICE,Heroin,1,13.228617569048
2023,MAY,Office of Field Operations,Southwest Border,Land Only,LAREDO FIELD OFFICE,Marijuana,12,30.8072421682966
2023,MAY,Office of Field Operations,Southwest Border,Land Only,LAREDO FIELD OFFICE,Methamphetamine,12,1173.5983776658074
2023,MAY,Office of Field Operations,Southwest Border,Land Only,LAREDO FIELD OFFICE,Other Drugs**,21,13.9336117904716
2023,MAY,Office of Field Operations,Southwest Border,Land Only,SAN DIEGO FIELD OFFICE,Cocaine,24,732.92568770769
2023,MAY,Office of Field Operations,Southwest Border,Land Only,SAN DIEGO FIELD OFFICE,Fentanyl,55,928.202781821334
2023,MAY,Office of Field Operations,Southwest Border,Land Only,SAN DIEGO FIELD OFFICE,Heroin,7,55.8210447384
2023,MAY,Office of Field Operations,Southwest Border,Land Only,SAN DIEGO FIELD OFFICE,Ketamine,1,0.00110231131
2023,MAY,Office of Field Operations,Southwest Border,Land Only,SAN DIEGO FIELD OFFICE,Marijuana,62,4.3069066579796
2023,MAY,Office of Field Operations,Southwest Border,Land Only,SAN DIEGO FIELD OFFICE,Methamphetamine,76,6746.186884567518
2023,MAY,Office of Field Operations,Southwest Border,Land Only,SAN DIEGO FIELD OFFICE,Other Drugs**,39,98.362324662968
2023,MAY,Office of Field Operations,Southwest Border,Land Only,TUCSON FIELD OFFICE,Cocaine,2,0.003527396192
2023,MAY,Office of Field Operations,Southwest Border,Land Only,TUCSON FIELD OFFICE,Fentanyl,31,1024.7708082263364
2023,MAY,Office of Field Operations,Southwest Border,Land Only,TUCSON FIELD OFFICE,Heroin,5,23.3476590250384
2023,MAY,Office of Field Operations,Southwest Border,Land Only,TUCSON FIELD OFFICE,Marijuana,4,0.113868758323
2023,MAY,Office of Field Operations,Southwest Border,Land Only,TUCSON FIELD OFFICE,Methamphetamine,13,571.5209446371548
2023,MAY,Office of Field Operations,Southwest Border,Land Only,TUCSON FIELD OFFICE,Other Drugs**,12,66.4777716051822
2023,MAY,Office of Field Operations,Southwest Border,Other,LAREDO FIELD OFFICE,Cocaine,1,0.220462262
2023,MAY,Office of Field Operations,Southwest Border,Other,LAREDO FIELD OFFICE,Ecstasy,1,0.2545457277052
2023,MAY,Office of Field Operations,Southwest Border,Other,LAREDO FIELD OFFICE,Marijuana,1,0.0049163084426
2023,MAY,Office of Field Operations,Southwest Border,Other,SAN DIEGO FIELD OFFICE,Methamphetamine,1,7.4516244556
2023,MAY,Office of Field Operations,Southwest Border,Other,TUCSON FIELD OFFICE,Fentanyl,1,0.237658318436
2023,MAY,Office of Field Operations,Southwest Border,Other,TUCSON FIELD OFFICE,Marijuana,1,1.49252951374
2023,MAY,U.S. Border Patrol,Coastal/Interior,Other,MIAMI SECTOR,Cocaine,7,53.3147
2023,MAY,U.S. Border Patrol,Coastal/Interior,Other,MIAMI SECTOR,Ecstasy,1,0.0141
2023,MAY,U.S. Border Patrol,Coastal/Interior,Other,MIAMI SECTOR,Marijuana,2,1.7802
2023,MAY,U.S. Border Patrol,Coastal/Interior,Other,NEW ORLEANS SECTOR,Other Drugs**,1,0.0
2023,MAY,U.S. Border Patrol,Northern Border,Land Only,BUFFALO SECTOR,Cocaine,1,0.0617
2023,MAY,U.S. Border Patrol,Northern Border,Land Only,BUFFALO SECTOR,Fentanyl,1,0.0265
2023,MAY,U.S. Border Patrol,Northern Border,Land Only,DETROIT SECTOR,Marijuana,2,1.2123
2023,MAY,U.S. Border Patrol,Northern Border,Land Only,DETROIT SECTOR,Other Drugs**,1,4.2116
2023,MAY,U.S. Border Patrol,Northern Border,Land Only,HAVRE SECTOR,Cocaine,1,0.0607
2023,MAY,U.S. Border Patrol,Northern Border,Land Only,HAVRE SECTOR,Methamphetamine,1,0.0107
2023,MAY,U.S. Border Patrol,Northern Border,Land Only,HOULTON SECTOR,Cocaine,1,0.0025
2023,MAY,U.S. Border Patrol,Northern Border,Land Only,HOULTON SECTOR,Fentanyl,3,0.3007
2023,MAY,U.S. Border Patrol,Northern Border,Land Only,HOULTON SECTOR,Marijuana,3,140.6239
2023,MAY,U.S. Border Patrol,Northern Border,Land Only,HOULTON SECTOR,Methamphetamine,4,0.102
2023,MAY,U.S. Border Patrol,Northern Border,Land Only,SWANTON SECTOR,Marijuana,1,68.7078
2023,MAY,U.S. Border Patrol,Southwest Border,Land Only,BIG BEND SECTOR,Cocaine,4,25.6187
2023,MAY,U.S. Border Patrol,Southwest Border,Land Only,BIG BEND SECTOR,Fentanyl,1,0.0176
2023,MAY,U.S. Border Patrol,Southwest Border,Land Only,BIG BEND SECTOR,Marijuana,81,484.4352
2023,MAY,U.S. Border Patrol,Southwest Border,Land Only,BIG BEND SECTOR,Methamphetamine,5,0.1499
2023,MAY,U.S. Border Patrol,Southwest Border,Land Only,BIG BEND SECTOR,Other Drugs**,11,14.268
2023,MAY,U.S. Border Patrol,Southwest Border,Land Only,DEL RIO SECTOR,Fentanyl,1,0.1235
2023,MAY,U.S. Border Patrol,Southwest Border,Land Only,DEL RIO SECTOR,Marijuana,7,0.2295
2023,MAY,U.S. Border Patrol,Southwest Border,Land Only,DEL RIO SECTOR,Methamphetamine,2,0.1197
2023,MAY,U.S. Border Patrol,Southwest Border,Land Only,EL CENTRO SECTOR,Cocaine,2,91.8162
2023,MAY,U.S. Border Patrol,Southwest Border,Land Only,EL CENTRO SECTOR,Fentanyl,4,46.53
2023,MAY,U.S. Border Patrol,Southwest Border,Land Only,EL CENTRO SECTOR,Marijuana,6,0.5897
2023,MAY,U.S. Border Patrol,Southwest Border,Land Only,EL CENTRO SECTOR,Methamphetamine,6,2863.9026000000003
2023,MAY,U.S. Border Patrol,Southwest Border,Land Only,EL CENTRO SECTOR,Other Drugs**,2,0.0324
2023,MAY,U.S. Border Patrol,Southwest Border,Land Only,EL PASO SECTOR,Cocaine,4,0.0438
2023,MAY,U.S. Border Patrol,Southwest Border,Land Only,EL PASO SECTOR,Marijuana,17,151.3561
2023,MAY,U.S. Border Patrol,Southwest Border,Land Only,EL PASO SECTOR,Methamphetamine,4,42.4695
2023,MAY,U.S. Border Patrol,Southwest Border,Land Only,EL PASO SECTOR,Other Drugs**,4,1.1828
2023,MAY,U.S. Border Patrol,Southwest Border,Land Only,LAREDO SECTOR,Cocaine,3,0.0055
2023,MAY,U.S. Border Patrol,Southwest Border,Land Only,LAREDO SECTOR,Marijuana,12,669.4252
2023,MAY,U.S. Border Patrol,Southwest Border,Land Only,LAREDO SECTOR,Methamphetamine,1,0.1213
2023,MAY,U.S. Border Patrol,Southwest Border,Land Only,LAREDO SECTOR,Other Drugs**,1,1.4936
2023,MAY,U.S. Border Patrol,Southwest Border,Land Only,RIO GRANDE VALLEY SECTOR,Cocaine,3,34.0893
2023,MAY,U.S. Border Patrol,Southwest Border,Land Only,RIO GRANDE VALLEY SECTOR,Ecstasy,1,0.0088
2023,MAY,U.S. Border Patrol,Southwest Border,Land Only,RIO GRANDE VALLEY SECTOR,Marijuana,24,785.2146
2023,MAY,U.S. Border Patrol,Southwest Border,Land Only,RIO GRANDE VALLEY SECTOR,Methamphetamine,1,0.0485
2023,MAY,U.S. Border Patrol,Southwest Border,Land Only,RIO GRANDE VALLEY SECTOR,Other Drugs**,4,0.2602
2023,MAY,U.S. Border Patrol,Southwest Border,Land Only,SAN DIEGO SECTOR,Cocaine,2,4.5864
2023,MAY,U.S. Border Patrol,Southwest Border,Land Only,SAN DIEGO SECTOR,Fentanyl,6,232.4737
2023,MAY,U.S. Border Patrol,Southwest Border,Land Only,SAN DIEGO SECTOR,Heroin,1,4.8501
2023,MAY,U.S. Border Patrol,Southwest Border,Land Only,SAN DIEGO SECTOR,Marijuana,2,0.0957
2023,MAY,U.S. Border Patrol,Southwest Border,Land Only,SAN DIEGO SECTOR,Methamphetamine,7,173.3897
2023,MAY,U.S. Border Patrol,Southwest Border,Land Only,TUCSON SECTOR,Cocaine,5,12.6056
2023,MAY,U.S. Border Patrol,Southwest Border,Land Only,TUCSON SECTOR,Fentanyl,14,187.6321
2023,MAY,U.S. Border Patrol,Southwest Border,Land Only,TUCSON SECTOR,Marijuana,35,2.8624
2023,MAY,U.S. Border Patrol,Southwest Border,Land Only,TUCSON SECTOR,Methamphetamine,16,72.6115
2023,MAY,U.S. Border Patrol,Southwest Border,Land Only,YUMA SECTOR,Fentanyl,1,192.1529
2023,MAY,U.S. Border Patrol,Southwest Border,Land Only,YUMA SECTOR,Marijuana,1,0.0157
2023,MAY,U.S. Border Patrol,Southwest Border,Land Only,YUMA SECTOR,Methamphetamine,3,0.0390999999999999
2023,MAY,U.S. Border Patrol,Southwest Border,Land Only,YUMA SECTOR,Other Drugs**,1,0.0011
2023,NOV,Office of Field Operations,Coastal/Interior,Other,ATLANTA FIELD OFFICE,Cocaine,1,0.149473413636
2023,NOV,Office of Field Operations,Coastal/Interior,Other,ATLANTA FIELD OFFICE,Ecstasy,1,0.027998707274
2023,NOV,Office of Field Operations,Coastal/Interior,Other,ATLANTA FIELD OFFICE,Fentanyl,2,9.259415004
2023,NOV,Office of Field Operations,Coastal/Interior,Other,ATLANTA FIELD OFFICE,Khat (Catha Edulis),1,337.30726086
2023,NOV,Office of Field Operations,Coastal/Interior,Other,ATLANTA FIELD OFFICE,Marijuana,7,3.1382141608914003
2023,NOV,Office of Field Operations,Coastal/Interior,Other,ATLANTA FIELD OFFICE,Methamphetamine,2,4.536451965174
2023,NOV,Office of Field Operations,Coastal/Interior,Other,ATLANTA FIELD OFFICE,Other Drugs**,8,1.3445993359380002
2023,NOV,Office of Field Operations,Coastal/Interior,Other,BALTIMORE FIELD OFFICE,Cocaine,4,4.727151821804
2023,NOV,Office of Field Operations,Coastal/Interior,Other,BALTIMORE FIELD OFFICE,Ecstasy,3,0.179235819006
2023,NOV,Office of Field Operations,Coastal/Interior,Other,BALTIMORE FIELD OFFICE,Ketamine,4,36.9910763400394
2023,NOV,Office of Field Operations,Coastal/Interior,Other,BALTIMORE FIELD OFFICE,Lsd,1,0.012566348934
2023,NOV,Office of Field Operations,Coastal/Interior,Other,BALTIMORE FIELD OFFICE,Marijuana,22,146.5246426968452
2023,NOV,Office of Field Operations,Coastal/Interior,Other,BALTIMORE FIELD OFFICE,Methamphetamine,1,0.28439631798
2023,NOV,Office of Field Operations,Coastal/Interior,Other,BALTIMORE FIELD OFFICE,Other Drugs**,43,30.5099047155372
2023,NOV,Office of Field Operations,Coastal/Interior,Other,CHICAGO FIELD OFFICE,Cocaine,26,227.1643147648
2023,NOV,Office of Field Operations,Coastal/Interior,Other,CHICAGO FIELD OFFICE,Ecstasy,10,1.6939658825294
2023,NOV,Office of Field Operations,Coastal/Interior,Other,CHICAGO FIELD OFFICE,Fentanyl,12,23.534126006238
2023,NOV,Office of Field Operations,Coastal/Interior,Other,CHICAGO FIELD OFFICE,Heroin,5,53.715299442907
2023,NOV,Office of Field Operations,Coastal/Interior,Other,CHICAGO FIELD OFFICE,Ketamine,54,444.2195970603044
2023,NOV,Office of Field Operations,Coastal/Interior,Other,CHICAGO FIELD OFFICE,Khat (Catha Edulis),23,680.3244943058
2023,NOV,Office of Field Operations,Coastal/Interior,Other,CHICAGO FIELD OFFICE,Lsd,1,0.001984160358
2023,NOV,Office of Field Operations,Coastal/Interior,Other,CHICAGO FIELD OFFICE,Marijuana,229,1207.652367566578
2023,NOV,Office of Field Operations,Coastal/Interior,Other,CHICAGO FIELD OFFICE,Methamphetamine,40,408.4407545140982
2023,NOV,Office of Field Operations,Coastal/Interior,Other,CHICAGO FIELD OFFICE,Other Drugs**,155,326.2707877469228
2023,NOV,Office of Field Operations,Coastal/Interior,Other,HOUSTON FIELD OFFICE,Cocaine,2,0.392202364098
2023,NOV,Office of Field Operations,Coastal/Interior,Other,HOUSTON FIELD OFFICE,Lsd,1,0.0012566348934
2023,NOV,Office of Field Operations,Coastal/Interior,Other,HOUSTON FIELD OFFICE,Marijuana,26,10.878048931604
2023,NOV,Office of Field Operations,Coastal/Interior,Other,HOUSTON FIELD OFFICE,Methamphetamine,1,0.0061288508836
2023,NOV,Office of Field Operations,Coastal/Interior,Other,HOUSTON FIELD OFFICE,Other Drugs**,21,19.475305531687
2023,NOV,Office of Field Operations,Coastal/Interior,Other,LOS ANGELES FIELD OFFICE,Cocaine,6,6.04507522404
2023,NOV,Office of Field Operations,Coastal/Interior,Other,LOS ANGELES FIELD OFFICE,Ecstasy,5,1.014567329724
2023,NOV,Office of Field Operations,Coastal/Interior,Other,LOS ANGELES FIELD OFFICE,Fentanyl,1,0.040124131684
2023,NOV,Office of Field Operations,Coastal/Interior,Other,LOS ANGELES FIELD OFFICE,Ketamine,20,127.766037932694
2023,NOV,Office of Field Operations,Coastal/Interior,Other,LOS ANGELES FIELD OFFICE,Lsd,9,1.377227750714
2023,NOV,Office of Field Operations,Coastal/Interior,Other,LOS ANGELES FIELD OFFICE,Marijuana,38,832.3753102006158
2023,NOV,Office of Field Operations,Coastal/Interior,Other,LOS ANGELES FIELD OFFICE,Methamphetamine,44,325.107320205444
2023,NOV,Office of Field Operations,Coastal/Interior,Other,LOS ANGELES FIELD OFFICE,Other Drugs**,230,526.6303086175838
2023,NOV,Office of Field Operations,Coastal/Interior,Other,MIAMI FIELD OFFICE,Cocaine,43,395.57453281132575
2023,NOV,Office of Field Operations,Coastal/Interior,Other,MIAMI FIELD OFFICE,Ecstasy,9,0.300710525368
2023,NOV,Office of Field Operations,Coastal/Interior,Other,MIAMI FIELD OFFICE,Ketamine,11,34.085890790082004
2023,NOV,Office of Field Operations,Coastal/Interior,Other,MIAMI FIELD OFFICE,Lsd,2,0.033289801562
2023,NOV,Office of Field Operations,Coastal/Interior,Other,MIAMI FIELD OFFICE,Marijuana,64,182.3468501699868
2023,NOV,Office of Field Operations,Coastal/Interior,Other,MIAMI FIELD OFFICE,Methamphetamine,6,5.737971293074
2023,NOV,Office of Field Operations,Coastal/Interior,Other,MIAMI FIELD OFFICE,Other Drugs**,627,628.7960041321234
2023,NOV,Office of Field Operations,Coastal/Interior,Other,NEW ORLEANS FIELD OFFICE,Cocaine,13,19.575064705242
2023,NOV,Office of Field Operations,Coastal/Interior,Other,NEW ORLEANS FIELD OFFICE,Ecstasy,3,2.921786358286
2023,NOV,Office of Field Operations,Coastal/Interior,Other,NEW ORLEANS FIELD OFFICE,Fentanyl,1,22.597381855
2023,NOV,Office of Field Operations,Coastal/Interior,Other,NEW ORLEANS FIELD OFFICE,Heroin,1,16.203976257
2023,NOV,Office of Field Operations,Coastal/Interior,Other,NEW ORLEANS FIELD OFFICE,Ketamine,10,172.808462219652
2023,NOV,Office of Field Operations,Coastal/Interior,Other,NEW ORLEANS FIELD OFFICE,Marijuana,126,1021.674371664094
2023,NOV,Office of Field Operations,Coastal/Interior,Other,NEW ORLEANS FIELD OFFICE,Methamphetamine,11,212.292812419328
2023,NOV,Office of Field Operations,Coastal/Interior,Other,NEW ORLEANS FIELD OFFICE,Other Drugs**,100,169.302671329328
2023,NOV,Office of Field Operations,Coastal/Interior,Other,NEW YORK FIELD OFFICE,Cocaine,18,207.018914187764
2023,NOV,Office of Field Operations,Coastal/Interior,Other,NEW YORK FIELD OFFICE,Ecstasy,46,8.081264675872
2023,NOV,Office of Field Operations,Coastal/Interior,Other,NEW YORK FIELD OFFICE,Heroin,6,11.287226889876
2023,NOV,Office of Field Operations,Coastal/Interior,Other,NEW YORK FIELD OFFICE,Ketamine,33,247.73123918678
2023,NOV,Office of Field Operations,Coastal/Interior,Other,NEW YORK FIELD OFFICE,Khat (Catha Edulis),10,6149.684567359
2023,NOV,Office of Field Operations,Coastal/Interior,Other,NEW YORK FIELD OFFICE,Lsd,27,0.03747858454
2023,NOV,Office of Field Operations,Coastal/Interior,Other,NEW YORK FIELD OFFICE,Marijuana,60,142.4543581846702
2023,NOV,Office of Field Operations,Coastal/Interior,Other,NEW YORK FIELD OFFICE,Methamphetamine,7,29.148858894854
2023,NOV,Office of Field Operations,Coastal/Interior,Other,NEW YORK FIELD OFFICE,Other Drugs**,517,1448.450730000244
2023,NOV,Office of Field Operations,Coastal/Interior,Other,PRECLEARANCE FIELD OFFICE,Cocaine,3,12.591900510165802
2023,NOV,Office of Field Operations,Coastal/Interior,Other,PRECLEARANCE FIELD OFFICE,Ketamine,1,0.00440924524
2023,NOV,Office of Field Operations,Coastal/Interior,Other,PRECLEARANCE FIELD OFFICE,Marijuana,31,3.3227190279592
2023,NOV,Office of Field Operations,Coastal/Interior,Other,PRECLEARANCE FIELD OFFICE,Other Drugs**,6,0.0813285284518
2023,NOV,Office of Field Operations,Coastal/Interior,Other,SAN FRANCISCO FIELD OFFICE,Cocaine,5,2.006647508724
2023,NOV,Office of Field Operations,Coastal/Interior,Other,SAN FRANCISCO FIELD OFFICE,Fentanyl,1,0.0003968320716
2023,NOV,Office of Field Operations,Coastal/Interior,Other,SAN FRANCISCO FIELD OFFICE,Khat (Catha Edulis),1,36.927428885
2023,NOV,Office of Field Operations,Coastal/Interior,Other,SAN FRANCISCO FIELD OFFICE,Marijuana,45,49.0960859445782
2023,NOV,Office of Field Operations,Coastal/Interior,Other,SAN FRANCISCO FIELD OFFICE,Methamphetamine,17,121.915851348262
2023,NOV,Office of Field Operations,Coastal/Interior,Other,SAN FRANCISCO FIELD OFFICE,Other Drugs**,26,309.0323805103926
2023,NOV,Office of Field Operations,Coastal/Interior,Other,SAN JUAN FIELD OFFICE,Cocaine,15,1422.308535434546
2023,NOV,Office of Field Operations,Coastal/Interior,Other,SAN JUAN FIELD OFFICE,Ecstasy,1,0.0029321480846
2023,NOV,Office of Field Operations,Coastal/Interior,Other,SAN JUAN FIELD OFFICE,Ketamine,1,3.3730726086
2023,NOV,Office of Field Operations,Coastal/Interior,Other,SAN JUAN FIELD OFFICE,Marijuana,55,96.3062054226512
2023,NOV,Office of Field Operations,Coastal/Interior,Other,SAN JUAN FIELD OFFICE,Other Drugs**,3,2.141349950806
2023,NOV,Office of Field Operations,Coastal/Interior,Other,TAMPA FIELD OFFICE,Cocaine,1,0.002866009406
2023,NOV,Office of Field Operations,Coastal/Interior,Other,TAMPA FIELD OFFICE,Marijuana,15,1.5891140307222
2023,NOV,Office of Field Operations,Coastal/Interior,Other,TAMPA FIELD OFFICE,Other Drugs**,10,0.631844842892
2023,NOV,Office of Field Operations,Northern Border,Land Only,BOSTON FIELD OFFICE,Ecstasy,1,0.00220462262
2023,NOV,Office of Field Operations,Northern Border,Land Only,BOSTON FIELD OFFICE,Lsd,1,0.000220462262
2023,NOV,Office of Field Operations,Northern Border,Land Only,BOSTON FIELD OFFICE,Marijuana,17,3.3427149551226
2023,NOV,Office of Field Operations,Northern Border,Land Only,BOSTON FIELD OFFICE,Methamphetamine,1,0.0071870697412
2023,NOV,Office of Field Operations,Northern Border,Land Only,BOSTON FIELD OFFICE,Other Drugs**,5,0.5875980669086001
2023,NOV,Office of Field Operations,Northern Border,Land Only,BUFFALO FIELD OFFICE,Marijuana,31,7.02723460125
2023,NOV,Office of Field Operations,Northern Border,Land Only,BUFFALO FIELD OFFICE,Other Drugs**,10,3.1794846963378
2023,NOV,Office of Field Operations,Northern Border,Land Only,DETROIT FIELD OFFICE,Cocaine,2,0.0135363828868
2023,NOV,Office of Field Operations,Northern Border,Land Only,DETROIT FIELD OFFICE,Ecstasy,3,0.0126545338388
2023,NOV,Office of Field Operations,Northern Border,Land Only,DETROIT FIELD OFFICE,Marijuana,63,6.9103234637114
2023,NOV,Office of Field Operations,Northern Border,Land Only,DETROIT FIELD OFFICE,Methamphetamine,2,0.0567249400126
2023,NOV,Office of Field Operations,Northern Border,Land Only,DETROIT FIELD OFFICE,Other Drugs**,33,2.3565431647442
2023,NOV,Office of Field Operations,Northern Border,Land Only,SEATTLE FIELD OFFICE,Cocaine,1,0.0071429772888
2023,NOV,Office of Field Operations,Northern Border,Land Only,SEATTLE FIELD OFFICE,Ecstasy,1,0.01543235834
2023,NOV,Office of Field Operations,Northern Border,Land Only,SEATTLE FIELD OFFICE,Marijuana,71,6.5620151359776
2023,NOV,Office of Field Operations,Northern Border,Land Only,SEATTLE FIELD OFFICE,Methamphetamine,2,0.008377565956
2023,NOV,Office of Field Operations,Northern Border,Land Only,SEATTLE FIELD OFFICE,Other Drugs**,5,0.1903250707846
2023,NOV,Office of Field Operations,Northern Border,Other,BOSTON FIELD OFFICE,Other Drugs**,3,5.517685400883599
2023,NOV,Office of Field Operations,Northern Border,Other,BUFFALO FIELD OFFICE,Methamphetamine,1,0.015652820602
2023,NOV,Office of Field Operations,Northern Border,Other,BUFFALO FIELD OFFICE,Other Drugs**,2,2.271643147648
2023,NOV,Office of Field Operations,Northern Border,Other,DETROIT FIELD OFFICE,Cocaine,1,0.6834330122
2023,NOV,Office of Field Operations,Northern Border,Other,DETROIT FIELD OFFICE,Marijuana,6,11.802667658432
2023,NOV,Office of Field Operations,Northern Border,Other,DETROIT FIELD OFFICE,Other Drugs**,5,0.378313241592
2023,NOV,Office of Field Operations,Northern Border,Other,PORTLAND FIELD OFFICE,Khat (Catha Edulis),4,152.42760794679998
2023,NOV,Office of Field Operations,Northern Border,Other,PORTLAND FIELD OFFICE,Marijuana,5,21.164377152
2023,NOV,Office of Field Operations,Northern Border,Other,PORTLAND FIELD OFFICE,Methamphetamine,1,6.636795935248
2023,NOV,Office of Field Operations,Northern Border,Other,PORTLAND FIELD OFFICE,Other Drugs**,5,69.33097215376
2023,NOV,Office of Field Operations,Northern Border,Other,SEATTLE FIELD OFFICE,Marijuana,2,0.040344593946
2023,NOV,Office of Field Operations,Northern Border,Other,SEATTLE FIELD OFFICE,Other Drugs**,4,1.470703749802
2023,NOV,Office of Field Operations,Southwest Border,Land Only,EL PASO FIELD OFFICE,Cocaine,10,147.55869889053002
2023,NOV,Office of Field Operations,Southwest Border,Land Only,EL PASO FIELD OFFICE,Fentanyl,5,16.515489433206
2023,NOV,Office of Field Operations,Southwest Border,Land Only,EL PASO FIELD OFFICE,Marijuana,47,8.1972057794578
2023,NOV,Office of Field Operations,Southwest Border,Land Only,EL PASO FIELD OFFICE,Methamphetamine,9,302.832033715226
2023,NOV,Office of Field Operations,Southwest Border,Land Only,EL PASO FIELD OFFICE,Other Drugs**,21,17.702899176338
2023,NOV,Office of Field Operations,Southwest Border,Land Only,LAREDO FIELD OFFICE,Cocaine,19,581.1220761472548
2023,NOV,Office of Field Operations,Southwest Border,Land Only,LAREDO FIELD OFFICE,Fentanyl,1,14.5064168396
2023,NOV,Office of Field Operations,Southwest Border,Land Only,LAREDO FIELD OFFICE,Heroin,1,11.0231131
2023,NOV,Office of Field Operations,Southwest Border,Land Only,LAREDO FIELD OFFICE,Marijuana,22,65.6341727596392
2023,NOV,Office of Field Operations,Southwest Border,Land Only,LAREDO FIELD OFFICE,Methamphetamine,10,4433.08979891736
2023,NOV,Office of Field Operations,Southwest Border,Land Only,LAREDO FIELD OFFICE,Other Drugs**,26,8.3746779003678
2023,NOV,Office of Field Operations,Southwest Border,Land Only,SAN DIEGO FIELD OFFICE,Cocaine,27,607.295047244728
2023,NOV,Office of Field Operations,Southwest Border,Land Only,SAN DIEGO FIELD OFFICE,Fentanyl,34,721.774265571206
2023,NOV,Office of Field Operations,Southwest Border,Land Only,SAN DIEGO FIELD OFFICE,Heroin,9,91.712300992
2023,NOV,Office of Field Operations,Southwest Border,Land Only,SAN DIEGO FIELD OFFICE,Marijuana,48,2.747180246782
2023,NOV,Office of Field Operations,Southwest Border,Land Only,SAN DIEGO FIELD OFFICE,Methamphetamine,86,5333.547713713161
2023,NOV,Office of Field Operations,Southwest Border,Land Only,SAN DIEGO FIELD OFFICE,Other Drugs**,59,99.390560652936
2023,NOV,Office of Field Operations,Southwest Border,Land Only,TUCSON FIELD OFFICE,Cocaine,11,101.707067870901
2023,NOV,Office of Field Operations,Southwest Border,Land Only,TUCSON FIELD OFFICE,Fentanyl,34,2029.2879248125423
2023,NOV,Office of Field Operations,Southwest Border,Land Only,TUCSON FIELD OFFICE,Heroin,3,14.109584768
2023,NOV,Office of Field Operations,Southwest Border,Land Only,TUCSON FIELD OFFICE,Marijuana,11,5.809356973509599
2023,NOV,Office of Field Operations,Southwest Border,Land Only,TUCSON FIELD OFFICE,Methamphetamine,15,487.3073147474656
2023,NOV,Office of Field Operations,Southwest Border,Land Only,TUCSON FIELD OFFICE,Other Drugs**,4,2.23438502537
2023,NOV,Office of Field Operations,Southwest Border,Other,EL PASO FIELD OFFICE,Marijuana,2,0.0044974301448
2023,NOV,Office of Field Operations,Southwest Border,Other,LAREDO FIELD OFFICE,Marijuana,1,0.003527396192
2023,NOV,Office of Field Operations,Southwest Border,Other,TUCSON FIELD OFFICE,Fentanyl,1,0.0079145952058
2023,NOV,Office of Field Operations,Southwest Border,Other,TUCSON FIELD OFFICE,Methamphetamine,1,9.3475999088
2023,NOV,Office of Field Operations,Southwest Border,Other,TUCSON FIELD OFFICE,Other Drugs**,1,2.071904338276
2023,NOV,U.S. Border Patrol,Coastal/Interior,Other,MIAMI SECTOR,Cocaine,4,12.3586
2023,NOV,U.S. Border Patrol,Coastal/Interior,Other,MIAMI SECTOR,Marijuana,4,29.1011
2023,NOV,U.S. Border Patrol,Coastal/Interior,Other,MIAMI SECTOR,Other Drugs**,1,0.3968
2023,NOV,U.S. Border Patrol,Coastal/Interior,Other,RAMEY SECTOR,Cocaine,3,469.8018
2023,NOV,U.S. Border Patrol,Northern Border,Land Only,BLAINE SECTOR,Marijuana,1,0.1534
2023,NOV,U.S. Border Patrol,Northern Border,Land Only,BUFFALO SECTOR,Cocaine,1,0.0044
2023,NOV,U.S. Border Patrol,Northern Border,Land Only,BUFFALO SECTOR,Marijuana,2,1.4932
2023,NOV,U.S. Border Patrol,Northern Border,Land Only,BUFFALO SECTOR,Other Drugs**,1,0.2072
2023,NOV,U.S. Border Patrol,Northern Border,Land Only,DETROIT SECTOR,Marijuana,6,25.541
2023,NOV,U.S. Border Patrol,Northern Border,Land Only,DETROIT SECTOR,Other Drugs**,2,38.8532
2023,NOV,U.S. Border Patrol,Northern Border,Land Only,GRAND FORKS SECTOR,Marijuana,1,0.1545
2023,NOV,U.S. Border Patrol,Northern Border,Land Only,HOULTON SECTOR,Marijuana,2,0.0112
2023,NOV,U.S. Border Patrol,Northern Border,Land Only,SWANTON SECTOR,Cocaine,1,0.0132
2023,NOV,U.S. Border Patrol,Northern Border,Land Only,SWANTON SECTOR,Marijuana,3,93.7434
2023,NOV,U.S. Border Patrol,Southwest Border,Land Only,BIG BEND SECTOR,Cocaine,1,0.0243
2023,NOV,U.S. Border Patrol,Southwest Border,Land Only,BIG BEND SECTOR,Fentanyl,2,0.8913
2023,NOV,U.S. Border Patrol,Southwest Border,Land Only,BIG BEND SECTOR,Marijuana,46,1322.3557
2023,NOV,U.S. Border Patrol,Southwest Border,Land Only,BIG BEND SECTOR,Methamphetamine,4,4.646999999999999
2023,NOV,U.S. Border Patrol,Southwest Border,Land Only,BIG BEND SECTOR,Other Drugs**,2,0.0332
2023,NOV,U.S. Border Patrol,Southwest Border,Land Only,DEL RIO SECTOR,Cocaine,2,0.0276
2023,NOV,U.S. Border Patrol,Southwest Border,Land Only,DEL RIO SECTOR,Marijuana,13,0.9982
2023,NOV,U.S. Border Patrol,Southwest Border,Land Only,DEL RIO SECTOR,Methamphetamine,5,0.0412
2023,NOV,U.S. Border Patrol,Southwest Border,Land Only,DEL RIO SECTOR,Other Drugs**,3,0.1137
2023,NOV,U.S. Border Patrol,Southwest Border,Land Only,EL CENTRO SECTOR,Fentanyl,1,1.1883
2023,NOV,U.S. Border Patrol,Southwest Border,Land Only,EL CENTRO SECTOR,Methamphetamine,1,1.1466
2023,NOV,U.S. Border Patrol,Southwest Border,Land Only,EL PASO SECTOR,Cocaine,3,24.502
2023,NOV,U.S. Border Patrol,Southwest Border,Land Only,EL PASO SECTOR,Fentanyl,3,2.7591
2023,NOV,U.S. Border Patrol,Southwest Border,Land Only,EL PASO SECTOR,Marijuana,11,32.1102
2023,NOV,U.S. Border Patrol,Southwest Border,Land Only,EL PASO SECTOR,Methamphetamine,5,2.7243
2023,NOV,U.S. Border Patrol,Southwest Border,Land Only,EL PASO SECTOR,Other Drugs**,5,19.6065
2023,NOV,U.S. Border Patrol,Southwest Border,Land Only,LAREDO SECTOR,Cocaine,2,0.0031
2023,NOV,U.S. Border Patrol,Southwest Border,Land Only,LAREDO SECTOR,Ecstasy,1,2.2046
2023,NOV,U.S. Border Patrol,Southwest Border,Land Only,LAREDO SECTOR,Marijuana,11,0.6073999999999999
2023,NOV,U.S. Border Patrol,Southwest Border,Land Only,LAREDO SECTOR,Methamphetamine,1,0.0093
2023,NOV,U.S. Border Patrol,Southwest Border,Land Only,LAREDO SECTOR,Other Drugs**,1,0.0014
2023,NOV,U.S. Border Patrol,Southwest Border,Land Only,RIO GRANDE VALLEY SECTOR,Cocaine,7,221.5434
2023,NOV,U.S. Border Patrol,Southwest Border,Land Only,RIO GRANDE VALLEY SECTOR,Ecstasy,1,0.0088
2023,NOV,U.S. Border Patrol,Southwest Border,Land Only,RIO GRANDE VALLEY SECTOR,Fentanyl,1,2.3325
2023,NOV,U.S. Border Patrol,Southwest Border,Land Only,RIO GRANDE VALLEY SECTOR,Heroin,1,0.0014
2023,NOV,U.S. Border Patrol,Southwest Border,Land Only,RIO GRANDE VALLEY SECTOR,Marijuana,38,1699.0008
2023,NOV,U.S. Border Patrol,Southwest Border,Land Only,RIO GRANDE VALLEY SECTOR,Methamphetamine,4,0.0506
2023,NOV,U.S. Border Patrol,Southwest Border,Land Only,RIO GRANDE VALLEY SECTOR,Other Drugs**,4,0.0650999999999999
2023,NOV,U.S. Border Patrol,Southwest Border,Land Only,SAN DIEGO SECTOR,Cocaine,3,127.3873
2023,NOV,U.S. Border Patrol,Southwest Border,Land Only,SAN DIEGO SECTOR,Marijuana,5,1.2459
2023,NOV,U.S. Border Patrol,Southwest Border,Land Only,SAN DIEGO SECTOR,Methamphetamine,6,150.15990000000002
2023,NOV,U.S. Border Patrol,Southwest Border,Land Only,SAN DIEGO SECTOR,Other Drugs**,1,0.0154
2023,NOV,U.S. Border Patrol,Southwest Border,Land Only,TUCSON SECTOR,Cocaine,2,0.0042
2023,NOV,U.S. Border Patrol,Southwest Border,Land Only,TUCSON SECTOR,Fentanyl,12,103.8193
2023,NOV,U.S. Border Patrol,Southwest Border,Land Only,TUCSON SECTOR,Heroin,3,2.0833
2023,NOV,U.S. Border Patrol,Southwest Border,Land Only,TUCSON SECTOR,Marijuana,21,363.0853
2023,NOV,U.S. Border Patrol,Southwest Border,Land Only,TUCSON SECTOR,Methamphetamine,13,0.7264
2023,NOV,U.S. Border Patrol,Southwest Border,Land Only,TUCSON SECTOR,Other Drugs**,3,0.1297
2023,NOV,U.S. Border Patrol,Southwest Border,Land Only,YUMA SECTOR,Cocaine,1,3.3
2023,NOV,U.S. Border Patrol,Southwest Border,Land Only,YUMA SECTOR,Marijuana,10,4.8502
2023,NOV,U.S. Border Patrol,Southwest Border,Land Only,YUMA SECTOR,Methamphetamine,2,0.0024
2023,OCT,Office of Field Operations,Coastal/Interior,Other,ATLANTA FIELD OFFICE,Khat (Catha Edulis),1,379.32075412934
2023,OCT,Office of Field Operations,Coastal/Interior,Other,ATLANTA FIELD OFFICE,Marijuana,4,0.5724964019616
2023,OCT,Office of Field Operations,Coastal/Interior,Other,BALTIMORE FIELD OFFICE,Cocaine,1,20.1061582944
2023,OCT,Office of Field Operations,Coastal/Interior,Other,BALTIMORE FIELD OFFICE,Ecstasy,3,22.8304986508388
2023,OCT,Office of Field Operations,Coastal/Interior,Other,BALTIMORE FIELD OFFICE,Ketamine,4,24.3227415636382
2023,OCT,Office of Field Operations,Coastal/Interior,Other,BALTIMORE FIELD OFFICE,Lsd,2,0.0076500404914
2023,OCT,Office of Field Operations,Coastal/Interior,Other,BALTIMORE FIELD OFFICE,Marijuana,31,30.5132777881458
2023,OCT,Office of Field Operations,Coastal/Interior,Other,BALTIMORE FIELD OFFICE,Methamphetamine,2,0.300600294237
2023,OCT,Office of Field Operations,Coastal/Interior,Other,BALTIMORE FIELD OFFICE,Other Drugs**,44,27.861800209298
2023,OCT,Office of Field Operations,Coastal/Interior,Other,CHICAGO FIELD OFFICE,Cocaine,31,139.0112226692066
2023,OCT,Office of Field Operations,Coastal/Interior,Other,CHICAGO FIELD OFFICE,Ecstasy,20,3.6042713827594
2023,OCT,Office of Field Operations,Coastal/Interior,Other,CHICAGO FIELD OFFICE,Fentanyl,5,7.964640139274
2023,OCT,Office of Field Operations,Coastal/Interior,Other,CHICAGO FIELD OFFICE,Heroin,5,9.2981722696596
2023,OCT,Office of Field Operations,Coastal/Interior,Other,CHICAGO FIELD OFFICE,Ketamine,33,254.5886517076114
2023,OCT,Office of Field Operations,Coastal/Interior,Other,CHICAGO FIELD OFFICE,Khat (Catha Edulis),10,303.415156398216
2023,OCT,Office of Field Operations,Coastal/Interior,Other,CHICAGO FIELD OFFICE,Lsd,2,0.2396645250202
2023,OCT,Office of Field Operations,Coastal/Interior,Other,CHICAGO FIELD OFFICE,Marijuana,281,1811.816608182418
2023,OCT,Office of Field Operations,Coastal/Interior,Other,CHICAGO FIELD OFFICE,Methamphetamine,45,444.7428642391614
2023,OCT,Office of Field Operations,Coastal/Interior,Other,CHICAGO FIELD OFFICE,Other Drugs**,146,594.9802677978962
2023,OCT,Office of Field Operations,Coastal/Interior,Other,HOUSTON FIELD OFFICE,Cocaine,7,8.6630204928376
2023,OCT,Office of Field Operations,Coastal/Interior,Other,HOUSTON FIELD OFFICE,Ecstasy,1,2.6014546916
2023,OCT,Office of Field Operations,Coastal/Interior,Other,HOUSTON FIELD OFFICE,Ketamine,3,138.5825778932
2023,OCT,Office of Field Operations,Coastal/Interior,Other,HOUSTON FIELD OFFICE,Marijuana,72,76.3418043627172
2023,OCT,Office of Field Operations,Coastal/Interior,Other,HOUSTON FIELD OFFICE,Methamphetamine,1,0.0020502990366
2023,OCT,Office of Field Operations,Coastal/Interior,Other,HOUSTON FIELD OFFICE,Other Drugs**,80,50.0050738970304
2023,OCT,Office of Field Operations,Coastal/Interior,Other,LOS ANGELES FIELD OFFICE,Cocaine,9,2.755778275
2023,OCT,Office of Field Operations,Coastal/Interior,Other,LOS ANGELES FIELD OFFICE,Ecstasy,9,2.955517084372
2023,OCT,Office of Field Operations,Coastal/Interior,Other,LOS ANGELES FIELD OFFICE,Ketamine,17,86.18156422520599
2023,OCT,Office of Field Operations,Coastal/Interior,Other,LOS ANGELES FIELD OFFICE,Lsd,8,0.617955720386
2023,OCT,Office of Field Operations,Coastal/Interior,Other,LOS ANGELES FIELD OFFICE,Marijuana,39,1409.455144635422
2023,OCT,Office of Field Operations,Coastal/Interior,Other,LOS ANGELES FIELD OFFICE,Methamphetamine,14,59.707353492936
2023,OCT,Office of Field Operations,Coastal/Interior,Other,LOS ANGELES FIELD OFFICE,Other Drugs**,219,1470.012380148368
2023,OCT,Office of Field Operations,Coastal/Interior,Other,MIAMI FIELD OFFICE,Cocaine,29,125.5977695396978
2023,OCT,Office of Field Operations,Coastal/Interior,Other,MIAMI FIELD OFFICE,Ecstasy,8,5.9261578799172
2023,OCT,Office of Field Operations,Coastal/Interior,Other,MIAMI FIELD OFFICE,Ketamine,12,34.356177523294
2023,OCT,Office of Field Operations,Coastal/Interior,Other,MIAMI FIELD OFFICE,Lsd,1,0.077823178486
2023,OCT,Office of Field Operations,Coastal/Interior,Other,MIAMI FIELD OFFICE,Marijuana,93,114.3416278287638
2023,OCT,Office of Field Operations,Coastal/Interior,Other,MIAMI FIELD OFFICE,Methamphetamine,2,1.089304036542
2023,OCT,Office of Field Operations,Coastal/Interior,Other,MIAMI FIELD OFFICE,Other Drugs**,566,630.924523179281
2023,OCT,Office of Field Operations,Coastal/Interior,Other,NEW ORLEANS FIELD OFFICE,Cocaine,10,36.789419508988
2023,OCT,Office of Field Operations,Coastal/Interior,Other,NEW ORLEANS FIELD OFFICE,Ecstasy,3,2.626146464944
2023,OCT,Office of Field Operations,Coastal/Interior,Other,NEW ORLEANS FIELD OFFICE,Fentanyl,1,0.258381771064
2023,OCT,Office of Field Operations,Coastal/Interior,Other,NEW ORLEANS FIELD OFFICE,Ketamine,14,200.943194709306
2023,OCT,Office of Field Operations,Coastal/Interior,Other,NEW ORLEANS FIELD OFFICE,Marijuana,91,389.2130501488634
2023,OCT,Office of Field Operations,Coastal/Interior,Other,NEW ORLEANS FIELD OFFICE,Methamphetamine,17,285.0608794225728
2023,OCT,Office of Field Operations,Coastal/Interior,Other,NEW ORLEANS FIELD OFFICE,Other Drugs**,142,235.7834632674996
2023,OCT,Office of Field Operations,Coastal/Interior,Other,NEW YORK FIELD OFFICE,Cocaine,16,15.65943446986
2023,OCT,Office of Field Operations,Coastal/Interior,Other,NEW YORK FIELD OFFICE,Ecstasy,12,21.62845021351
2023,OCT,Office of Field Operations,Coastal/Interior,Other,NEW YORK FIELD OFFICE,Fentanyl,3,0.72421853067
2023,OCT,Office of Field Operations,Coastal/Interior,Other,NEW YORK FIELD OFFICE,Heroin,7,10.313886003146
2023,OCT,Office of Field Operations,Coastal/Interior,Other,NEW YORK FIELD OFFICE,Ketamine,46,293.6034393354536
2023,OCT,Office of Field Operations,Coastal/Interior,Other,NEW YORK FIELD OFFICE,Khat (Catha Edulis),3,1940.0679056
2023,OCT,Office of Field Operations,Coastal/Interior,Other,NEW YORK FIELD OFFICE,Lsd,22,0.036817197754
2023,OCT,Office of Field Operations,Coastal/Interior,Other,NEW YORK FIELD OFFICE,Marijuana,37,100.041585712622
2023,OCT,Office of Field Operations,Coastal/Interior,Other,NEW YORK FIELD OFFICE,Methamphetamine,9,4.244119005761999
2023,OCT,Office of Field Operations,Coastal/Interior,Other,NEW YORK FIELD OFFICE,Other Drugs**,475,1510.55340596981
2023,OCT,Office of Field Operations,Coastal/Interior,Other,PRECLEARANCE FIELD OFFICE,Ketamine,1,0.0021605301676
2023,OCT,Office of Field Operations,Coastal/Interior,Other,PRECLEARANCE FIELD OFFICE,Marijuana,23,1.9450944451736
2023,OCT,Office of Field Operations,Coastal/Interior,Other,PRECLEARANCE FIELD OFFICE,Other Drugs**,2,0.4209947355152
2023,OCT,Office of Field Operations,Coastal/Interior,Other,SAN FRANCISCO FIELD OFFICE,Cocaine,3,29.149299819378
2023,OCT,Office of Field Operations,Coastal/Interior,Other,SAN FRANCISCO FIELD OFFICE,Ecstasy,1,0.0008157103694
2023,OCT,Office of Field Operations,Coastal/Interior,Other,SAN FRANCISCO FIELD OFFICE,Lsd,1,0.369935675636
2023,OCT,Office of Field Operations,Coastal/Interior,Other,SAN FRANCISCO FIELD OFFICE,Marijuana,47,101.676533847614
2023,OCT,Office of Field Operations,Coastal/Interior,Other,SAN FRANCISCO FIELD OFFICE,Methamphetamine,27,81.982529752023
2023,OCT,Office of Field Operations,Coastal/Interior,Other,SAN FRANCISCO FIELD OFFICE,Other Drugs**,18,98.1038106145468
2023,OCT,Office of Field Operations,Coastal/Interior,Other,SAN JUAN FIELD OFFICE,Cocaine,14,951.873594430012
2023,OCT,Office of Field Operations,Coastal/Interior,Other,SAN JUAN FIELD OFFICE,Ecstasy,1,0.0054233716452
2023,OCT,Office of Field Operations,Coastal/Interior,Other,SAN JUAN FIELD OFFICE,Marijuana,63,94.6866235073206
2023,OCT,Office of Field Operations,Coastal/Interior,Other,SAN JUAN FIELD OFFICE,Other Drugs**,1,0.13889122506
2023,OCT,Office of Field Operations,Coastal/Interior,Other,TAMPA FIELD OFFICE,Cocaine,1,579.4189169884
2023,OCT,Office of Field Operations,Coastal/Interior,Other,TAMPA FIELD OFFICE,Fentanyl,1,0.513236145936
2023,OCT,Office of Field Operations,Coastal/Interior,Other,TAMPA FIELD OFFICE,Marijuana,18,161.94981396710398
2023,OCT,Office of Field Operations,Coastal/Interior,Other,TAMPA FIELD OFFICE,Other Drugs**,7,12.259024540772
2023,OCT,Office of Field Operations,Northern Border,Land Only,BOSTON FIELD OFFICE,Marijuana,35,3.6129796421084
2023,OCT,Office of Field Operations,Northern Border,Land Only,BOSTON FIELD OFFICE,Methamphetamine,1,0.006834330122
2023,OCT,Office of Field Operations,Northern Border,Land Only,BOSTON FIELD OFFICE,Other Drugs**,3,1.815727189832
2023,OCT,Office of Field Operations,Northern Border,Land Only,BUFFALO FIELD OFFICE,Cocaine,3,0.00881849048
2023,OCT,Office of Field Operations,Northern Border,Land Only,BUFFALO FIELD OFFICE,Fentanyl,1,0.090830451944
2023,OCT,Office of Field Operations,Northern Border,Land Only,BUFFALO FIELD OFFICE,Marijuana,57,13.2757524006636
2023,OCT,Office of Field Operations,Northern Border,Land Only,BUFFALO FIELD OFFICE,Methamphetamine,1,0.014550509292
2023,OCT,Office of Field Operations,Northern Border,Land Only,BUFFALO FIELD OFFICE,Other Drugs**,15,7.130631402128
2023,OCT,Office of Field Operations,Northern Border,Land Only,DETROIT FIELD OFFICE,Cocaine,1,0.0120592857314
2023,OCT,Office of Field Operations,Northern Border,Land Only,DETROIT FIELD OFFICE,Marijuana,63,9.1876104452666
2023,OCT,Office of Field Operations,Northern Border,Land Only,DETROIT FIELD OFFICE,Methamphetamine,1,0.0031526103466
2023,OCT,Office of Field Operations,Northern Border,Land Only,DETROIT FIELD OFFICE,Other Drugs**,40,3.4094047893776
2023,OCT,Office of Field Operations,Northern Border,Land Only,PORTLAND FIELD OFFICE,Marijuana,1,0.01873929227
2023,OCT,Office of Field Operations,Northern Border,Land Only,SEATTLE FIELD OFFICE,Cocaine,3,0.0054454178714
2023,OCT,Office of Field Operations,Northern Border,Land Only,SEATTLE FIELD OFFICE,Lsd,2,0.537266532494
2023,OCT,Office of Field Operations,Northern Border,Land Only,SEATTLE FIELD OFFICE,Marijuana,79,7.0164980890906
2023,OCT,Office of Field Operations,Northern Border,Land Only,SEATTLE FIELD OFFICE,Methamphetamine,4,0.0372801685042
2023,OCT,Office of Field Operations,Northern Border,Land Only,SEATTLE FIELD OFFICE,Other Drugs**,13,0.7991095610714
2023,OCT,Office of Field Operations,Northern Border,Other,BOSTON FIELD OFFICE,Cocaine,1,0.53572329666
2023,OCT,Office of Field Operations,Northern Border,Other,BOSTON FIELD OFFICE,Ketamine,1,16.975594174
2023,OCT,Office of Field Operations,Northern Border,Other,BOSTON FIELD OFFICE,Marijuana,4,0.4545711380178
2023,OCT,Office of Field Operations,Northern Border,Other,BOSTON FIELD OFFICE,Other Drugs**,2,4.444739664181999
2023,OCT,Office of Field Operations,Northern Border,Other,BUFFALO FIELD OFFICE,Marijuana,1,0.588193315016
2023,OCT,Office of Field Operations,Northern Border,Other,DETROIT FIELD OFFICE,Marijuana,6,2.717087148019
2023,OCT,Office of Field Operations,Northern Border,Other,DETROIT FIELD OFFICE,Other Drugs**,4,5.8429554222384
2023,OCT,Office of Field Operations,Northern Border,Other,PORTLAND FIELD OFFICE,Marijuana,2,2.25312431764
2023,OCT,Office of Field Operations,Northern Border,Other,PORTLAND FIELD OFFICE,Other Drugs**,3,7.44721521036
2023,OCT,Office of Field Operations,Northern Border,Other,SEATTLE FIELD OFFICE,Khat (Catha Edulis),1,140.253461376898
2023,OCT,Office of Field Operations,Northern Border,Other,SEATTLE FIELD OFFICE,Marijuana,3,7.5961154221148
2023,OCT,Office of Field Operations,Northern Border,Other,SEATTLE FIELD OFFICE,Other Drugs**,2,1.027905296575
2023,OCT,Office of Field Operations,Southwest Border,Land Only,EL PASO FIELD OFFICE,Cocaine,9,238.2645235178214
2023,OCT,Office of Field Operations,Southwest Border,Land Only,EL PASO FIELD OFFICE,Ecstasy,1,0.002425084882
2023,OCT,Office of Field Operations,Southwest Border,Land Only,EL PASO FIELD OFFICE,Fentanyl,7,18.6766148489134
2023,OCT,Office of Field Operations,Southwest Border,Land Only,EL PASO FIELD OFFICE,Marijuana,28,37.6280359074098
2023,OCT,Office of Field Operations,Southwest Border,Land Only,EL PASO FIELD OFFICE,Methamphetamine,13,93.7907971519098
2023,OCT,Office of Field Operations,Southwest Border,Land Only,EL PASO FIELD OFFICE,Other Drugs**,23,6.263553325682
2023,OCT,Office of Field Operations,Southwest Border,Land Only,LAREDO FIELD OFFICE,Cocaine,26,523.1908327756694
2023,OCT,Office of Field Operations,Southwest Border,Land Only,LAREDO FIELD OFFICE,Fentanyl,3,34.89157012656101
2023,OCT,Office of Field Operations,Southwest Border,Land Only,LAREDO FIELD OFFICE,Heroin,1,0.0061508971098
2023,OCT,Office of Field Operations,Southwest Border,Land Only,LAREDO FIELD OFFICE,Marijuana,27,15.3990464922118
2023,OCT,Office of Field Operations,Southwest Border,Land Only,LAREDO FIELD OFFICE,Methamphetamine,12,860.452634317245
2023,OCT,Office of Field Operations,Southwest Border,Land Only,LAREDO FIELD OFFICE,Other Drugs**,31,11.6971544198388
2023,OCT,Office of Field Operations,Southwest Border,Land Only,SAN DIEGO FIELD OFFICE,Cocaine,25,1562.867116582052
2023,OCT,Office of Field Operations,Southwest Border,Land Only,SAN DIEGO FIELD OFFICE,Fentanyl,45,1108.947885472986
2023,OCT,Office of Field Operations,Southwest Border,Land Only,SAN DIEGO FIELD OFFICE,Heroin,10,75.09012987021221
2023,OCT,Office of Field Operations,Southwest Border,Land Only,SAN DIEGO FIELD OFFICE,Marijuana,45,3.0144466470046
2023,OCT,Office of Field Operations,Southwest Border,Land Only,SAN DIEGO FIELD OFFICE,Methamphetamine,87,8181.155685859676
2023,OCT,Office of Field Operations,Southwest Border,Land Only,SAN DIEGO FIELD OFFICE,Other Drugs**,38,10.5941817230528
2023,OCT,Office of Field Operations,Southwest Border,Land Only,TUCSON FIELD OFFICE,Cocaine,12,137.1988024133046
2023,OCT,Office of Field Operations,Southwest Border,Land Only,TUCSON FIELD OFFICE,Fentanyl,28,670.2991052187072
2023,OCT,Office of Field Operations,Southwest Border,Land Only,TUCSON FIELD OFFICE,Heroin,2,21.52373063906
2023,OCT,Office of Field Operations,Southwest Border,Land Only,TUCSON FIELD OFFICE,Marijuana,11,1.5246288190872
2023,OCT,Office of Field Operations,Southwest Border,Land Only,TUCSON FIELD OFFICE,Methamphetamine,15,818.6331257922388
2023,OCT,Office of Field Operations,Southwest Border,Land Only,TUCSON FIELD OFFICE,Other Drugs**,5,0.8583036784184
2023,OCT,Office of Field Operations,Southwest Border,Other,SAN DIEGO FIELD OFFICE,Marijuana,1,0.02094391489
2023,OCT,Office of Field Operations,Southwest Border,Other,TUCSON FIELD OFFICE,Marijuana,1,0.3968320716
2023,OCT,Office of Field Operations,Southwest Border,Other,TUCSON FIELD OFFICE,Methamphetamine,1,1.10451593262
2023,OCT,U.S. Border Patrol,Coastal/Interior,Other,MIAMI SECTOR,Cocaine,8,163.8349
2023,OCT,U.S. Border Patrol,Coastal/Interior,Other,MIAMI SECTOR,Marijuana,1,19.6774
2023,OCT,U.S. Border Patrol,Coastal/Interior,Other,MIAMI SECTOR,Methamphetamine,1,0.0622
2023,OCT,U.S. Border Patrol,Northern Border,Land Only,BLAINE SECTOR,Marijuana,1,0.0119
2023,OCT,U.S. Border Patrol,Northern Border,Land Only,BLAINE SECTOR,Other Drugs**,1,0.1183
2023,OCT,U.S. Border Patrol,Northern Border,Land Only,DETROIT SECTOR,Marijuana,8,5.9489
2023,OCT,U.S. Border Patrol,Northern Border,Land Only,DETROIT SECTOR,Other Drugs**,3,0.1237
2023,OCT,U.S. Border Patrol,Northern Border,Land Only,HOULTON SECTOR,Fentanyl,1,0.0492
2023,OCT,U.S. Border Patrol,Northern Border,Land Only,HOULTON SECTOR,Marijuana,2,0.6433
2023,OCT,U.S. Border Patrol,Northern Border,Land Only,HOULTON SECTOR,Methamphetamine,1,0.0185
2023,OCT,U.S. Border Patrol,Northern Border,Land Only,SPOKANE SECTOR,Fentanyl,1,0.0791
2023,OCT,U.S. Border Patrol,Northern Border,Land Only,SPOKANE SECTOR,Heroin,1,0.0375
2023,OCT,U.S. Border Patrol,Northern Border,Land Only,SPOKANE SECTOR,Methamphetamine,1,0.3117
2023,OCT,U.S. Border Patrol,Northern Border,Land Only,SWANTON SECTOR,Cocaine,1,0.0001
2023,OCT,U.S. Border Patrol,Northern Border,Land Only,SWANTON SECTOR,Marijuana,3,22.3
2023,OCT,U.S. Border Patrol,Northern Border,Land Only,SWANTON SECTOR,Other Drugs**,1,266.805
2023,OCT,U.S. Border Patrol,Southwest Border,Land Only,BIG BEND SECTOR,Cocaine,1,0.0
2023,OCT,U.S. Border Patrol,Southwest Border,Land Only,BIG BEND SECTOR,Ecstasy,2,0.0186
2023,OCT,U.S. Border Patrol,Southwest Border,Land Only,BIG BEND SECTOR,Marijuana,58,602.7953
2023,OCT,U.S. Border Patrol,Southwest Border,Land Only,BIG BEND SECTOR,Methamphetamine,3,0.1448
2023,OCT,U.S. Border Patrol,Southwest Border,Land Only,BIG BEND SECTOR,Other Drugs**,9,6.0882000000000005
2023,OCT,U.S. Border Patrol,Southwest Border,Land Only,DEL RIO SECTOR,Cocaine,1,1.0805
2023,OCT,U.S. Border Patrol,Southwest Border,Land Only,DEL RIO SECTOR,Fentanyl,1,5.5556
2023,OCT,U.S. Border Patrol,Southwest Border,Land Only,DEL RIO SECTOR,Heroin,2,0.0247
2023,OCT,U.S. Border Patrol,Southwest Border,Land Only,DEL RIO SECTOR,Marijuana,11,1.5514
2023,OCT,U.S. Border Patrol,Southwest Border,Land Only,DEL RIO SECTOR,Methamphetamine,9,15.0175
2023,OCT,U.S. Border Patrol,Southwest Border,Land Only,EL CENTRO SECTOR,Cocaine,1,67.37
2023,OCT,U.S. Border Patrol,Southwest Border,Land Only,EL CENTRO SECTOR,Marijuana,1,165.0456
2023,OCT,U.S. Border Patrol,Southwest Border,Land Only,EL CENTRO SECTOR,Methamphetamine,5,125.36660000000002
2023,OCT,U.S. Border Patrol,Southwest Border,Land Only,EL CENTRO SECTOR,Other Drugs**,1,3.1526
2023,OCT,U.S. Border Patrol,Southwest Border,Land Only,EL PASO SECTOR,Cocaine,1,0.011
2023,OCT,U.S. Border Patrol,Southwest Border,Land Only,EL PASO SECTOR,Fentanyl,2,0.5632
2023,OCT,U.S. Border Patrol,Southwest Border,Land Only,EL PASO SECTOR,Heroin,1,0.03
2023,OCT,U.S. Border Patrol,Southwest Border,Land Only,EL PASO SECTOR,Marijuana,20,1453.4559000000002
2023,OCT,U.S. Border Patrol,Southwest Border,Land Only,EL PASO SECTOR,Methamphetamine,10,61.6652
2023,OCT,U.S. Border Patrol,Southwest Border,Land Only,EL PASO SECTOR,Other Drugs**,3,2.8478000000000003
2023,OCT,U.S. Border Patrol,Southwest Border,Land Only,LAREDO SECTOR,Cocaine,4,161.88340000000002
2023,OCT,U.S. Border Patrol,Southwest Border,Land Only,LAREDO SECTOR,Ecstasy,1,0.0022
2023,OCT,U.S. Border Patrol,Southwest Border,Land Only,LAREDO SECTOR,Heroin,1,0.0051
2023,OCT,U.S. Border Patrol,Southwest Border,Land Only,LAREDO SECTOR,Marijuana,14,244.483
2023,OCT,U.S. Border Patrol,Southwest Border,Land Only,LAREDO SECTOR,Other Drugs**,3,0.2138
2023,OCT,U.S. Border Patrol,Southwest Border,Land Only,RIO GRANDE VALLEY SECTOR,Cocaine,9,69.0814
2023,OCT,U.S. Border Patrol,Southwest Border,Land Only,RIO GRANDE VALLEY SECTOR,Marijuana,55,2969.9207
2023,OCT,U.S. Border Patrol,Southwest Border,Land Only,RIO GRANDE VALLEY SECTOR,Methamphetamine,4,1.2348
2023,OCT,U.S. Border Patrol,Southwest Border,Land Only,RIO GRANDE VALLEY SECTOR,Other Drugs**,9,8.669599999999999
2023,OCT,U.S. Border Patrol,Southwest Border,Land Only,SAN DIEGO SECTOR,Cocaine,4,159.20100000000002
2023,OCT,U.S. Border Patrol,Southwest Border,Land Only,SAN DIEGO SECTOR,Fentanyl,4,61.4422
2023,OCT,U.S. Border Patrol,Southwest Border,Land Only,SAN DIEGO SECTOR,Heroin,2,19.4136
2023,OCT,U.S. Border Patrol,Southwest Border,Land Only,SAN DIEGO SECTOR,Marijuana,7,49.5265
2023,OCT,U.S. Border Patrol,Southwest Border,Land Only,SAN DIEGO SECTOR,Methamphetamine,7,240.274
2023,OCT,U.S. Border Patrol,Southwest Border,Land Only,TUCSON SECTOR,Cocaine,4,0.0685
2023,OCT,U.S. Border Patrol,Southwest Border,Land Only,TUCSON SECTOR,Fentanyl,12,29.5123
2023,OCT,U.S. Border Patrol,Southwest Border,Land Only,TUCSON SECTOR,Marijuana,25,0.9667
2023,OCT,U.S. Border Patrol,Southwest Border,Land Only,TUCSON SECTOR,Methamphetamine,13,1.3092
2023,OCT,U.S. Border Patrol,Southwest Border,Land Only,TUCSON SECTOR,Other Drugs**,4,0.7258999999999999
2023,OCT,U.S. Border Patrol,Southwest Border,Land Only,YUMA SECTOR,Marijuana,15,0.2579
2023,OCT,U.S. Border Patrol,Southwest Border,Land Only,YUMA SECTOR,Methamphetamine,4,201.2779
2023,SEP,Office of Field Operations,Coastal/Interior,Other,ATLANTA FIELD OFFICE,Cocaine,1,3.4612575134
2023,SEP,Office of Field Operations,Coastal/Interior,Other,ATLANTA FIELD OFFICE,Marijuana,3,0.4759118849794
2023,SEP,Office of Field Operations,Coastal/Interior,Other,ATLANTA FIELD OFFICE,Other Drugs**,2,1.203944412782
2023,SEP,Office of Field Operations,Coastal/Interior,Other,BALTIMORE FIELD OFFICE,Cocaine,2,91.9548094802
2023,SEP,Office of Field Operations,Coastal/Interior,Other,BALTIMORE FIELD OFFICE,Ecstasy,3,0.137347989226
2023,SEP,Office of Field Operations,Coastal/Interior,Other,BALTIMORE FIELD OFFICE,Ketamine,6,10.537434736814
2023,SEP,Office of Field Operations,Coastal/Interior,Other,BALTIMORE FIELD OFFICE,Marijuana,61,178.82736857319262
2023,SEP,Office of Field Operations,Coastal/Interior,Other,BALTIMORE FIELD OFFICE,Methamphetamine,2,6.3272669194
2023,SEP,Office of Field Operations,Coastal/Interior,Other,BALTIMORE FIELD OFFICE,Other Drugs**,60,42.779158705266
2023,SEP,Office of Field Operations,Coastal/Interior,Other,CHICAGO FIELD OFFICE,Cocaine,25,127.1483908594748
2023,SEP,Office of Field Operations,Coastal/Interior,Other,CHICAGO FIELD OFFICE,Ecstasy,48,8.8754358822746
2023,SEP,Office of Field Operations,Coastal/Interior,Other,CHICAGO FIELD OFFICE,Fentanyl,2,5.597536832179999
2023,SEP,Office of Field Operations,Coastal/Interior,Other,CHICAGO FIELD OFFICE,Heroin,5,0.0888903840384
2023,SEP,Office of Field Operations,Coastal/Interior,Other,CHICAGO FIELD OFFICE,Ketamine,47,103.103255376147
2023,SEP,Office of Field Operations,Coastal/Interior,Other,CHICAGO FIELD OFFICE,Khat (Catha Edulis),4,71.4518191142
2023,SEP,Office of Field Operations,Coastal/Interior,Other,CHICAGO FIELD OFFICE,Lsd,12,0.0650584135162
2023,SEP,Office of Field Operations,Coastal/Interior,Other,CHICAGO FIELD OFFICE,Marijuana,377,2992.450884616372
2023,SEP,Office of Field Operations,Coastal/Interior,Other,CHICAGO FIELD OFFICE,Methamphetamine,32,267.2542968444162
2023,SEP,Office of Field Operations,Coastal/Interior,Other,CHICAGO FIELD OFFICE,Other Drugs**,210,439.0215378468684
2023,SEP,Office of Field Operations,Coastal/Interior,Other,HOUSTON FIELD OFFICE,Cocaine,2,12.35029591724
2023,SEP,Office of Field Operations,Coastal/Interior,Other,HOUSTON FIELD OFFICE,Ketamine,1,7.5618555866
2023,SEP,Office of Field Operations,Coastal/Interior,Other,HOUSTON FIELD OFFICE,Marijuana,20,15.7253967786504
2023,SEP,Office of Field Operations,Coastal/Interior,Other,HOUSTON FIELD OFFICE,Other Drugs**,19,19.5400552980364
2023,SEP,Office of Field Operations,Coastal/Interior,Other,LOS ANGELES FIELD OFFICE,Cocaine,5,16.96567337221
2023,SEP,Office of Field Operations,Coastal/Interior,Other,LOS ANGELES FIELD OFFICE,Ecstasy,12,1.052486838788
2023,SEP,Office of Field Operations,Coastal/Interior,Other,LOS ANGELES FIELD OFFICE,Ketamine,9,53.241415810738005
2023,SEP,Office of Field Operations,Coastal/Interior,Other,LOS ANGELES FIELD OFFICE,Lsd,2,0.016755131912
2023,SEP,Office of Field Operations,Coastal/Interior,Other,LOS ANGELES FIELD OFFICE,Marijuana,29,563.636685038606
2023,SEP,Office of Field Operations,Coastal/Interior,Other,LOS ANGELES FIELD OFFICE,Methamphetamine,33,368.0174334943381
2023,SEP,Office of Field Operations,Coastal/Interior,Other,LOS ANGELES FIELD OFFICE,Other Drugs**,186,1590.172910966586
2023,SEP,Office of Field Operations,Coastal/Interior,Other,MIAMI FIELD OFFICE,Cocaine,16,57.138747678374
2023,SEP,Office of Field Operations,Coastal/Interior,Other,MIAMI FIELD OFFICE,Ecstasy,3,0.193786328298
2023,SEP,Office of Field Operations,Coastal/Interior,Other,MIAMI FIELD OFFICE,Fentanyl,1,1.322773572
2023,SEP,Office of Field Operations,Coastal/Interior,Other,MIAMI FIELD OFFICE,Ketamine,9,53.632515863526
2023,SEP,Office of Field Operations,Coastal/Interior,Other,MIAMI FIELD OFFICE,Lsd,1,0.00220462262
2023,SEP,Office of Field Operations,Coastal/Interior,Other,MIAMI FIELD OFFICE,Marijuana,69,516.9976289577916
2023,SEP,Office of Field Operations,Coastal/Interior,Other,MIAMI FIELD OFFICE,Methamphetamine,4,0.45525457103
2023,SEP,Office of Field Operations,Coastal/Interior,Other,MIAMI FIELD OFFICE,Other Drugs**,463,434.0127234391332
2023,SEP,Office of Field Operations,Coastal/Interior,Other,NEW ORLEANS FIELD OFFICE,Cocaine,7,10.203213947622
2023,SEP,Office of Field Operations,Coastal/Interior,Other,NEW ORLEANS FIELD OFFICE,Ecstasy,1,4.519476371
2023,SEP,Office of Field Operations,Coastal/Interior,Other,NEW ORLEANS FIELD OFFICE,Fentanyl,1,0.213627931878
2023,SEP,Office of Field Operations,Coastal/Interior,Other,NEW ORLEANS FIELD OFFICE,Ketamine,9,31.685056756902
2023,SEP,Office of Field Operations,Coastal/Interior,Other,NEW ORLEANS FIELD OFFICE,Lsd,1,2.20462262e-05
2023,SEP,Office of Field Operations,Coastal/Interior,Other,NEW ORLEANS FIELD OFFICE,Marijuana,142,944.369279493794
2023,SEP,Office of Field Operations,Coastal/Interior,Other,NEW ORLEANS FIELD OFFICE,Methamphetamine,15,230.363883573206
2023,SEP,Office of Field Operations,Coastal/Interior,Other,NEW ORLEANS FIELD OFFICE,Other Drugs**,73,324.8081970083624
2023,SEP,Office of Field Operations,Coastal/Interior,Other,NEW YORK FIELD OFFICE,Cocaine,16,26.868397256726
2023,SEP,Office of Field Operations,Coastal/Interior,Other,NEW YORK FIELD OFFICE,Ecstasy,60,12.673934517856
2023,SEP,Office of Field Operations,Coastal/Interior,Other,NEW YORK FIELD OFFICE,Heroin,6,0.04519476371
2023,SEP,Office of Field Operations,Coastal/Interior,Other,NEW YORK FIELD OFFICE,Ketamine,34,268.1818036268764
2023,SEP,Office of Field Operations,Coastal/Interior,Other,NEW YORK FIELD OFFICE,Lsd,41,0.073634395508
2023,SEP,Office of Field Operations,Coastal/Interior,Other,NEW YORK FIELD OFFICE,Marijuana,30,138.1855033131118
2023,SEP,Office of Field Operations,Coastal/Interior,Other,NEW YORK FIELD OFFICE,Methamphetamine,9,9.980767525264
2023,SEP,Office of Field Operations,Coastal/Interior,Other,NEW YORK FIELD OFFICE,Other Drugs**,378,845.6176405223601
2023,SEP,Office of Field Operations,Coastal/Interior,Other,PRECLEARANCE FIELD OFFICE,Ketamine,1,22.0021337476
2023,SEP,Office of Field Operations,Coastal/Interior,Other,PRECLEARANCE FIELD OFFICE,Marijuana,39,3.1001182820178
2023,SEP,Office of Field Operations,Coastal/Interior,Other,PRECLEARANCE FIELD OFFICE,Other Drugs**,13,2.2927854785738
2023,SEP,Office of Field Operations,Coastal/Interior,Other,SAN FRANCISCO FIELD OFFICE,Cocaine,7,10.22393740025
2023,SEP,Office of Field Operations,Coastal/Interior,Other,SAN FRANCISCO FIELD OFFICE,Ketamine,1,0.511031523316
2023,SEP,Office of Field Operations,Coastal/Interior,Other,SAN FRANCISCO FIELD OFFICE,Marijuana,37,48.2909136713018
2023,SEP,Office of Field Operations,Coastal/Interior,Other,SAN FRANCISCO FIELD OFFICE,Methamphetamine,30,152.000572545306
2023,SEP,Office of Field Operations,Coastal/Interior,Other,SAN FRANCISCO FIELD OFFICE,Other Drugs**,14,2.9744547926778
2023,SEP,Office of Field Operations,Coastal/Interior,Other,SAN JUAN FIELD OFFICE,Cocaine,6,9.766257744338
2023,SEP,Office of Field Operations,Coastal/Interior,Other,SAN JUAN FIELD OFFICE,Marijuana,83,154.101688133297
2023,SEP,Office of Field Operations,Coastal/Interior,Other,TAMPA FIELD OFFICE,Cocaine,1,1.40103767501
2023,SEP,Office of Field Operations,Coastal/Interior,Other,TAMPA FIELD OFFICE,Ketamine,1,2.13187007354
2023,SEP,Office of Field Operations,Coastal/Interior,Other,TAMPA FIELD OFFICE,Marijuana,16,5.1240059396302
2023,SEP,Office of Field Operations,Coastal/Interior,Other,TAMPA FIELD OFFICE,Methamphetamine,2,0.038801358112
2023,SEP,Office of Field Operations,Coastal/Interior,Other,TAMPA FIELD OFFICE,Other Drugs**,12,2.5207214112556
2023,SEP,Office of Field Operations,Northern Border,Land Only,BOSTON FIELD OFFICE,Marijuana,32,5.39360923983
2023,SEP,Office of Field Operations,Northern Border,Land Only,BOSTON FIELD OFFICE,Other Drugs**,2,0.053572329666
2023,SEP,Office of Field Operations,Northern Border,Land Only,BUFFALO FIELD OFFICE,Cocaine,1,0.0095460159446
2023,SEP,Office of Field Operations,Northern Border,Land Only,BUFFALO FIELD OFFICE,Ecstasy,3,0.518306777962
2023,SEP,Office of Field Operations,Northern Border,Land Only,BUFFALO FIELD OFFICE,Lsd,1,0.00110231131
2023,SEP,Office of Field Operations,Northern Border,Land Only,BUFFALO FIELD OFFICE,Marijuana,45,401.162611812466
2023,SEP,Office of Field Operations,Northern Border,Land Only,BUFFALO FIELD OFFICE,Methamphetamine,1,0.02976240537
2023,SEP,Office of Field Operations,Northern Border,Land Only,BUFFALO FIELD OFFICE,Other Drugs**,5,0.1045872970928
2023,SEP,Office of Field Operations,Northern Border,Land Only,DETROIT FIELD OFFICE,Cocaine,5,0.1065053187722
2023,SEP,Office of Field Operations,Northern Border,Land Only,DETROIT FIELD OFFICE,Ecstasy,2,0.0032187490252
2023,SEP,Office of Field Operations,Northern Border,Land Only,DETROIT FIELD OFFICE,Fentanyl,1,0.0204809441398
2023,SEP,Office of Field Operations,Northern Border,Land Only,DETROIT FIELD OFFICE,Lsd,1,0.0020502990366
2023,SEP,Office of Field Operations,Northern Border,Land Only,DETROIT FIELD OFFICE,Marijuana,115,9.2560419313914
2023,SEP,Office of Field Operations,Northern Border,Land Only,DETROIT FIELD OFFICE,Methamphetamine,4,0.0164464847452
2023,SEP,Office of Field Operations,Northern Border,Land Only,DETROIT FIELD OFFICE,Other Drugs**,77,5.44211093747
2023,SEP,Office of Field Operations,Northern Border,Land Only,SEATTLE FIELD OFFICE,Lsd,2,0.024691773344
2023,SEP,Office of Field Operations,Northern Border,Land Only,SEATTLE FIELD OFFICE,Marijuana,70,2.7982613528874
2023,SEP,Office of Field Operations,Northern Border,Land Only,SEATTLE FIELD OFFICE,Other Drugs**,9,1.2742057356814
2023,SEP,Office of Field Operations,Northern Border,Other,BOSTON FIELD OFFICE,Cocaine,1,29.4978506556
2023,SEP,Office of Field Operations,Northern Border,Other,BOSTON FIELD OFFICE,Ecstasy,1,0.02425084882
2023,SEP,Office of Field Operations,Northern Border,Other,BOSTON FIELD OFFICE,Marijuana,2,0.18077905484
2023,SEP,Office of Field Operations,Northern Border,Other,BOSTON FIELD OFFICE,Other Drugs**,4,11.025979109406
2023,SEP,Office of Field Operations,Northern Border,Other,BUFFALO FIELD OFFICE,Ecstasy,2,0.017416518698
2023,SEP,Office of Field Operations,Northern Border,Other,BUFFALO FIELD OFFICE,Fentanyl,1,0.3194718638642
2023,SEP,Office of Field Operations,Northern Border,Other,BUFFALO FIELD OFFICE,Khat (Catha Edulis),1,4.4312914662
2023,SEP,Office of Field Operations,Northern Border,Other,BUFFALO FIELD OFFICE,Marijuana,10,11.030608816908
2023,SEP,Office of Field Operations,Northern Border,Other,BUFFALO FIELD OFFICE,Other Drugs**,1,0.020282528104
2023,SEP,Office of Field Operations,Northern Border,Other,DETROIT FIELD OFFICE,Marijuana,15,41.6614811756046
2023,SEP,Office of Field Operations,Northern Border,Other,DETROIT FIELD OFFICE,Other Drugs**,12,5.0703454250594
2023,SEP,Office of Field Operations,Northern Border,Other,PORTLAND FIELD OFFICE,Cocaine,1,8.8625829324
2023,SEP,Office of Field Operations,Northern Border,Other,PORTLAND FIELD OFFICE,Ecstasy,1,0.00220462262
2023,SEP,Office of Field Operations,Northern Border,Other,PORTLAND FIELD OFFICE,Marijuana,4,5.8085412631402
2023,SEP,Office of Field Operations,Northern Border,Other,PORTLAND FIELD OFFICE,Other Drugs**,3,0.771617917
2023,SEP,Office of Field Operations,Northern Border,Other,SEATTLE FIELD OFFICE,Lsd,2,0.0316804270494
2023,SEP,Office of Field Operations,Northern Border,Other,SEATTLE FIELD OFFICE,Marijuana,6,56.3957016705292
2023,SEP,Office of Field Operations,Northern Border,Other,SEATTLE FIELD OFFICE,Methamphetamine,3,0.0621703578839999
2023,SEP,Office of Field Operations,Northern Border,Other,SEATTLE FIELD OFFICE,Other Drugs**,6,0.3039733668456
2023,SEP,Office of Field Operations,Southwest Border,Land Only,EL PASO FIELD OFFICE,Cocaine,8,172.269983144717
2023,SEP,Office of Field Operations,Southwest Border,Land Only,EL PASO FIELD OFFICE,Fentanyl,3,6.236392375003599
2023,SEP,Office of Field Operations,Southwest Border,Land Only,EL PASO FIELD OFFICE,Heroin,1,34.612575134
2023,SEP,Office of Field Operations,Southwest Border,Land Only,EL PASO FIELD OFFICE,Marijuana,41,231.6112149591496
2023,SEP,Office of Field Operations,Southwest Border,Land Only,EL PASO FIELD OFFICE,Methamphetamine,8,408.86600417127
2023,SEP,Office of Field Operations,Southwest Border,Land Only,EL PASO FIELD OFFICE,Other Drugs**,20,23.0379536393808
2023,SEP,Office of Field Operations,Southwest Border,Land Only,LAREDO FIELD OFFICE,Cocaine,15,1563.4837274826398
2023,SEP,Office of Field Operations,Southwest Border,Land Only,LAREDO FIELD OFFICE,Ecstasy,1,0.0032407952514
2023,SEP,Office of Field Operations,Southwest Border,Land Only,LAREDO FIELD OFFICE,Heroin,1,12.125865334524
2023,SEP,Office of Field Operations,Southwest Border,Land Only,LAREDO FIELD OFFICE,Marijuana,7,4537.663096656524
2023,SEP,Office of Field Operations,Southwest Border,Land Only,LAREDO FIELD OFFICE,Methamphetamine,9,1703.107680916623
2023,SEP,Office of Field Operations,Southwest Border,Land Only,LAREDO FIELD OFFICE,Other Drugs**,45,251.4974401009784
2023,SEP,Office of Field Operations,Southwest Border,Land Only,SAN DIEGO FIELD OFFICE,Cocaine,24,1186.938174353582
2023,SEP,Office of Field Operations,Southwest Border,Land Only,SAN DIEGO FIELD OFFICE,Fentanyl,30,950.5812005577156
2023,SEP,Office of Field Operations,Southwest Border,Land Only,SAN DIEGO FIELD OFFICE,Heroin,12,58.711745917744
2023,SEP,Office of Field Operations,Southwest Border,Land Only,SAN DIEGO FIELD OFFICE,Marijuana,37,2598.510373998537
2023,SEP,Office of Field Operations,Southwest Border,Land Only,SAN DIEGO FIELD OFFICE,Methamphetamine,82,6432.910649606078
2023,SEP,Office of Field Operations,Southwest Border,Land Only,SAN DIEGO FIELD OFFICE,Other Drugs**,26,51.2276694171776
2023,SEP,Office of Field Operations,Southwest Border,Land Only,TUCSON FIELD OFFICE,Cocaine,7,74.9763052043416
2023,SEP,Office of Field Operations,Southwest Border,Land Only,TUCSON FIELD OFFICE,Fentanyl,21,415.415717513028
2023,SEP,Office of Field Operations,Southwest Border,Land Only,TUCSON FIELD OFFICE,Heroin,3,6.590939784752
2023,SEP,Office of Field Operations,Southwest Border,Land Only,TUCSON FIELD OFFICE,Marijuana,3,1.7590242960456002
2023,SEP,Office of Field Operations,Southwest Border,Land Only,TUCSON FIELD OFFICE,Methamphetamine,11,436.6333583475272
2023,SEP,Office of Field Operations,Southwest Border,Land Only,TUCSON FIELD OFFICE,Other Drugs**,1,0.052249556094
2023,SEP,Office of Field Operations,Southwest Border,Other,EL PASO FIELD OFFICE,Fentanyl,1,3.2628414776
2023,SEP,Office of Field Operations,Southwest Border,Other,EL PASO FIELD OFFICE,Methamphetamine,1,0.000440924524
2023,SEP,Office of Field Operations,Southwest Border,Other,EL PASO FIELD OFFICE,Other Drugs**,1,0.041005980732
2023,SEP,Office of Field Operations,Southwest Border,Other,LAREDO FIELD OFFICE,Cocaine,2,21.882202277072
2023,SEP,Office of Field Operations,Southwest Border,Other,LAREDO FIELD OFFICE,Marijuana,2,243.0077029460728
2023,SEP,Office of Field Operations,Southwest Border,Other,LAREDO FIELD OFFICE,Other Drugs**,5,4.6099540833248005
2023,SEP,Office of Field Operations,Southwest Border,Other,TUCSON FIELD OFFICE,Marijuana,3,0.700188144112
2023,SEP,Office of Field Operations,Southwest Border,Other,TUCSON FIELD OFFICE,Other Drugs**,2,0.17416518698
2023,SEP,U.S. Border Patrol,Coastal/Interior,Other,MIAMI SECTOR,Cocaine,5,14.7357
2023,SEP,U.S. Border Patrol,Coastal/Interior,Other,MIAMI SECTOR,Marijuana,1,0.0355
2023,SEP,U.S. Border Patrol,Coastal/Interior,Other,MIAMI SECTOR,Other Drugs**,1,57.9606
2023,SEP,U.S. Border Patrol,Coastal/Interior,Other,NEW ORLEANS SECTOR,Fentanyl,1,48.5012
2023,SEP,U.S. Border Patrol,Northern Border,Land Only,BLAINE SECTOR,Fentanyl,1,0.0
2023,SEP,U.S. Border Patrol,Northern Border,Land Only,BLAINE SECTOR,Marijuana,4,0.1386
2023,SEP,U.S. Border Patrol,Northern Border,Land Only,BLAINE SECTOR,Methamphetamine,1,0.0
2023,SEP,U.S. Border Patrol,Northern Border,Land Only,BLAINE SECTOR,Other Drugs**,1,0.0487999999999999
2023,SEP,U.S. Border Patrol,Northern Border,Land Only,BUFFALO SECTOR,Marijuana,2,0.1023
2023,SEP,U.S. Border Patrol,Northern Border,Land Only,DETROIT SECTOR,Marijuana,4,1.7154
2023,SEP,U.S. Border Patrol,Northern Border,Land Only,DETROIT SECTOR,Other Drugs**,2,11.6911
2023,SEP,U.S. Border Patrol,Northern Border,Land Only,HOULTON SECTOR,Marijuana,3,36.7248
2023,SEP,U.S. Border Patrol,Northern Border,Land Only,HOULTON SECTOR,Other Drugs**,1,0.0015
2023,SEP,U.S. Border Patrol,Northern Border,Land Only,SWANTON SECTOR,Cocaine,1,26.9892
2023,SEP,U.S. Border Patrol,Northern Border,Land Only,SWANTON SECTOR,Marijuana,1,0.0265
2023,SEP,U.S. Border Patrol,Southwest Border,Land Only,BIG BEND SECTOR,Cocaine,5,6.9687
2023,SEP,U.S. Border Patrol,Southwest Border,Land Only,BIG BEND SECTOR,Ecstasy,1,0.4874
2023,SEP,U.S. Border Patrol,Southwest Border,Land Only,BIG BEND SECTOR,Fentanyl,1,0.0084
2023,SEP,U.S. Border Patrol,Southwest Border,Land Only,BIG BEND SECTOR,Marijuana,88,234.5697
2023,SEP,U.S. Border Patrol,Southwest Border,Land Only,BIG BEND SECTOR,Methamphetamine,9,83.6204
2023,SEP,U.S. Border Patrol,Southwest Border,Land Only,BIG BEND SECTOR,Other Drugs**,12,3.4689
2023,SEP,U.S. Border Patrol,Southwest Border,Land Only,DEL RIO SECTOR,Fentanyl,1,0.0139
2023,SEP,U.S. Border Patrol,Southwest Border,Land Only,DEL RIO SECTOR,Marijuana,7,0.0709
2023,SEP,U.S. Border Patrol,Southwest Border,Land Only,DEL RIO SECTOR,Methamphetamine,6,0.0311
2023,SEP,U.S. Border Patrol,Southwest Border,Land Only,EL CENTRO SECTOR,Ecstasy,1,0.0064
2023,SEP,U.S. Border Patrol,Southwest Border,Land Only,EL CENTRO SECTOR,Marijuana,3,3.8674
2023,SEP,U.S. Border Patrol,Southwest Border,Land Only,EL CENTRO SECTOR,Methamphetamine,4,2804.2986
2023,SEP,U.S. Border Patrol,Southwest Border,Land Only,EL CENTRO SECTOR,Other Drugs**,3,0.7232000000000001
2023,SEP,U.S. Border Patrol,Southwest Border,Land Only,EL PASO SECTOR,Cocaine,4,12.9565
2023,SEP,U.S. Border Patrol,Southwest Border,Land Only,EL PASO SECTOR,Marijuana,8,4.8068
2023,SEP,U.S. Border Patrol,Southwest Border,Land Only,EL PASO SECTOR,Methamphetamine,6,148.8914
2023,SEP,U.S. Border Patrol,Southwest Border,Land Only,EL PASO SECTOR,Other Drugs**,2,1.7548
2023,SEP,U.S. Border Patrol,Southwest Border,Land Only,LAREDO SECTOR,Cocaine,5,0.2920999999999999
2023,SEP,U.S. Border Patrol,Southwest Border,Land Only,LAREDO SECTOR,Ecstasy,1,0.0025
2023,SEP,U.S. Border Patrol,Southwest Border,Land Only,LAREDO SECTOR,Fentanyl,1,0.0441
2023,SEP,U.S. Border Patrol,Southwest Border,Land Only,LAREDO SECTOR,Marijuana,17,255.4897
2023,SEP,U.S. Border Patrol,Southwest Border,Land Only,RIO GRANDE VALLEY SECTOR,Cocaine,8,82.78930000000001
2023,SEP,U.S. Border Patrol,Southwest Border,Land Only,RIO GRANDE VALLEY SECTOR,Marijuana,28,1560.6835
2023,SEP,U.S. Border Patrol,Southwest Border,Land Only,RIO GRANDE VALLEY SECTOR,Other Drugs**,2,0.4012
2023,SEP,U.S. Border Patrol,Southwest Border,Land Only,SAN DIEGO SECTOR,Cocaine,4,211.4595
2023,SEP,U.S. Border Patrol,Southwest Border,Land Only,SAN DIEGO SECTOR,Fentanyl,2,23.5936
2023,SEP,U.S. Border Patrol,Southwest Border,Land Only,SAN DIEGO SECTOR,Heroin,1,5.291
2023,SEP,U.S. Border Patrol,Southwest Border,Land Only,SAN DIEGO SECTOR,Methamphetamine,1,0.0145
2023,SEP,U.S. Border Patrol,Southwest Border,Land Only,SAN DIEGO SECTOR,Other Drugs**,1,16.314
2023,SEP,U.S. Border Patrol,Southwest Border,Land Only,TUCSON SECTOR,Cocaine,5,30.5411
2023,SEP,U.S. Border Patrol,Southwest Border,Land Only,TUCSON SECTOR,Fentanyl,3,0.0544
2023,SEP,U.S. Border Patrol,Southwest Border,Land Only,TUCSON SECTOR,Marijuana,18,117.4341
2023,SEP,U.S. Border Patrol,Southwest Border,Land Only,TUCSON SECTOR,Methamphetamine,6,0.2915
2023,SEP,U.S. Border Patrol,Southwest Border,Land Only,TUCSON SECTOR,Other Drugs**,4,0.2227
2023,SEP,U.S. Border Patrol,Southwest Border,Land Only,YUMA SECTOR,Fentanyl,2,4.9524
2023,SEP,U.S. Border Patrol,Southwest Border,Land Only,YUMA SECTOR,Marijuana,11,0.4121
2023,SEP,U.S. Border Patrol,Southwest Border,Land Only,YUMA SECTOR,Methamphetamine,2,84.45259999999999
2023,SEP,U.S. Border Patrol,Southwest Border,Land Only,YUMA SECTOR,Other Drugs**,2,1.7483
2024,APR,Office of Field Operations,Coastal/Interior,Other,ATLANTA FIELD OFFICE,Cocaine,1,19.2243092464
2024,APR,Office of Field Operations,Coastal/Interior,Other,ATLANTA FIELD OFFICE,Khat (Catha Edulis),2,4.416740956908
2024,APR,Office of Field Operations,Coastal/Interior,Other,ATLANTA FIELD OFFICE,Marijuana,12,161.35963649173
2024,APR,Office of Field Operations,Coastal/Interior,Other,ATLANTA FIELD OFFICE,Other Drugs**,4,6.020383450696
2024,APR,Office of Field Operations,Coastal/Interior,Other,BALTIMORE FIELD OFFICE,Cocaine,2,9.2373687778
2024,APR,Office of Field Operations,Coastal/Interior,Other,BALTIMORE FIELD OFFICE,Ecstasy,3,0.121695168624
2024,APR,Office of Field Operations,Coastal/Interior,Other,BALTIMORE FIELD OFFICE,Fentanyl,2,0.4193853610026
2024,APR,Office of Field Operations,Coastal/Interior,Other,BALTIMORE FIELD OFFICE,Lsd,1,0.035494424182
2024,APR,Office of Field Operations,Coastal/Interior,Other,BALTIMORE FIELD OFFICE,Marijuana,20,117.467143363364
2024,APR,Office of Field Operations,Coastal/Interior,Other,BALTIMORE FIELD OFFICE,Methamphetamine,1,0.0440924524
2024,APR,Office of Field Operations,Coastal/Interior,Other,BALTIMORE FIELD OFFICE,Other Drugs**,35,98.066243845102
2024,APR,Office of Field Operations,Coastal/Interior,Other,CHICAGO FIELD OFFICE,Cocaine,42,192.0231593114288
2024,APR,Office of Field Operations,Coastal/Interior,Other,CHICAGO FIELD OFFICE,Ecstasy,36,23.1128667160084
2024,APR,Office of Field Operations,Coastal/Interior,Other,CHICAGO FIELD OFFICE,Fentanyl,6,28.82874769043
2024,APR,Office of Field Operations,Coastal/Interior,Other,CHICAGO FIELD OFFICE,Heroin,4,3.999295663811
2024,APR,Office of Field Operations,Coastal/Interior,Other,CHICAGO FIELD OFFICE,Ketamine,35,94.3106471657058
2024,APR,Office of Field Operations,Coastal/Interior,Other,CHICAGO FIELD OFFICE,Khat (Catha Edulis),9,176.590271862
2024,APR,Office of Field Operations,Coastal/Interior,Other,CHICAGO FIELD OFFICE,Lsd,3,0.0145946017444
2024,APR,Office of Field Operations,Coastal/Interior,Other,CHICAGO FIELD OFFICE,Marijuana,642,4319.284070755066
2024,APR,Office of Field Operations,Coastal/Interior,Other,CHICAGO FIELD OFFICE,Methamphetamine,44,402.0094734994866
2024,APR,Office of Field Operations,Coastal/Interior,Other,CHICAGO FIELD OFFICE,Other Drugs**,441,2925.7885860978954
2024,APR,Office of Field Operations,Coastal/Interior,Other,HOUSTON FIELD OFFICE,Cocaine,4,50.5808551866958
2024,APR,Office of Field Operations,Coastal/Interior,Other,HOUSTON FIELD OFFICE,Fentanyl,1,0.233028610934
2024,APR,Office of Field Operations,Coastal/Interior,Other,HOUSTON FIELD OFFICE,Heroin,1,0.0327606921332
2024,APR,Office of Field Operations,Coastal/Interior,Other,HOUSTON FIELD OFFICE,Ketamine,3,22.188203896728
2024,APR,Office of Field Operations,Coastal/Interior,Other,HOUSTON FIELD OFFICE,Marijuana,18,77.6926207344436
2024,APR,Office of Field Operations,Coastal/Interior,Other,HOUSTON FIELD OFFICE,Methamphetamine,1,0.0001763698096
2024,APR,Office of Field Operations,Coastal/Interior,Other,HOUSTON FIELD OFFICE,Other Drugs**,17,85.674170329213
2024,APR,Office of Field Operations,Coastal/Interior,Other,LOS ANGELES FIELD OFFICE,Cocaine,5,28.209028271948004
2024,APR,Office of Field Operations,Coastal/Interior,Other,LOS ANGELES FIELD OFFICE,Ecstasy,8,1.9191901293886
2024,APR,Office of Field Operations,Coastal/Interior,Other,LOS ANGELES FIELD OFFICE,Fentanyl,1,0.0214730243188
2024,APR,Office of Field Operations,Coastal/Interior,Other,LOS ANGELES FIELD OFFICE,Heroin,1,0.019180216794
2024,APR,Office of Field Operations,Coastal/Interior,Other,LOS ANGELES FIELD OFFICE,Ketamine,12,39.61045461354
2024,APR,Office of Field Operations,Coastal/Interior,Other,LOS ANGELES FIELD OFFICE,Lsd,1,0.034392112872
2024,APR,Office of Field Operations,Coastal/Interior,Other,LOS ANGELES FIELD OFFICE,Marijuana,32,858.2289637578082
2024,APR,Office of Field Operations,Coastal/Interior,Other,LOS ANGELES FIELD OFFICE,Methamphetamine,7,87.485378042674
2024,APR,Office of Field Operations,Coastal/Interior,Other,LOS ANGELES FIELD OFFICE,Other Drugs**,267,3571.0022605575755
2024,APR,Office of Field Operations,Coastal/Interior,Other,MIAMI FIELD OFFICE,Cocaine,26,4820.201380738613
2024,APR,Office of Field Operations,Coastal/Interior,Other,MIAMI FIELD OFFICE,Ecstasy,7,2.1054146021
2024,APR,Office of Field Operations,Coastal/Interior,Other,MIAMI FIELD OFFICE,Fentanyl,2,16.0055602212
2024,APR,Office of Field Operations,Coastal/Interior,Other,MIAMI FIELD OFFICE,Ketamine,10,28.552508476144
2024,APR,Office of Field Operations,Coastal/Interior,Other,MIAMI FIELD OFFICE,Lsd,1,0.00440924524
2024,APR,Office of Field Operations,Coastal/Interior,Other,MIAMI FIELD OFFICE,Marijuana,71,229.600643222162
2024,APR,Office of Field Operations,Coastal/Interior,Other,MIAMI FIELD OFFICE,Methamphetamine,6,36.2875592157712
2024,APR,Office of Field Operations,Coastal/Interior,Other,MIAMI FIELD OFFICE,Other Drugs**,573,2404.5761596151883
2024,APR,Office of Field Operations,Coastal/Interior,Other,NEW ORLEANS FIELD OFFICE,Cocaine,6,16.714125931268
2024,APR,Office of Field Operations,Coastal/Interior,Other,NEW ORLEANS FIELD OFFICE,Ecstasy,6,5.16322617604
2024,APR,Office of Field Operations,Coastal/Interior,Other,NEW ORLEANS FIELD OFFICE,Fentanyl,2,0.206793601756
2024,APR,Office of Field Operations,Coastal/Interior,Other,NEW ORLEANS FIELD OFFICE,Ketamine,16,84.540443146878
2024,APR,Office of Field Operations,Coastal/Interior,Other,NEW ORLEANS FIELD OFFICE,Lsd,3,0.5707767963179999
2024,APR,Office of Field Operations,Coastal/Interior,Other,NEW ORLEANS FIELD OFFICE,Marijuana,298,2766.942594178811
2024,APR,Office of Field Operations,Coastal/Interior,Other,NEW ORLEANS FIELD OFFICE,Methamphetamine,15,208.97397352718
2024,APR,Office of Field Operations,Coastal/Interior,Other,NEW ORLEANS FIELD OFFICE,Other Drugs**,69,331.316639814674
2024,APR,Office of Field Operations,Coastal/Interior,Other,NEW YORK FIELD OFFICE,Cocaine,8,36.256782683996
2024,APR,Office of Field Operations,Coastal/Interior,Other,NEW YORK FIELD OFFICE,Ecstasy,67,26.306328719757
2024,APR,Office of Field Operations,Coastal/Interior,Other,NEW YORK FIELD OFFICE,Fentanyl,4,1.627893342608
2024,APR,Office of Field Operations,Coastal/Interior,Other,NEW YORK FIELD OFFICE,Heroin,8,2.400172646394
2024,APR,Office of Field Operations,Coastal/Interior,Other,NEW YORK FIELD OFFICE,Ketamine,26,380.153660555176
2024,APR,Office of Field Operations,Coastal/Interior,Other,NEW YORK FIELD OFFICE,Lsd,12,0.021825763938
2024,APR,Office of Field Operations,Coastal/Interior,Other,NEW YORK FIELD OFFICE,Marijuana,138,531.920984027286
2024,APR,Office of Field Operations,Coastal/Interior,Other,NEW YORK FIELD OFFICE,Methamphetamine,10,3.520561861878
2024,APR,Office of Field Operations,Coastal/Interior,Other,NEW YORK FIELD OFFICE,Other Drugs**,374,422.1412274625048
2024,APR,Office of Field Operations,Coastal/Interior,Other,PRECLEARANCE FIELD OFFICE,Cocaine,2,0.11243575362
2024,APR,Office of Field Operations,Coastal/Interior,Other,PRECLEARANCE FIELD OFFICE,Ecstasy,1,0.000881849048
2024,APR,Office of Field Operations,Coastal/Interior,Other,PRECLEARANCE FIELD OFFICE,Heroin,1,0.022266688462
2024,APR,Office of Field Operations,Coastal/Interior,Other,PRECLEARANCE FIELD OFFICE,Marijuana,61,8.2706197127038
2024,APR,Office of Field Operations,Coastal/Interior,Other,PRECLEARANCE FIELD OFFICE,Other Drugs**,21,1.315939241878
2024,APR,Office of Field Operations,Coastal/Interior,Other,SAN FRANCISCO FIELD OFFICE,Cocaine,2,3.18347506328
2024,APR,Office of Field Operations,Coastal/Interior,Other,SAN FRANCISCO FIELD OFFICE,Ecstasy,2,0.003968320716
2024,APR,Office of Field Operations,Coastal/Interior,Other,SAN FRANCISCO FIELD OFFICE,Ketamine,1,0.053792791928
2024,APR,Office of Field Operations,Coastal/Interior,Other,SAN FRANCISCO FIELD OFFICE,Marijuana,33,253.106329596602
2024,APR,Office of Field Operations,Coastal/Interior,Other,SAN FRANCISCO FIELD OFFICE,Methamphetamine,27,125.032746808418
2024,APR,Office of Field Operations,Coastal/Interior,Other,SAN FRANCISCO FIELD OFFICE,Other Drugs**,26,86.083017594092
2024,APR,Office of Field Operations,Coastal/Interior,Other,SAN JUAN FIELD OFFICE,Cocaine,4,75.1335388896
2024,APR,Office of Field Operations,Coastal/Interior,Other,SAN JUAN FIELD OFFICE,Marijuana,95,187.6053601356632
2024,APR,Office of Field Operations,Coastal/Interior,Other,SAN JUAN FIELD OFFICE,Other Drugs**,2,2.829853595032
2024,APR,Office of Field Operations,Coastal/Interior,Other,TAMPA FIELD OFFICE,Marijuana,10,73.94828967663561
2024,APR,Office of Field Operations,Coastal/Interior,Other,TAMPA FIELD OFFICE,Other Drugs**,9,1.83204139722
2024,APR,Office of Field Operations,Northern Border,Land Only,BOSTON FIELD OFFICE,Marijuana,23,2.4817216371078
2024,APR,Office of Field Operations,Northern Border,Land Only,BOSTON FIELD OFFICE,Other Drugs**,8,0.5338052749806
2024,APR,Office of Field Operations,Northern Border,Land Only,BUFFALO FIELD OFFICE,Cocaine,2,0.086310975573
2024,APR,Office of Field Operations,Northern Border,Land Only,BUFFALO FIELD OFFICE,Ketamine,1,0.167330856858
2024,APR,Office of Field Operations,Northern Border,Land Only,BUFFALO FIELD OFFICE,Marijuana,47,127.018891326776
2024,APR,Office of Field Operations,Northern Border,Land Only,BUFFALO FIELD OFFICE,Other Drugs**,4,6.485338361254
2024,APR,Office of Field Operations,Northern Border,Land Only,DETROIT FIELD OFFICE,Cocaine,5,0.9153372655978
2024,APR,Office of Field Operations,Northern Border,Land Only,DETROIT FIELD OFFICE,Ecstasy,1,0.0207675450804
2024,APR,Office of Field Operations,Northern Border,Land Only,DETROIT FIELD OFFICE,Fentanyl,2,0.0342157430624
2024,APR,Office of Field Operations,Northern Border,Land Only,DETROIT FIELD OFFICE,Marijuana,155,15.125144177903
2024,APR,Office of Field Operations,Northern Border,Land Only,DETROIT FIELD OFFICE,Other Drugs**,93,12.1122848591848
2024,APR,Office of Field Operations,Northern Border,Land Only,SEATTLE FIELD OFFICE,Cocaine,1,0.004629707502
2024,APR,Office of Field Operations,Northern Border,Land Only,SEATTLE FIELD OFFICE,Marijuana,94,5.6533578769184
2024,APR,Office of Field Operations,Northern Border,Land Only,SEATTLE FIELD OFFICE,Methamphetamine,2,0.000881849048
2024,APR,Office of Field Operations,Northern Border,Land Only,SEATTLE FIELD OFFICE,Other Drugs**,4,0.7226312023836
2024,APR,Office of Field Operations,Northern Border,Other,BOSTON FIELD OFFICE,Marijuana,7,0.827615331548
2024,APR,Office of Field Operations,Northern Border,Other,BOSTON FIELD OFFICE,Other Drugs**,11,23.50789099706
2024,APR,Office of Field Operations,Northern Border,Other,BUFFALO FIELD OFFICE,Cocaine,1,0.003086471668
2024,APR,Office of Field Operations,Northern Border,Other,BUFFALO FIELD OFFICE,Ecstasy,3,0.051588169308
2024,APR,Office of Field Operations,Northern Border,Other,BUFFALO FIELD OFFICE,Khat (Catha Edulis),1,68.6960408392
2024,APR,Office of Field Operations,Northern Border,Other,BUFFALO FIELD OFFICE,Marijuana,3,1.39773074108
2024,APR,Office of Field Operations,Northern Border,Other,BUFFALO FIELD OFFICE,Other Drugs**,8,5.637440501602
2024,APR,Office of Field Operations,Northern Border,Other,DETROIT FIELD OFFICE,Cocaine,1,0.0009479877266
2024,APR,Office of Field Operations,Northern Border,Other,DETROIT FIELD OFFICE,Marijuana,17,12.0915614065568
2024,APR,Office of Field Operations,Northern Border,Other,DETROIT FIELD OFFICE,Other Drugs**,13,37.1737293241064
2024,APR,Office of Field Operations,Northern Border,Other,PORTLAND FIELD OFFICE,Marijuana,6,0.505299504504
2024,APR,Office of Field Operations,Northern Border,Other,PORTLAND FIELD OFFICE,Other Drugs**,6,35.062979535266
2024,APR,Office of Field Operations,Northern Border,Other,SEATTLE FIELD OFFICE,Ecstasy,13,0.1205928573139999
2024,APR,Office of Field Operations,Northern Border,Other,SEATTLE FIELD OFFICE,Lsd,1,0.006172943336
2024,APR,Office of Field Operations,Northern Border,Other,SEATTLE FIELD OFFICE,Marijuana,12,144.6993253986162
2024,APR,Office of Field Operations,Northern Border,Other,SEATTLE FIELD OFFICE,Methamphetamine,2,0.0154984970186
2024,APR,Office of Field Operations,Northern Border,Other,SEATTLE FIELD OFFICE,Other Drugs**,33,79.2556099871188
2024,APR,Office of Field Operations,Southwest Border,Land Only,EL PASO FIELD OFFICE,Cocaine,12,182.811937357902
2024,APR,Office of Field Operations,Southwest Border,Land Only,EL PASO FIELD OFFICE,Fentanyl,14,30.0257034495066
2024,APR,Office of Field Operations,Southwest Border,Land Only,EL PASO FIELD OFFICE,Marijuana,57,127.1708559639726
2024,APR,Office of Field Operations,Southwest Border,Land Only,EL PASO FIELD OFFICE,Methamphetamine,21,445.7076291438996
2024,APR,Office of Field Operations,Southwest Border,Land Only,EL PASO FIELD OFFICE,Other Drugs**,13,15.750154690673
2024,APR,Office of Field Operations,Southwest Border,Land Only,LAREDO FIELD OFFICE,Cocaine,16,207.5768159879812
2024,APR,Office of Field Operations,Southwest Border,Land Only,LAREDO FIELD OFFICE,Heroin,1,13.558429113
2024,APR,Office of Field Operations,Southwest Border,Land Only,LAREDO FIELD OFFICE,Ketamine,1,0.053131405142
2024,APR,Office of Field Operations,Southwest Border,Land Only,LAREDO FIELD OFFICE,Marijuana,26,3.3315375184392
2024,APR,Office of Field Operations,Southwest Border,Land Only,LAREDO FIELD OFFICE,Methamphetamine,10,2818.1633631271884
2024,APR,Office of Field Operations,Southwest Border,Land Only,LAREDO FIELD OFFICE,Other Drugs**,29,18.4042557704386
2024,APR,Office of Field Operations,Southwest Border,Land Only,SAN DIEGO FIELD OFFICE,Cocaine,18,658.654817649296
2024,APR,Office of Field Operations,Southwest Border,Land Only,SAN DIEGO FIELD OFFICE,Fentanyl,27,381.65948394331457
2024,APR,Office of Field Operations,Southwest Border,Land Only,SAN DIEGO FIELD OFFICE,Heroin,5,16.492340895696
2024,APR,Office of Field Operations,Southwest Border,Land Only,SAN DIEGO FIELD OFFICE,Marijuana,45,2.8814638105662
2024,APR,Office of Field Operations,Southwest Border,Land Only,SAN DIEGO FIELD OFFICE,Methamphetamine,58,4072.443278644504
2024,APR,Office of Field Operations,Southwest Border,Land Only,SAN DIEGO FIELD OFFICE,Other Drugs**,58,20.605395086699
2024,APR,Office of Field Operations,Southwest Border,Land Only,TUCSON FIELD OFFICE,Cocaine,4,26.520728269552
2024,APR,Office of Field Operations,Southwest Border,Land Only,TUCSON FIELD OFFICE,Ecstasy,1,0.0079145952058
2024,APR,Office of Field Operations,Southwest Border,Land Only,TUCSON FIELD OFFICE,Fentanyl,15,786.295853479436
2024,APR,Office of Field Operations,Southwest Border,Land Only,TUCSON FIELD OFFICE,Heroin,1,3.6155810968
2024,APR,Office of Field Operations,Southwest Border,Land Only,TUCSON FIELD OFFICE,Marijuana,7,0.2199331525712
2024,APR,Office of Field Operations,Southwest Border,Land Only,TUCSON FIELD OFFICE,Methamphetamine,12,686.959967467476
2024,APR,Office of Field Operations,Southwest Border,Land Only,TUCSON FIELD OFFICE,Other Drugs**,8,13.314156926704
2024,APR,Office of Field Operations,Southwest Border,Other,EL PASO FIELD OFFICE,Fentanyl,2,0.2511065164179999
2024,APR,Office of Field Operations,Southwest Border,Other,EL PASO FIELD OFFICE,Marijuana,1,0.072532084198
2024,APR,Office of Field Operations,Southwest Border,Other,LAREDO FIELD OFFICE,Cocaine,2,1.1816115856414
2024,APR,Office of Field Operations,Southwest Border,Other,LAREDO FIELD OFFICE,Marijuana,1,0.1812420255902
2024,APR,Office of Field Operations,Southwest Border,Other,SAN DIEGO FIELD OFFICE,Other Drugs**,1,0.571658645366
2024,APR,Office of Field Operations,Southwest Border,Other,TUCSON FIELD OFFICE,Marijuana,4,0.2973594989856
2024,APR,Office of Field Operations,Southwest Border,Other,TUCSON FIELD OFFICE,Other Drugs**,5,0.129631810056
2024,APR,U.S. Border Patrol,Coastal/Interior,Other,MIAMI SECTOR,Cocaine,2,5.0177
2024,APR,U.S. Border Patrol,Coastal/Interior,Other,MIAMI SECTOR,Marijuana,1,14.2223
2024,APR,U.S. Border Patrol,Coastal/Interior,Other,MIAMI SECTOR,Methamphetamine,1,4.9238
2024,APR,U.S. Border Patrol,Coastal/Interior,Other,NEW ORLEANS SECTOR,Fentanyl,1,1.5256
2024,APR,U.S. Border Patrol,Coastal/Interior,Other,NEW ORLEANS SECTOR,Marijuana,1,2.9988
2024,APR,U.S. Border Patrol,Coastal/Interior,Other,RAMEY SECTOR,Cocaine,1,506.0475
2024,APR,U.S. Border Patrol,Northern Border,Land Only,BLAINE SECTOR,Fentanyl,1,0.0086
2024,APR,U.S. Border Patrol,Northern Border,Land Only,BLAINE SECTOR,Marijuana,1,0.022
2024,APR,U.S. Border Patrol,Northern Border,Land Only,BLAINE SECTOR,Methamphetamine,1,0.0013
2024,APR,U.S. Border Patrol,Northern Border,Land Only,BLAINE SECTOR,Other Drugs**,1,0.0728
2024,APR,U.S. Border Patrol,Northern Border,Land Only,BUFFALO SECTOR,Marijuana,1,8.200800000000001
2024,APR,U.S. Border Patrol,Northern Border,Land Only,BUFFALO SECTOR,Other Drugs**,1,0.047
2024,APR,U.S. Border Patrol,Northern Border,Land Only,DETROIT SECTOR,Marijuana,9,148.4415
2024,APR,U.S. Border Patrol,Northern Border,Land Only,DETROIT SECTOR,Other Drugs**,3,43.0665
2024,APR,U.S. Border Patrol,Northern Border,Land Only,HOULTON SECTOR,Marijuana,1,0.0201
2024,APR,U.S. Border Patrol,Northern Border,Land Only,SPOKANE SECTOR,Cocaine,1,4.4059
2024,APR,U.S. Border Patrol,Northern Border,Land Only,SPOKANE SECTOR,Fentanyl,6,0.4419999999999999
2024,APR,U.S. Border Patrol,Northern Border,Land Only,SPOKANE SECTOR,Heroin,2,0.1588
2024,APR,U.S. Border Patrol,Northern Border,Land Only,SPOKANE SECTOR,Marijuana,2,31.4925
2024,APR,U.S. Border Patrol,Northern Border,Land Only,SPOKANE SECTOR,Methamphetamine,5,6.3579
2024,APR,U.S. Border Patrol,Northern Border,Land Only,SPOKANE SECTOR,Other Drugs**,2,0.0037
2024,APR,U.S. Border Patrol,Northern Border,Land Only,SWANTON SECTOR,Cocaine,1,0.0855
2024,APR,U.S. Border Patrol,Northern Border,Land Only,SWANTON SECTOR,Fentanyl,1,0.0617
2024,APR,U.S. Border Patrol,Northern Border,Land Only,SWANTON SECTOR,Marijuana,2,0.6151000000000001
2024,APR,U.S. Border Patrol,Southwest Border,Land Only,BIG BEND SECTOR,Cocaine,5,112.0234
2024,APR,U.S. Border Patrol,Southwest Border,Land Only,BIG BEND SECTOR,Ecstasy,2,0.0143
2024,APR,U.S. Border Patrol,Southwest Border,Land Only,BIG BEND SECTOR,Fentanyl,1,0.022
2024,APR,U.S. Border Patrol,Southwest Border,Land Only,BIG BEND SECTOR,Heroin,1,0.0101
2024,APR,U.S. Border Patrol,Southwest Border,Land Only,BIG BEND SECTOR,Marijuana,84,675.5056999999999
2024,APR,U.S. Border Patrol,Southwest Border,Land Only,BIG BEND SECTOR,Methamphetamine,5,287.5083
2024,APR,U.S. Border Patrol,Southwest Border,Land Only,BIG BEND SECTOR,Other Drugs**,14,7.756699999999999
2024,APR,U.S. Border Patrol,Southwest Border,Land Only,DEL RIO SECTOR,Cocaine,2,5.514
2024,APR,U.S. Border Patrol,Southwest Border,Land Only,DEL RIO SECTOR,Fentanyl,1,0.0028
2024,APR,U.S. Border Patrol,Southwest Border,Land Only,DEL RIO SECTOR,Heroin,1,0.0243
2024,APR,U.S. Border Patrol,Southwest Border,Land Only,DEL RIO SECTOR,Marijuana,10,0.6725
2024,APR,U.S. Border Patrol,Southwest Border,Land Only,DEL RIO SECTOR,Methamphetamine,3,0.0259
2024,APR,U.S. Border Patrol,Southwest Border,Land Only,DEL RIO SECTOR,Other Drugs**,1,0.0714
2024,APR,U.S. Border Patrol,Southwest Border,Land Only,EL CENTRO SECTOR,Fentanyl,4,27.5707
2024,APR,U.S. Border Patrol,Southwest Border,Land Only,EL CENTRO SECTOR,Heroin,1,0.0388
2024,APR,U.S. Border Patrol,Southwest Border,Land Only,EL CENTRO SECTOR,Marijuana,2,5.3251
2024,APR,U.S. Border Patrol,Southwest Border,Land Only,EL CENTRO SECTOR,Methamphetamine,3,49.017300000000006
2024,APR,U.S. Border Patrol,Southwest Border,Land Only,EL PASO SECTOR,Cocaine,3,185.0895
2024,APR,U.S. Border Patrol,Southwest Border,Land Only,EL PASO SECTOR,Fentanyl,1,0.0771999999999999
2024,APR,U.S. Border Patrol,Southwest Border,Land Only,EL PASO SECTOR,Marijuana,16,70.9072
2024,APR,U.S. Border Patrol,Southwest Border,Land Only,EL PASO SECTOR,Methamphetamine,6,57.0527
2024,APR,U.S. Border Patrol,Southwest Border,Land Only,EL PASO SECTOR,Other Drugs**,6,57.9113
2024,APR,U.S. Border Patrol,Southwest Border,Land Only,LAREDO SECTOR,Cocaine,3,3.7028
2024,APR,U.S. Border Patrol,Southwest Border,Land Only,LAREDO SECTOR,Fentanyl,1,0.0134
2024,APR,U.S. Border Patrol,Southwest Border,Land Only,LAREDO SECTOR,Heroin,1,0.2621
2024,APR,U.S. Border Patrol,Southwest Border,Land Only,LAREDO SECTOR,Marijuana,12,0.4519
2024,APR,U.S. Border Patrol,Southwest Border,Land Only,LAREDO SECTOR,Other Drugs**,2,0.0176
2024,APR,U.S. Border Patrol,Southwest Border,Land Only,RIO GRANDE VALLEY SECTOR,Cocaine,6,98.3104
2024,APR,U.S. Border Patrol,Southwest Border,Land Only,RIO GRANDE VALLEY SECTOR,Marijuana,67,3987.2646
2024,APR,U.S. Border Patrol,Southwest Border,Land Only,RIO GRANDE VALLEY SECTOR,Methamphetamine,2,0.0066
2024,APR,U.S. Border Patrol,Southwest Border,Land Only,RIO GRANDE VALLEY SECTOR,Other Drugs**,11,2.1141
2024,APR,U.S. Border Patrol,Southwest Border,Land Only,SAN DIEGO SECTOR,Cocaine,7,313.0373
2024,APR,U.S. Border Patrol,Southwest Border,Land Only,SAN DIEGO SECTOR,Fentanyl,3,25.0443
2024,APR,U.S. Border Patrol,Southwest Border,Land Only,SAN DIEGO SECTOR,Marijuana,4,9.2074
2024,APR,U.S. Border Patrol,Southwest Border,Land Only,SAN DIEGO SECTOR,Methamphetamine,5,317.6512
2024,APR,U.S. Border Patrol,Southwest Border,Land Only,SAN DIEGO SECTOR,Other Drugs**,2,0.1583
2024,APR,U.S. Border Patrol,Southwest Border,Land Only,TUCSON SECTOR,Cocaine,7,0.0797
2024,APR,U.S. Border Patrol,Southwest Border,Land Only,TUCSON SECTOR,Fentanyl,8,22.0016
2024,APR,U.S. Border Patrol,Southwest Border,Land Only,TUCSON SECTOR,Marijuana,23,1.217
2024,APR,U.S. Border Patrol,Southwest Border,Land Only,TUCSON SECTOR,Methamphetamine,9,1.1487
2024,APR,U.S. Border Patrol,Southwest Border,Land Only,TUCSON SECTOR,Other Drugs**,4,0.0969999999999999
2024,APR,U.S. Border Patrol,Southwest Border,Land Only,YUMA SECTOR,Cocaine,1,2.646
2024,APR,U.S. Border Patrol,Southwest Border,Land Only,YUMA SECTOR,Fentanyl,5,62.893800000000006
2024,APR,U.S. Border Patrol,Southwest Border,Land Only,YUMA SECTOR,Heroin,1,0.0044
2024,APR,U.S. Border Patrol,Southwest Border,Land Only,YUMA SECTOR,Marijuana,5,0.8421
2024,APR,U.S. Border Patrol,Southwest Border,Land Only,YUMA SECTOR,Methamphetamine,3,43.5622
2024,AUG,Office of Field Operations,Coastal/Interior,Other,ATLANTA FIELD OFFICE,Cocaine,1,3.3730726086
2024,AUG,Office of Field Operations,Coastal/Interior,Other,ATLANTA FIELD OFFICE,Marijuana,5,0.5134566081980001
2024,AUG,Office of Field Operations,Coastal/Interior,Other,ATLANTA FIELD OFFICE,Other Drugs**,5,17.787115760422
2024,AUG,Office of Field Operations,Coastal/Interior,Other,BALTIMORE FIELD OFFICE,Cocaine,2,4.757575613959999
2024,AUG,Office of Field Operations,Coastal/Interior,Other,BALTIMORE FIELD OFFICE,Fentanyl,1,0.2013702301108
2024,AUG,Office of Field Operations,Coastal/Interior,Other,BALTIMORE FIELD OFFICE,Heroin,1,0.03086471668
2024,AUG,Office of Field Operations,Coastal/Interior,Other,BALTIMORE FIELD OFFICE,Ketamine,1,33.731167010524
2024,AUG,Office of Field Operations,Coastal/Interior,Other,BALTIMORE FIELD OFFICE,Marijuana,17,54.7939551521944
2024,AUG,Office of Field Operations,Coastal/Interior,Other,BALTIMORE FIELD OFFICE,Other Drugs**,60,117.7090786496828
2024,AUG,Office of Field Operations,Coastal/Interior,Other,CHICAGO FIELD OFFICE,Cocaine,50,320.465377047903
2024,AUG,Office of Field Operations,Coastal/Interior,Other,CHICAGO FIELD OFFICE,Ecstasy,35,5.8450498137274
2024,AUG,Office of Field Operations,Coastal/Interior,Other,CHICAGO FIELD OFFICE,Fentanyl,6,18.908827749478
2024,AUG,Office of Field Operations,Coastal/Interior,Other,CHICAGO FIELD OFFICE,Heroin,5,5.0839259003986
2024,AUG,Office of Field Operations,Coastal/Interior,Other,CHICAGO FIELD OFFICE,Ketamine,34,18.9064247108222
2024,AUG,Office of Field Operations,Coastal/Interior,Other,CHICAGO FIELD OFFICE,Lsd,10,1.3097001598634
2024,AUG,Office of Field Operations,Coastal/Interior,Other,CHICAGO FIELD OFFICE,Marijuana,662,4305.466796900252
2024,AUG,Office of Field Operations,Coastal/Interior,Other,CHICAGO FIELD OFFICE,Methamphetamine,27,535.1269903337425
2024,AUG,Office of Field Operations,Coastal/Interior,Other,CHICAGO FIELD OFFICE,Other Drugs**,456,2136.066704974527
2024,AUG,Office of Field Operations,Coastal/Interior,Other,HOUSTON FIELD OFFICE,Cocaine,1,42.527611264324
2024,AUG,Office of Field Operations,Coastal/Interior,Other,HOUSTON FIELD OFFICE,Ecstasy,4,0.018298367746
2024,AUG,Office of Field Operations,Coastal/Interior,Other,HOUSTON FIELD OFFICE,Ketamine,2,0.118167772432
2024,AUG,Office of Field Operations,Coastal/Interior,Other,HOUSTON FIELD OFFICE,Lsd,1,0.001322773572
2024,AUG,Office of Field Operations,Coastal/Interior,Other,HOUSTON FIELD OFFICE,Marijuana,22,6.753640934108001
2024,AUG,Office of Field Operations,Coastal/Interior,Other,HOUSTON FIELD OFFICE,Other Drugs**,21,504.7345258651726
2024,AUG,Office of Field Operations,Coastal/Interior,Other,LOS ANGELES FIELD OFFICE,Cocaine,8,11.522019198906
2024,AUG,Office of Field Operations,Coastal/Interior,Other,LOS ANGELES FIELD OFFICE,Ecstasy,15,10.225701098346
2024,AUG,Office of Field Operations,Coastal/Interior,Other,LOS ANGELES FIELD OFFICE,Ketamine,3,2.67530954937
2024,AUG,Office of Field Operations,Coastal/Interior,Other,LOS ANGELES FIELD OFFICE,Lsd,7,0.149032489112
2024,AUG,Office of Field Operations,Coastal/Interior,Other,LOS ANGELES FIELD OFFICE,Marijuana,53,1017.9168569630184
2024,AUG,Office of Field Operations,Coastal/Interior,Other,LOS ANGELES FIELD OFFICE,Methamphetamine,16,56.351917865296
2024,AUG,Office of Field Operations,Coastal/Interior,Other,LOS ANGELES FIELD OFFICE,Other Drugs**,131,1608.3761492465333
2024,AUG,Office of Field Operations,Coastal/Interior,Other,MIAMI FIELD OFFICE,Cocaine,39,148.1876336315636
2024,AUG,Office of Field Operations,Coastal/Interior,Other,MIAMI FIELD OFFICE,Ecstasy,6,1.487458881714
2024,AUG,Office of Field Operations,Coastal/Interior,Other,MIAMI FIELD OFFICE,Fentanyl,1,0.06724098991
2024,AUG,Office of Field Operations,Coastal/Interior,Other,MIAMI FIELD OFFICE,Ketamine,4,2.376142259836
2024,AUG,Office of Field Operations,Coastal/Interior,Other,MIAMI FIELD OFFICE,Lsd,1,0.061949895622
2024,AUG,Office of Field Operations,Coastal/Interior,Other,MIAMI FIELD OFFICE,Marijuana,81,380.926380783486
2024,AUG,Office of Field Operations,Coastal/Interior,Other,MIAMI FIELD OFFICE,Methamphetamine,4,1.216731223978
2024,AUG,Office of Field Operations,Coastal/Interior,Other,MIAMI FIELD OFFICE,Other Drugs**,404,521.0117176393828
2024,AUG,Office of Field Operations,Coastal/Interior,Other,NEW ORLEANS FIELD OFFICE,Cocaine,7,188.151533343542
2024,AUG,Office of Field Operations,Coastal/Interior,Other,NEW ORLEANS FIELD OFFICE,Ecstasy,1,0.874353331092
2024,AUG,Office of Field Operations,Coastal/Interior,Other,NEW ORLEANS FIELD OFFICE,Fentanyl,1,0.60406659788
2024,AUG,Office of Field Operations,Coastal/Interior,Other,NEW ORLEANS FIELD OFFICE,Heroin,1,1.322994034262
2024,AUG,Office of Field Operations,Coastal/Interior,Other,NEW ORLEANS FIELD OFFICE,Ketamine,10,82.60610726009
2024,AUG,Office of Field Operations,Coastal/Interior,Other,NEW ORLEANS FIELD OFFICE,Marijuana,129,928.162878151912
2024,AUG,Office of Field Operations,Coastal/Interior,Other,NEW ORLEANS FIELD OFFICE,Methamphetamine,21,332.845986526168
2024,AUG,Office of Field Operations,Coastal/Interior,Other,NEW ORLEANS FIELD OFFICE,Other Drugs**,54,579.948467341724
2024,AUG,Office of Field Operations,Coastal/Interior,Other,NEW YORK FIELD OFFICE,Cocaine,5,19.772598891994
2024,AUG,Office of Field Operations,Coastal/Interior,Other,NEW YORK FIELD OFFICE,Ecstasy,16,6.7061974553256
2024,AUG,Office of Field Operations,Coastal/Interior,Other,NEW YORK FIELD OFFICE,Fentanyl,4,0.215612092236
2024,AUG,Office of Field Operations,Coastal/Interior,Other,NEW YORK FIELD OFFICE,Ketamine,14,151.8890847794126
2024,AUG,Office of Field Operations,Coastal/Interior,Other,NEW YORK FIELD OFFICE,Khat (Catha Edulis),3,1807.7905484
2024,AUG,Office of Field Operations,Coastal/Interior,Other,NEW YORK FIELD OFFICE,Marijuana,564,1756.159829875434
2024,AUG,Office of Field Operations,Coastal/Interior,Other,NEW YORK FIELD OFFICE,Methamphetamine,2,140.217526028192
2024,AUG,Office of Field Operations,Coastal/Interior,Other,NEW YORK FIELD OFFICE,Other Drugs**,406,904.5040145978344
2024,AUG,Office of Field Operations,Coastal/Interior,Other,PRECLEARANCE FIELD OFFICE,Cocaine,1,0.00110231131
2024,AUG,Office of Field Operations,Coastal/Interior,Other,PRECLEARANCE FIELD OFFICE,Ecstasy,1,0.000881849048
2024,AUG,Office of Field Operations,Coastal/Interior,Other,PRECLEARANCE FIELD OFFICE,Fentanyl,1,0.00881849048
2024,AUG,Office of Field Operations,Coastal/Interior,Other,PRECLEARANCE FIELD OFFICE,Lsd,1,0.000440924524
2024,AUG,Office of Field Operations,Coastal/Interior,Other,PRECLEARANCE FIELD OFFICE,Marijuana,41,3.3591173474154
2024,AUG,Office of Field Operations,Coastal/Interior,Other,PRECLEARANCE FIELD OFFICE,Other Drugs**,11,0.622475196757
2024,AUG,Office of Field Operations,Coastal/Interior,Other,SAN FRANCISCO FIELD OFFICE,Cocaine,3,1.205267186354
2024,AUG,Office of Field Operations,Coastal/Interior,Other,SAN FRANCISCO FIELD OFFICE,Khat (Catha Edulis),1,4.629707502
2024,AUG,Office of Field Operations,Coastal/Interior,Other,SAN FRANCISCO FIELD OFFICE,Lsd,1,0.421303382682
2024,AUG,Office of Field Operations,Coastal/Interior,Other,SAN FRANCISCO FIELD OFFICE,Marijuana,28,103.9492131678934
2024,AUG,Office of Field Operations,Coastal/Interior,Other,SAN FRANCISCO FIELD OFFICE,Methamphetamine,37,232.188429253518
2024,AUG,Office of Field Operations,Coastal/Interior,Other,SAN FRANCISCO FIELD OFFICE,Other Drugs**,16,60.9859023351788
2024,AUG,Office of Field Operations,Coastal/Interior,Other,SAN JUAN FIELD OFFICE,Cocaine,9,1321.193518968246
2024,AUG,Office of Field Operations,Coastal/Interior,Other,SAN JUAN FIELD OFFICE,Marijuana,78,170.72928262673
2024,AUG,Office of Field Operations,Coastal/Interior,Other,SAN JUAN FIELD OFFICE,Other Drugs**,8,7.938405130096
2024,AUG,Office of Field Operations,Coastal/Interior,Other,TAMPA FIELD OFFICE,Cocaine,1,0.03968320716
2024,AUG,Office of Field Operations,Coastal/Interior,Other,TAMPA FIELD OFFICE,Ecstasy,1,0.0001543235834
2024,AUG,Office of Field Operations,Coastal/Interior,Other,TAMPA FIELD OFFICE,Ketamine,1,0.06724098991
2024,AUG,Office of Field Operations,Coastal/Interior,Other,TAMPA FIELD OFFICE,Marijuana,10,0.7937082356523999
2024,AUG,Office of Field Operations,Coastal/Interior,Other,TAMPA FIELD OFFICE,Other Drugs**,6,0.515661230818
2024,AUG,Office of Field Operations,Northern Border,Land Only,BOSTON FIELD OFFICE,Cocaine,1,0.00220462262
2024,AUG,Office of Field Operations,Northern Border,Land Only,BOSTON FIELD OFFICE,Marijuana,46,4.4702251016692
2024,AUG,Office of Field Operations,Northern Border,Land Only,BOSTON FIELD OFFICE,Methamphetamine,1,0.130513659104
2024,AUG,Office of Field Operations,Northern Border,Land Only,BOSTON FIELD OFFICE,Other Drugs**,11,0.1611138210695999
2024,AUG,Office of Field Operations,Northern Border,Land Only,BUFFALO FIELD OFFICE,Cocaine,2,0.011904962148
2024,AUG,Office of Field Operations,Northern Border,Land Only,BUFFALO FIELD OFFICE,Marijuana,94,28.678392427746
2024,AUG,Office of Field Operations,Northern Border,Land Only,BUFFALO FIELD OFFICE,Other Drugs**,10,2.62239860649
2024,AUG,Office of Field Operations,Northern Border,Land Only,DETROIT FIELD OFFICE,Cocaine,6,887.2225069890833
2024,AUG,Office of Field Operations,Northern Border,Land Only,DETROIT FIELD OFFICE,Ecstasy,2,0.0067461452172
2024,AUG,Office of Field Operations,Northern Border,Land Only,DETROIT FIELD OFFICE,Khat (Catha Edulis),3,1.455932778248
2024,AUG,Office of Field Operations,Northern Border,Land Only,DETROIT FIELD OFFICE,Marijuana,201,27.4726181781894
2024,AUG,Office of Field Operations,Northern Border,Land Only,DETROIT FIELD OFFICE,Methamphetamine,1,0.0106262810284
2024,AUG,Office of Field Operations,Northern Border,Land Only,DETROIT FIELD OFFICE,Other Drugs**,139,17.63808327131
2024,AUG,Office of Field Operations,Northern Border,Land Only,SEATTLE FIELD OFFICE,Cocaine,5,0.037037660016
2024,AUG,Office of Field Operations,Northern Border,Land Only,SEATTLE FIELD OFFICE,Ecstasy,1,0.153662196614
2024,AUG,Office of Field Operations,Northern Border,Land Only,SEATTLE FIELD OFFICE,Ketamine,3,0.1895754990938
2024,AUG,Office of Field Operations,Northern Border,Land Only,SEATTLE FIELD OFFICE,Lsd,2,0.0972018113158
2024,AUG,Office of Field Operations,Northern Border,Land Only,SEATTLE FIELD OFFICE,Marijuana,109,11.8812404086088
2024,AUG,Office of Field Operations,Northern Border,Land Only,SEATTLE FIELD OFFICE,Methamphetamine,3,0.0222666884619999
2024,AUG,Office of Field Operations,Northern Border,Land Only,SEATTLE FIELD OFFICE,Other Drugs**,22,1.1297809078452
2024,AUG,Office of Field Operations,Northern Border,Other,BOSTON FIELD OFFICE,Cocaine,1,9.8326168852
2024,AUG,Office of Field Operations,Northern Border,Other,BOSTON FIELD OFFICE,Ketamine,1,111.994829096
2024,AUG,Office of Field Operations,Northern Border,Other,BOSTON FIELD OFFICE,Marijuana,6,1.220699544694
2024,AUG,Office of Field Operations,Northern Border,Other,BOSTON FIELD OFFICE,Other Drugs**,9,4.310478146624
2024,AUG,Office of Field Operations,Northern Border,Other,BUFFALO FIELD OFFICE,Ketamine,1,0.065256829552
2024,AUG,Office of Field Operations,Northern Border,Other,BUFFALO FIELD OFFICE,Marijuana,7,4.577457945906
2024,AUG,Office of Field Operations,Northern Border,Other,BUFFALO FIELD OFFICE,Methamphetamine,1,0.128749961008
2024,AUG,Office of Field Operations,Northern Border,Other,BUFFALO FIELD OFFICE,Other Drugs**,8,6.5169526496248
2024,AUG,Office of Field Operations,Northern Border,Other,DETROIT FIELD OFFICE,Ecstasy,4,0.126324876126
2024,AUG,Office of Field Operations,Northern Border,Other,DETROIT FIELD OFFICE,Ketamine,1,0.1904132556894
2024,AUG,Office of Field Operations,Northern Border,Other,DETROIT FIELD OFFICE,Lsd,6,1.114877658934
2024,AUG,Office of Field Operations,Northern Border,Other,DETROIT FIELD OFFICE,Marijuana,13,9.0739841954318
2024,AUG,Office of Field Operations,Northern Border,Other,DETROIT FIELD OFFICE,Other Drugs**,20,5.3673080919734
2024,AUG,Office of Field Operations,Northern Border,Other,PORTLAND FIELD OFFICE,Cocaine,1,0.0449963476742
2024,AUG,Office of Field Operations,Northern Border,Other,PORTLAND FIELD OFFICE,Marijuana,1,1.0483421482624
2024,AUG,Office of Field Operations,Northern Border,Other,PORTLAND FIELD OFFICE,Other Drugs**,4,56.952567298115
2024,AUG,Office of Field Operations,Northern Border,Other,SEATTLE FIELD OFFICE,Marijuana,9,1.639247149101
2024,AUG,Office of Field Operations,Northern Border,Other,SEATTLE FIELD OFFICE,Methamphetamine,1,0.000881849048
2024,AUG,Office of Field Operations,Southwest Border,Land Only,EL PASO FIELD OFFICE,Cocaine,10,181.3274326704988
2024,AUG,Office of Field Operations,Southwest Border,Land Only,EL PASO FIELD OFFICE,Fentanyl,6,1.1690672829336
2024,AUG,Office of Field Operations,Southwest Border,Land Only,EL PASO FIELD OFFICE,Heroin,2,2.387385835198
2024,AUG,Office of Field Operations,Southwest Border,Land Only,EL PASO FIELD OFFICE,Marijuana,48,224.0034591296012
2024,AUG,Office of Field Operations,Southwest Border,Land Only,EL PASO FIELD OFFICE,Methamphetamine,14,874.1334861243336
2024,AUG,Office of Field Operations,Southwest Border,Land Only,EL PASO FIELD OFFICE,Other Drugs**,22,3.5465323163416
2024,AUG,Office of Field Operations,Southwest Border,Land Only,LAREDO FIELD OFFICE,Cocaine,21,1038.4113815781575
2024,AUG,Office of Field Operations,Southwest Border,Land Only,LAREDO FIELD OFFICE,Heroin,4,36.700793679664
2024,AUG,Office of Field Operations,Southwest Border,Land Only,LAREDO FIELD OFFICE,Marijuana,11,184.8063712573112
2024,AUG,Office of Field Operations,Southwest Border,Land Only,LAREDO FIELD OFFICE,Methamphetamine,9,4493.517226250441
2024,AUG,Office of Field Operations,Southwest Border,Land Only,LAREDO FIELD OFFICE,Other Drugs**,32,11.5636645201978
2024,AUG,Office of Field Operations,Southwest Border,Land Only,SAN DIEGO FIELD OFFICE,Cocaine,17,962.744147644708
2024,AUG,Office of Field Operations,Southwest Border,Land Only,SAN DIEGO FIELD OFFICE,Fentanyl,15,297.521318285908
2024,AUG,Office of Field Operations,Southwest Border,Land Only,SAN DIEGO FIELD OFFICE,Heroin,7,35.73803498151
2024,AUG,Office of Field Operations,Southwest Border,Land Only,SAN DIEGO FIELD OFFICE,Marijuana,36,4.8946370022454
2024,AUG,Office of Field Operations,Southwest Border,Land Only,SAN DIEGO FIELD OFFICE,Methamphetamine,68,9524.612013154112
2024,AUG,Office of Field Operations,Southwest Border,Land Only,SAN DIEGO FIELD OFFICE,Other Drugs**,49,53.0467917258444
2024,AUG,Office of Field Operations,Southwest Border,Land Only,TUCSON FIELD OFFICE,Cocaine,9,81.691850259576
2024,AUG,Office of Field Operations,Southwest Border,Land Only,TUCSON FIELD OFFICE,Fentanyl,23,1215.135297663382
2024,AUG,Office of Field Operations,Southwest Border,Land Only,TUCSON FIELD OFFICE,Heroin,1,5.291094288
2024,AUG,Office of Field Operations,Southwest Border,Land Only,TUCSON FIELD OFFICE,Marijuana,14,4.5941469391394
2024,AUG,Office of Field Operations,Southwest Border,Land Only,TUCSON FIELD OFFICE,Methamphetamine,20,1050.7168795637592
2024,AUG,Office of Field Operations,Southwest Border,Land Only,TUCSON FIELD OFFICE,Other Drugs**,10,8.134087433847201
2024,AUG,Office of Field Operations,Southwest Border,Other,EL PASO FIELD OFFICE,Marijuana,2,0.023589462034
2024,AUG,Office of Field Operations,Southwest Border,Other,EL PASO FIELD OFFICE,Other Drugs**,1,0.225312431764
2024,AUG,Office of Field Operations,Southwest Border,Other,LAREDO FIELD OFFICE,Marijuana,4,0.4739938633
2024,AUG,Office of Field Operations,Southwest Border,Other,SAN DIEGO FIELD OFFICE,Cocaine,1,4.7619848592
2024,AUG,Office of Field Operations,Southwest Border,Other,SAN DIEGO FIELD OFFICE,Other Drugs**,1,1.501568466482
2024,AUG,Office of Field Operations,Southwest Border,Other,TUCSON FIELD OFFICE,Fentanyl,1,18.6951998176
2024,AUG,Office of Field Operations,Southwest Border,Other,TUCSON FIELD OFFICE,Marijuana,1,0.055776952286
2024,AUG,Office of Field Operations,Southwest Border,Other,TUCSON FIELD OFFICE,Methamphetamine,1,23.1705837362
2024,AUG,Office of Field Operations,Southwest Border,Other,TUCSON FIELD OFFICE,Other Drugs**,1,0.02535316013
2024,AUG,U.S. Border Patrol,Coastal/Interior,Other,MIAMI SECTOR,Cocaine,17,298.9698
2024,AUG,U.S. Border Patrol,Coastal/Interior,Other,MIAMI SECTOR,Marijuana,9,147.5651
2024,AUG,U.S. Border Patrol,Coastal/Interior,Other,MIAMI SECTOR,Other Drugs**,1,7.4956
2024,AUG,U.S. Border Patrol,Coastal/Interior,Other,NEW ORLEANS SECTOR,Methamphetamine,1,391.9955
2024,AUG,U.S. Border Patrol,Coastal/Interior,Other,RAMEY SECTOR,Cocaine,2,675.171
2024,AUG,U.S. Border Patrol,Coastal/Interior,Other,RAMEY SECTOR,Marijuana,1,5.3361
2024,AUG,U.S. Border Patrol,Northern Border,Land Only,BLAINE SECTOR,Marijuana,1,0.0384
2024,AUG,U.S. Border Patrol,Northern Border,Land Only,BLAINE SECTOR,Other Drugs**,1,3.5823
2024,AUG,U.S. Border Patrol,Northern Border,Land Only,BUFFALO SECTOR,Marijuana,3,4.1895
2024,AUG,U.S. Border Patrol,Northern Border,Land Only,DETROIT SECTOR,Cocaine,1,0.3748
2024,AUG,U.S. Border Patrol,Northern Border,Land Only,DETROIT SECTOR,Ecstasy,1,90.102
2024,AUG,U.S. Border Patrol,Northern Border,Land Only,DETROIT SECTOR,Fentanyl,1,0.3461
2024,AUG,U.S. Border Patrol,Northern Border,Land Only,DETROIT SECTOR,Marijuana,26,168.8626
2024,AUG,U.S. Border Patrol,Northern Border,Land Only,DETROIT SECTOR,Methamphetamine,1,0.56
2024,AUG,U.S. Border Patrol,Northern Border,Land Only,DETROIT SECTOR,Other Drugs**,3,8.5702
2024,AUG,U.S. Border Patrol,Northern Border,Land Only,GRAND FORKS SECTOR,Methamphetamine,1,0.0657
2024,AUG,U.S. Border Patrol,Northern Border,Land Only,SPOKANE SECTOR,Cocaine,2,0.7769
2024,AUG,U.S. Border Patrol,Northern Border,Land Only,SPOKANE SECTOR,Fentanyl,4,0.9484
2024,AUG,U.S. Border Patrol,Northern Border,Land Only,SPOKANE SECTOR,Marijuana,2,0.3219
2024,AUG,U.S. Border Patrol,Northern Border,Land Only,SPOKANE SECTOR,Methamphetamine,6,3.6517
2024,AUG,U.S. Border Patrol,Northern Border,Land Only,SWANTON SECTOR,Cocaine,1,0.0022
2024,AUG,U.S. Border Patrol,Northern Border,Land Only,SWANTON SECTOR,Marijuana,2,0.321
2024,AUG,U.S. Border Patrol,Northern Border,Land Only,SWANTON SECTOR,Methamphetamine,1,0.0088
2024,AUG,U.S. Border Patrol,Southwest Border,Land Only,BIG BEND SECTOR,Cocaine,2,7.300800000000001
2024,AUG,U.S. Border Patrol,Southwest Border,Land Only,BIG BEND SECTOR,Ecstasy,2,0.0055
2024,AUG,U.S. Border Patrol,Southwest Border,Land Only,BIG BEND SECTOR,Fentanyl,1,0.2354
2024,AUG,U.S. Border Patrol,Southwest Border,Land Only,BIG BEND SECTOR,Marijuana,72,1019.8885
2024,AUG,U.S. Border Patrol,Southwest Border,Land Only,BIG BEND SECTOR,Methamphetamine,3,0.0597
2024,AUG,U.S. Border Patrol,Southwest Border,Land Only,BIG BEND SECTOR,Other Drugs**,8,1.4871
2024,AUG,U.S. Border Patrol,Southwest Border,Land Only,DEL RIO SECTOR,Marijuana,9,0.6405000000000001
2024,AUG,U.S. Border Patrol,Southwest Border,Land Only,DEL RIO SECTOR,Methamphetamine,2,0.6126999999999999
2024,AUG,U.S. Border Patrol,Southwest Border,Land Only,DEL RIO SECTOR,Other Drugs**,1,0.0044
2024,AUG,U.S. Border Patrol,Southwest Border,Land Only,EL CENTRO SECTOR,Cocaine,2,2.4952
2024,AUG,U.S. Border Patrol,Southwest Border,Land Only,EL CENTRO SECTOR,Fentanyl,9,2.2047
2024,AUG,U.S. Border Patrol,Southwest Border,Land Only,EL CENTRO SECTOR,Heroin,2,0.0245
2024,AUG,U.S. Border Patrol,Southwest Border,Land Only,EL CENTRO SECTOR,Marijuana,5,0.7303000000000001
2024,AUG,U.S. Border Patrol,Southwest Border,Land Only,EL CENTRO SECTOR,Methamphetamine,12,1.1795000000000002
2024,AUG,U.S. Border Patrol,Southwest Border,Land Only,EL CENTRO SECTOR,Other Drugs**,2,0.0898
2024,AUG,U.S. Border Patrol,Southwest Border,Land Only,EL PASO SECTOR,Cocaine,5,60.492
2024,AUG,U.S. Border Patrol,Southwest Border,Land Only,EL PASO SECTOR,Fentanyl,5,0.3476
2024,AUG,U.S. Border Patrol,Southwest Border,Land Only,EL PASO SECTOR,Marijuana,17,399.3508
2024,AUG,U.S. Border Patrol,Southwest Border,Land Only,EL PASO SECTOR,Methamphetamine,6,0.1488
2024,AUG,U.S. Border Patrol,Southwest Border,Land Only,EL PASO SECTOR,Other Drugs**,5,1.9732
2024,AUG,U.S. Border Patrol,Southwest Border,Land Only,LAREDO SECTOR,Cocaine,2,0.0132
2024,AUG,U.S. Border Patrol,Southwest Border,Land Only,LAREDO SECTOR,Marijuana,8,432.0473
2024,AUG,U.S. Border Patrol,Southwest Border,Land Only,LAREDO SECTOR,Methamphetamine,1,0.011
2024,AUG,U.S. Border Patrol,Southwest Border,Land Only,RIO GRANDE VALLEY SECTOR,Marijuana,29,692.421
2024,AUG,U.S. Border Patrol,Southwest Border,Land Only,RIO GRANDE VALLEY SECTOR,Methamphetamine,2,0.0097
2024,AUG,U.S. Border Patrol,Southwest Border,Land Only,RIO GRANDE VALLEY SECTOR,Other Drugs**,3,0.3152
2024,AUG,U.S. Border Patrol,Southwest Border,Land Only,SAN DIEGO SECTOR,Cocaine,5,261.8879
2024,AUG,U.S. Border Patrol,Southwest Border,Land Only,SAN DIEGO SECTOR,Fentanyl,2,1.4487
2024,AUG,U.S. Border Patrol,Southwest Border,Land Only,SAN DIEGO SECTOR,Heroin,2,26.455
2024,AUG,U.S. Border Patrol,Southwest Border,Land Only,SAN DIEGO SECTOR,Marijuana,4,75.5691
2024,AUG,U.S. Border Patrol,Southwest Border,Land Only,SAN DIEGO SECTOR,Methamphetamine,11,389.6319
2024,AUG,U.S. Border Patrol,Southwest Border,Land Only,SAN DIEGO SECTOR,Other Drugs**,1,0.0899
2024,AUG,U.S. Border Patrol,Southwest Border,Land Only,TUCSON SECTOR,Cocaine,3,4.722
2024,AUG,U.S. Border Patrol,Southwest Border,Land Only,TUCSON SECTOR,Fentanyl,7,35.4639
2024,AUG,U.S. Border Patrol,Southwest Border,Land Only,TUCSON SECTOR,Heroin,1,0.0079
2024,AUG,U.S. Border Patrol,Southwest Border,Land Only,TUCSON SECTOR,Marijuana,18,11.2797
2024,AUG,U.S. Border Patrol,Southwest Border,Land Only,TUCSON SECTOR,Methamphetamine,10,114.102
2024,AUG,U.S. Border Patrol,Southwest Border,Land Only,YUMA SECTOR,Fentanyl,1,91.8216
2024,AUG,U.S. Border Patrol,Southwest Border,Land Only,YUMA SECTOR,Marijuana,3,0.1282
2024,AUG,U.S. Border Patrol,Southwest Border,Land Only,YUMA SECTOR,Methamphetamine,2,136.2269
2024,DEC,Office of Field Operations,Coastal/Interior,Other,ATLANTA FIELD OFFICE,Cocaine,1,13.22773572
2024,DEC,Office of Field Operations,Coastal/Interior,Other,ATLANTA FIELD OFFICE,Marijuana,1,58.532730561
2024,DEC,Office of Field Operations,Coastal/Interior,Other,ATLANTA FIELD OFFICE,Other Drugs**,1,0.039462744898
2024,DEC,Office of Field Operations,Coastal/Interior,Other,BALTIMORE FIELD OFFICE,Cocaine,4,64.61528436958
2024,DEC,Office of Field Operations,Coastal/Interior,Other,BALTIMORE FIELD OFFICE,Ecstasy,1,0.009259415004
2024,DEC,Office of Field Operations,Coastal/Interior,Other,BALTIMORE FIELD OFFICE,Fentanyl,1,0.22487150724
2024,DEC,Office of Field Operations,Coastal/Interior,Other,BALTIMORE FIELD OFFICE,Ketamine,1,75.9292533318366
2024,DEC,Office of Field Operations,Coastal/Interior,Other,BALTIMORE FIELD OFFICE,Marijuana,58,75.1346632471362
2024,DEC,Office of Field Operations,Coastal/Interior,Other,BALTIMORE FIELD OFFICE,Methamphetamine,2,1.5476671254662002
2024,DEC,Office of Field Operations,Coastal/Interior,Other,BALTIMORE FIELD OFFICE,Other Drugs**,41,54.688089173982
2024,DEC,Office of Field Operations,Coastal/Interior,Other,CHICAGO FIELD OFFICE,Cocaine,15,94.4095244902128
2024,DEC,Office of Field Operations,Coastal/Interior,Other,CHICAGO FIELD OFFICE,Ecstasy,38,6.487697307457401
2024,DEC,Office of Field Operations,Coastal/Interior,Other,CHICAGO FIELD OFFICE,Fentanyl,5,20.7675450804
2024,DEC,Office of Field Operations,Coastal/Interior,Other,CHICAGO FIELD OFFICE,Heroin,12,0.1064171338674
2024,DEC,Office of Field Operations,Coastal/Interior,Other,CHICAGO FIELD OFFICE,Ketamine,29,127.6458419074516
2024,DEC,Office of Field Operations,Coastal/Interior,Other,CHICAGO FIELD OFFICE,Khat (Catha Edulis),10,157.677475791806
2024,DEC,Office of Field Operations,Coastal/Interior,Other,CHICAGO FIELD OFFICE,Lsd,1,0.0020502990366
2024,DEC,Office of Field Operations,Coastal/Interior,Other,CHICAGO FIELD OFFICE,Marijuana,423,2696.8595811569166
2024,DEC,Office of Field Operations,Coastal/Interior,Other,CHICAGO FIELD OFFICE,Methamphetamine,33,201.2690599787682
2024,DEC,Office of Field Operations,Coastal/Interior,Other,CHICAGO FIELD OFFICE,Other Drugs**,162,669.6355138100872
2024,DEC,Office of Field Operations,Coastal/Interior,Other,HOUSTON FIELD OFFICE,Cocaine,2,0.386690807548
2024,DEC,Office of Field Operations,Coastal/Interior,Other,HOUSTON FIELD OFFICE,Marijuana,14,151.541018960167
2024,DEC,Office of Field Operations,Coastal/Interior,Other,HOUSTON FIELD OFFICE,Other Drugs**,6,25.5923837304962
2024,DEC,Office of Field Operations,Coastal/Interior,Other,LOS ANGELES FIELD OFFICE,Cocaine,3,72.155314192242
2024,DEC,Office of Field Operations,Coastal/Interior,Other,LOS ANGELES FIELD OFFICE,Ecstasy,5,0.7365644173420001
2024,DEC,Office of Field Operations,Coastal/Interior,Other,LOS ANGELES FIELD OFFICE,Ketamine,10,78.554892733578
2024,DEC,Office of Field Operations,Coastal/Interior,Other,LOS ANGELES FIELD OFFICE,Khat (Catha Edulis),2,53.6164221184
2024,DEC,Office of Field Operations,Coastal/Interior,Other,LOS ANGELES FIELD OFFICE,Lsd,3,0.0073634395508
2024,DEC,Office of Field Operations,Coastal/Interior,Other,LOS ANGELES FIELD OFFICE,Marijuana,40,1440.137318562486
2024,DEC,Office of Field Operations,Coastal/Interior,Other,LOS ANGELES FIELD OFFICE,Methamphetamine,13,151.1983765125666
2024,DEC,Office of Field Operations,Coastal/Interior,Other,LOS ANGELES FIELD OFFICE,Other Drugs**,182,619.605219030284
2024,DEC,Office of Field Operations,Coastal/Interior,Other,MIAMI FIELD OFFICE,Cocaine,26,139.95164854022
2024,DEC,Office of Field Operations,Coastal/Interior,Other,MIAMI FIELD OFFICE,Ecstasy,3,0.1466294504562
2024,DEC,Office of Field Operations,Coastal/Interior,Other,MIAMI FIELD OFFICE,Fentanyl,5,2.88585100958
2024,DEC,Office of Field Operations,Coastal/Interior,Other,MIAMI FIELD OFFICE,Heroin,1,0.00220462262
2024,DEC,Office of Field Operations,Coastal/Interior,Other,MIAMI FIELD OFFICE,Ketamine,7,22.25125610366
2024,DEC,Office of Field Operations,Coastal/Interior,Other,MIAMI FIELD OFFICE,Marijuana,61,384.619674827641
2024,DEC,Office of Field Operations,Coastal/Interior,Other,MIAMI FIELD OFFICE,Methamphetamine,6,4.4696959922404
2024,DEC,Office of Field Operations,Coastal/Interior,Other,MIAMI FIELD OFFICE,Other Drugs**,306,197.7848082514416
2024,DEC,Office of Field Operations,Coastal/Interior,Other,NEW ORLEANS FIELD OFFICE,Cocaine,3,113.979430378524
2024,DEC,Office of Field Operations,Coastal/Interior,Other,NEW ORLEANS FIELD OFFICE,Ecstasy,1,1.286176836508
2024,DEC,Office of Field Operations,Coastal/Interior,Other,NEW ORLEANS FIELD OFFICE,Fentanyl,1,0.44533376924
2024,DEC,Office of Field Operations,Coastal/Interior,Other,NEW ORLEANS FIELD OFFICE,Heroin,1,0.766767747236
2024,DEC,Office of Field Operations,Coastal/Interior,Other,NEW ORLEANS FIELD OFFICE,Ketamine,15,187.3047377952
2024,DEC,Office of Field Operations,Coastal/Interior,Other,NEW ORLEANS FIELD OFFICE,Lsd,1,0.028219169536
2024,DEC,Office of Field Operations,Coastal/Interior,Other,NEW ORLEANS FIELD OFFICE,Marijuana,290,2411.923946345386
2024,DEC,Office of Field Operations,Coastal/Interior,Other,NEW ORLEANS FIELD OFFICE,Methamphetamine,15,389.640813075822
2024,DEC,Office of Field Operations,Coastal/Interior,Other,NEW ORLEANS FIELD OFFICE,Other Drugs**,207,180.6122971850232
2024,DEC,Office of Field Operations,Coastal/Interior,Other,NEW YORK FIELD OFFICE,Cocaine,11,54.095707075988
2024,DEC,Office of Field Operations,Coastal/Interior,Other,NEW YORK FIELD OFFICE,Ecstasy,22,16.0399302878458
2024,DEC,Office of Field Operations,Coastal/Interior,Other,NEW YORK FIELD OFFICE,Fentanyl,1,0.00220462262
2024,DEC,Office of Field Operations,Coastal/Interior,Other,NEW YORK FIELD OFFICE,Heroin,1,0.003968320716
2024,DEC,Office of Field Operations,Coastal/Interior,Other,NEW YORK FIELD OFFICE,Ketamine,20,242.288797555917
2024,DEC,Office of Field Operations,Coastal/Interior,Other,NEW YORK FIELD OFFICE,Lsd,14,0.027337320488
2024,DEC,Office of Field Operations,Coastal/Interior,Other,NEW YORK FIELD OFFICE,Marijuana,31,803.5927934465273
2024,DEC,Office of Field Operations,Coastal/Interior,Other,NEW YORK FIELD OFFICE,Methamphetamine,7,0.0696219823396
2024,DEC,Office of Field Operations,Coastal/Interior,Other,NEW YORK FIELD OFFICE,Other Drugs**,347,481.2448450509538
2024,DEC,Office of Field Operations,Coastal/Interior,Other,PRECLEARANCE FIELD OFFICE,Ecstasy,1,0.0317906581804
2024,DEC,Office of Field Operations,Coastal/Interior,Other,PRECLEARANCE FIELD OFFICE,Marijuana,25,34.3477558648856
2024,DEC,Office of Field Operations,Coastal/Interior,Other,PRECLEARANCE FIELD OFFICE,Other Drugs**,11,0.585106843348
2024,DEC,Office of Field Operations,Coastal/Interior,Other,SAN FRANCISCO FIELD OFFICE,Cocaine,3,43.86537627014
2024,DEC,Office of Field Operations,Coastal/Interior,Other,SAN FRANCISCO FIELD OFFICE,Fentanyl,1,0.029541943108
2024,DEC,Office of Field Operations,Coastal/Interior,Other,SAN FRANCISCO FIELD OFFICE,Ketamine,1,56.0194607742
2024,DEC,Office of Field Operations,Coastal/Interior,Other,SAN FRANCISCO FIELD OFFICE,Marijuana,22,282.0063527363366
2024,DEC,Office of Field Operations,Coastal/Interior,Other,SAN FRANCISCO FIELD OFFICE,Methamphetamine,58,430.887318135664
2024,DEC,Office of Field Operations,Coastal/Interior,Other,SAN FRANCISCO FIELD OFFICE,Other Drugs**,8,8.828521512921
2024,DEC,Office of Field Operations,Coastal/Interior,Other,SAN JUAN FIELD OFFICE,Cocaine,7,12.39218374702
2024,DEC,Office of Field Operations,Coastal/Interior,Other,SAN JUAN FIELD OFFICE,Marijuana,85,182.1397699672902
2024,DEC,Office of Field Operations,Coastal/Interior,Other,SAN JUAN FIELD OFFICE,Other Drugs**,5,6.557870445452
2024,DEC,Office of Field Operations,Coastal/Interior,Other,TAMPA FIELD OFFICE,Cocaine,1,0.0881849048
2024,DEC,Office of Field Operations,Coastal/Interior,Other,TAMPA FIELD OFFICE,Ecstasy,1,0.1106500092978
2024,DEC,Office of Field Operations,Coastal/Interior,Other,TAMPA FIELD OFFICE,Marijuana,8,160.2776738485126
2024,DEC,Office of Field Operations,Coastal/Interior,Other,TAMPA FIELD OFFICE,Other Drugs**,4,0.6093135997156
2024,DEC,Office of Field Operations,Northern Border,Land Only,BOSTON FIELD OFFICE,Cocaine,1,0.01433004703
2024,DEC,Office of Field Operations,Northern Border,Land Only,BOSTON FIELD OFFICE,Ecstasy,1,0.03527396192
2024,DEC,Office of Field Operations,Northern Border,Land Only,BOSTON FIELD OFFICE,Ketamine,1,0.086421206704
2024,DEC,Office of Field Operations,Northern Border,Land Only,BOSTON FIELD OFFICE,Lsd,2,0.300049138582
2024,DEC,Office of Field Operations,Northern Border,Land Only,BOSTON FIELD OFFICE,Marijuana,23,1.674190417628
2024,DEC,Office of Field Operations,Northern Border,Land Only,BOSTON FIELD OFFICE,Methamphetamine,1,0.010582188576
2024,DEC,Office of Field Operations,Northern Border,Land Only,BOSTON FIELD OFFICE,Other Drugs**,5,0.400359467792
2024,DEC,Office of Field Operations,Northern Border,Land Only,BUFFALO FIELD OFFICE,Cocaine,2,0.00992080179
2024,DEC,Office of Field Operations,Northern Border,Land Only,BUFFALO FIELD OFFICE,Fentanyl,1,0.009479877266
2024,DEC,Office of Field Operations,Northern Border,Land Only,BUFFALO FIELD OFFICE,Marijuana,37,21.6024136203678
2024,DEC,Office of Field Operations,Northern Border,Land Only,BUFFALO FIELD OFFICE,Methamphetamine,2,0.012786811196
2024,DEC,Office of Field Operations,Northern Border,Land Only,BUFFALO FIELD OFFICE,Other Drugs**,2,0.001984160358
2024,DEC,Office of Field Operations,Northern Border,Land Only,DETROIT FIELD OFFICE,Cocaine,1,0.0042328754304
2024,DEC,Office of Field Operations,Northern Border,Land Only,DETROIT FIELD OFFICE,Ecstasy,1,0.0215171167712
2024,DEC,Office of Field Operations,Northern Border,Land Only,DETROIT FIELD OFFICE,Fentanyl,1,0.1201960252424
2024,DEC,Office of Field Operations,Northern Border,Land Only,DETROIT FIELD OFFICE,Heroin,1,0.186731535914
2024,DEC,Office of Field Operations,Northern Border,Land Only,DETROIT FIELD OFFICE,Ketamine,1,0.004188782978
2024,DEC,Office of Field Operations,Northern Border,Land Only,DETROIT FIELD OFFICE,Marijuana,96,11.0115608774712
2024,DEC,Office of Field Operations,Northern Border,Land Only,DETROIT FIELD OFFICE,Other Drugs**,73,7.4545125112322
2024,DEC,Office of Field Operations,Northern Border,Land Only,SEATTLE FIELD OFFICE,Cocaine,1,0.000440924524
2024,DEC,Office of Field Operations,Northern Border,Land Only,SEATTLE FIELD OFFICE,Lsd,1,0.027447551619
2024,DEC,Office of Field Operations,Northern Border,Land Only,SEATTLE FIELD OFFICE,Marijuana,73,8.9602697606922
2024,DEC,Office of Field Operations,Northern Border,Land Only,SEATTLE FIELD OFFICE,Methamphetamine,3,0.047950541985
2024,DEC,Office of Field Operations,Northern Border,Land Only,SEATTLE FIELD OFFICE,Other Drugs**,17,6.6860031121264
2024,DEC,Office of Field Operations,Northern Border,Other,BOSTON FIELD OFFICE,Cocaine,1,0.001322773572
2024,DEC,Office of Field Operations,Northern Border,Other,BOSTON FIELD OFFICE,Ecstasy,1,0.005070632026
2024,DEC,Office of Field Operations,Northern Border,Other,BOSTON FIELD OFFICE,Ketamine,1,0.005952481074
2024,DEC,Office of Field Operations,Northern Border,Other,BOSTON FIELD OFFICE,Marijuana,3,43.36382462409
2024,DEC,Office of Field Operations,Northern Border,Other,BOSTON FIELD OFFICE,Other Drugs**,4,1.456594165034
2024,DEC,Office of Field Operations,Northern Border,Other,BUFFALO FIELD OFFICE,Cocaine,1,0.045856150496
2024,DEC,Office of Field Operations,Northern Border,Other,BUFFALO FIELD OFFICE,Marijuana,10,1.313293694734
2024,DEC,Office of Field Operations,Northern Border,Other,BUFFALO FIELD OFFICE,Other Drugs**,10,2.387165372936
2024,DEC,Office of Field Operations,Northern Border,Other,DETROIT FIELD OFFICE,Ketamine,1,111.33344231
2024,DEC,Office of Field Operations,Northern Border,Other,DETROIT FIELD OFFICE,Marijuana,10,46.7422103732042
2024,DEC,Office of Field Operations,Northern Border,Other,DETROIT FIELD OFFICE,Other Drugs**,13,3.9943132166898
2024,DEC,Office of Field Operations,Northern Border,Other,PORTLAND FIELD OFFICE,Marijuana,4,0.729068700434
2024,DEC,Office of Field Operations,Northern Border,Other,PORTLAND FIELD OFFICE,Methamphetamine,3,13.337966851
2024,DEC,Office of Field Operations,Northern Border,Other,PORTLAND FIELD OFFICE,Other Drugs**,4,14.31241004904
2024,DEC,Office of Field Operations,Northern Border,Other,SEATTLE FIELD OFFICE,Ecstasy,9,0.064154518242
2024,DEC,Office of Field Operations,Northern Border,Other,SEATTLE FIELD OFFICE,Ketamine,2,0.0040124131684
2024,DEC,Office of Field Operations,Northern Border,Other,SEATTLE FIELD OFFICE,Lsd,1,0.0003968320716
2024,DEC,Office of Field Operations,Northern Border,Other,SEATTLE FIELD OFFICE,Marijuana,6,0.6229381675072
2024,DEC,Office of Field Operations,Northern Border,Other,SEATTLE FIELD OFFICE,Other Drugs**,32,96.565887921061
2024,DEC,Office of Field Operations,Southwest Border,Land Only,EL PASO FIELD OFFICE,Cocaine,13,137.7438512636472
2024,DEC,Office of Field Operations,Southwest Border,Land Only,EL PASO FIELD OFFICE,Fentanyl,4,37.7651854806
2024,DEC,Office of Field Operations,Southwest Border,Land Only,EL PASO FIELD OFFICE,Heroin,1,2.7778245012
2024,DEC,Office of Field Operations,Southwest Border,Land Only,EL PASO FIELD OFFICE,Marijuana,54,126.1039508932498
2024,DEC,Office of Field Operations,Southwest Border,Land Only,EL PASO FIELD OFFICE,Methamphetamine,12,1051.9478746960883
2024,DEC,Office of Field Operations,Southwest Border,Land Only,EL PASO FIELD OFFICE,Other Drugs**,15,18.5654357301868
2024,DEC,Office of Field Operations,Southwest Border,Land Only,LAREDO FIELD OFFICE,Cocaine,6,221.7223801971396
2024,DEC,Office of Field Operations,Southwest Border,Land Only,LAREDO FIELD OFFICE,Fentanyl,3,57.5049795880084
2024,DEC,Office of Field Operations,Southwest Border,Land Only,LAREDO FIELD OFFICE,Heroin,2,2.6142194565698
2024,DEC,Office of Field Operations,Southwest Border,Land Only,LAREDO FIELD OFFICE,Marijuana,11,0.2452863127012
2024,DEC,Office of Field Operations,Southwest Border,Land Only,LAREDO FIELD OFFICE,Methamphetamine,6,1241.16505647546
2024,DEC,Office of Field Operations,Southwest Border,Land Only,LAREDO FIELD OFFICE,Other Drugs**,16,7.6415747405392
2024,DEC,Office of Field Operations,Southwest Border,Land Only,SAN DIEGO FIELD OFFICE,Cocaine,19,1179.346556361612
2024,DEC,Office of Field Operations,Southwest Border,Land Only,SAN DIEGO FIELD OFFICE,Fentanyl,35,496.1469696046176
2024,DEC,Office of Field Operations,Southwest Border,Land Only,SAN DIEGO FIELD OFFICE,Heroin,6,50.926782522
2024,DEC,Office of Field Operations,Southwest Border,Land Only,SAN DIEGO FIELD OFFICE,Ketamine,2,8.263146042022
2024,DEC,Office of Field Operations,Southwest Border,Land Only,SAN DIEGO FIELD OFFICE,Marijuana,44,1.5329622925908
2024,DEC,Office of Field Operations,Southwest Border,Land Only,SAN DIEGO FIELD OFFICE,Methamphetamine,64,9106.952232322412
2024,DEC,Office of Field Operations,Southwest Border,Land Only,SAN DIEGO FIELD OFFICE,Other Drugs**,33,12.2254922307218
2024,DEC,Office of Field Operations,Southwest Border,Land Only,TUCSON FIELD OFFICE,Cocaine,4,551.11266485891
2024,DEC,Office of Field Operations,Southwest Border,Land Only,TUCSON FIELD OFFICE,Fentanyl,15,699.349726129614
2024,DEC,Office of Field Operations,Southwest Border,Land Only,TUCSON FIELD OFFICE,Heroin,4,34.815841339564
2024,DEC,Office of Field Operations,Southwest Border,Land Only,TUCSON FIELD OFFICE,Marijuana,11,1.1893498110376
2024,DEC,Office of Field Operations,Southwest Border,Land Only,TUCSON FIELD OFFICE,Methamphetamine,8,928.321170056028
2024,DEC,Office of Field Operations,Southwest Border,Land Only,TUCSON FIELD OFFICE,Other Drugs**,3,0.3944290329441999
2024,DEC,Office of Field Operations,Southwest Border,Other,EL PASO FIELD OFFICE,Cocaine,1,0.0007275254646
2024,DEC,Office of Field Operations,Southwest Border,Other,EL PASO FIELD OFFICE,Marijuana,1,0.049163084426
2024,DEC,Office of Field Operations,Southwest Border,Other,LAREDO FIELD OFFICE,Marijuana,2,0.0223548733668
2024,DEC,Office of Field Operations,Southwest Border,Other,LAREDO FIELD OFFICE,Other Drugs**,2,0.0565926626554
2024,DEC,U.S. Border Patrol,Coastal/Interior,Other,MIAMI SECTOR,Marijuana,6,44.9945
2024,DEC,U.S. Border Patrol,Coastal/Interior,Other,NEW ORLEANS SECTOR,Cocaine,1,1.0979
2024,DEC,U.S. Border Patrol,Coastal/Interior,Other,NEW ORLEANS SECTOR,Fentanyl,1,0.4806
2024,DEC,U.S. Border Patrol,Coastal/Interior,Other,NEW ORLEANS SECTOR,Heroin,1,0.4608
2024,DEC,U.S. Border Patrol,Coastal/Interior,Other,NEW ORLEANS SECTOR,Methamphetamine,1,0.2646
2024,DEC,U.S. Border Patrol,Northern Border,Land Only,BLAINE SECTOR,Cocaine,1,0.002
2024,DEC,U.S. Border Patrol,Northern Border,Land Only,BLAINE SECTOR,Marijuana,2,0.0145
2024,DEC,U.S. Border Patrol,Northern Border,Land Only,BLAINE SECTOR,Methamphetamine,1,0.0015
2024,DEC,U.S. Border Patrol,Northern Border,Land Only,DETROIT SECTOR,Cocaine,1,5.378
2024,DEC,U.S. Border Patrol,Northern Border,Land Only,DETROIT SECTOR,Fentanyl,1,0.5317
2024,DEC,U.S. Border Patrol,Northern Border,Land Only,DETROIT SECTOR,Marijuana,8,44.6326
2024,DEC,U.S. Border Patrol,Northern Border,Land Only,DETROIT SECTOR,Methamphetamine,2,0.1239
2024,DEC,U.S. Border Patrol,Northern Border,Land Only,DETROIT SECTOR,Other Drugs**,2,16.3426
2024,DEC,U.S. Border Patrol,Northern Border,Land Only,HOULTON SECTOR,Marijuana,2,0.1303
2024,DEC,U.S. Border Patrol,Northern Border,Land Only,SPOKANE SECTOR,Fentanyl,1,0.0
2024,DEC,U.S. Border Patrol,Northern Border,Land Only,SPOKANE SECTOR,Marijuana,1,5.0054
2024,DEC,U.S. Border Patrol,Northern Border,Land Only,SWANTON SECTOR,Marijuana,2,0.2542
2024,DEC,U.S. Border Patrol,Southwest Border,Land Only,BIG BEND SECTOR,Cocaine,2,0.0176
2024,DEC,U.S. Border Patrol,Southwest Border,Land Only,BIG BEND SECTOR,Fentanyl,4,5.3124
2024,DEC,U.S. Border Patrol,Southwest Border,Land Only,BIG BEND SECTOR,Marijuana,60,501.376
2024,DEC,U.S. Border Patrol,Southwest Border,Land Only,BIG BEND SECTOR,Methamphetamine,4,0.1746
2024,DEC,U.S. Border Patrol,Southwest Border,Land Only,BIG BEND SECTOR,Other Drugs**,6,2.1517
2024,DEC,U.S. Border Patrol,Southwest Border,Land Only,DEL RIO SECTOR,Cocaine,1,0.0071
2024,DEC,U.S. Border Patrol,Southwest Border,Land Only,DEL RIO SECTOR,Marijuana,5,0.0893
2024,DEC,U.S. Border Patrol,Southwest Border,Land Only,DEL RIO SECTOR,Methamphetamine,1,0.0075
2024,DEC,U.S. Border Patrol,Southwest Border,Land Only,EL CENTRO SECTOR,Cocaine,2,42.7969
2024,DEC,U.S. Border Patrol,Southwest Border,Land Only,EL CENTRO SECTOR,Fentanyl,1,0.0224
2024,DEC,U.S. Border Patrol,Southwest Border,Land Only,EL CENTRO SECTOR,Heroin,1,9.59
2024,DEC,U.S. Border Patrol,Southwest Border,Land Only,EL CENTRO SECTOR,Marijuana,2,0.5846
2024,DEC,U.S. Border Patrol,Southwest Border,Land Only,EL CENTRO SECTOR,Methamphetamine,5,292.606
2024,DEC,U.S. Border Patrol,Southwest Border,Land Only,EL CENTRO SECTOR,Other Drugs**,1,1.125
2024,DEC,U.S. Border Patrol,Southwest Border,Land Only,EL PASO SECTOR,Cocaine,7,23.6519
2024,DEC,U.S. Border Patrol,Southwest Border,Land Only,EL PASO SECTOR,Marijuana,9,7.77
2024,DEC,U.S. Border Patrol,Southwest Border,Land Only,EL PASO SECTOR,Methamphetamine,1,3.5942
2024,DEC,U.S. Border Patrol,Southwest Border,Land Only,EL PASO SECTOR,Other Drugs**,1,0.011
2024,DEC,U.S. Border Patrol,Southwest Border,Land Only,LAREDO SECTOR,Cocaine,3,7.177300000000001
2024,DEC,U.S. Border Patrol,Southwest Border,Land Only,LAREDO SECTOR,Heroin,1,0.0022
2024,DEC,U.S. Border Patrol,Southwest Border,Land Only,LAREDO SECTOR,Marijuana,12,34.0789
2024,DEC,U.S. Border Patrol,Southwest Border,Land Only,LAREDO SECTOR,Methamphetamine,2,0.0082
2024,DEC,U.S. Border Patrol,Southwest Border,Land Only,RIO GRANDE VALLEY SECTOR,Cocaine,5,10.075
2024,DEC,U.S. Border Patrol,Southwest Border,Land Only,RIO GRANDE VALLEY SECTOR,Marijuana,37,1893.694
2024,DEC,U.S. Border Patrol,Southwest Border,Land Only,RIO GRANDE VALLEY SECTOR,Other Drugs**,6,11.2072
2024,DEC,U.S. Border Patrol,Southwest Border,Land Only,SAN DIEGO SECTOR,Cocaine,3,156.2463
2024,DEC,U.S. Border Patrol,Southwest Border,Land Only,SAN DIEGO SECTOR,Fentanyl,2,24.1404
2024,DEC,U.S. Border Patrol,Southwest Border,Land Only,SAN DIEGO SECTOR,Marijuana,1,0.0058
2024,DEC,U.S. Border Patrol,Southwest Border,Land Only,SAN DIEGO SECTOR,Methamphetamine,5,283.4921
2024,DEC,U.S. Border Patrol,Southwest Border,Land Only,SAN DIEGO SECTOR,Other Drugs**,1,0.0176
2024,DEC,U.S. Border Patrol,Southwest Border,Land Only,TUCSON SECTOR,Cocaine,1,0.0052
2024,DEC,U.S. Border Patrol,Southwest Border,Land Only,TUCSON SECTOR,Fentanyl,3,0.147
2024,DEC,U.S. Border Patrol,Southwest Border,Land Only,TUCSON SECTOR,Marijuana,12,0.8814
2024,DEC,U.S. Border Patrol,Southwest Border,Land Only,TUCSON SECTOR,Methamphetamine,3,0.6934
2024,DEC,U.S. Border Patrol,Southwest Border,Land Only,TUCSON SECTOR,Other Drugs**,2,0.1131
2024,DEC,U.S. Border Patrol,Southwest Border,Land Only,YUMA SECTOR,Marijuana,2,0.1386
2024,FEB,Office of Field Operations,Coastal/Interior,Other,ATLANTA FIELD OFFICE,Cocaine,1,10.141264052
2024,FEB,Office of Field Operations,Coastal/Interior,Other,ATLANTA FIELD OFFICE,Khat (Catha Edulis),1,413.36674125
2024,FEB,Office of Field Operations,Coastal/Interior,Other,ATLANTA FIELD OFFICE,Lsd,1,0.250445129632
2024,FEB,Office of Field Operations,Coastal/Interior,Other,ATLANTA FIELD OFFICE,Marijuana,4,3.764172661388
2024,FEB,Office of Field Operations,Coastal/Interior,Other,ATLANTA FIELD OFFICE,Other Drugs**,2,0.26675933702
2024,FEB,Office of Field Operations,Coastal/Interior,Other,BALTIMORE FIELD OFFICE,Cocaine,5,5.1870801927884
2024,FEB,Office of Field Operations,Coastal/Interior,Other,BALTIMORE FIELD OFFICE,Ecstasy,2,5.61517381314
2024,FEB,Office of Field Operations,Coastal/Interior,Other,BALTIMORE FIELD OFFICE,Fentanyl,1,0.0277561987858
2024,FEB,Office of Field Operations,Coastal/Interior,Other,BALTIMORE FIELD OFFICE,Ketamine,1,0.107475352725
2024,FEB,Office of Field Operations,Coastal/Interior,Other,BALTIMORE FIELD OFFICE,Lsd,1,0.002645547144
2024,FEB,Office of Field Operations,Coastal/Interior,Other,BALTIMORE FIELD OFFICE,Marijuana,44,254.3869066916552
2024,FEB,Office of Field Operations,Coastal/Interior,Other,BALTIMORE FIELD OFFICE,Methamphetamine,1,5.070632026
2024,FEB,Office of Field Operations,Coastal/Interior,Other,BALTIMORE FIELD OFFICE,Other Drugs**,28,148.60809925765
2024,FEB,Office of Field Operations,Coastal/Interior,Other,CHICAGO FIELD OFFICE,Cocaine,35,560.0453988830784
2024,FEB,Office of Field Operations,Coastal/Interior,Other,CHICAGO FIELD OFFICE,Ecstasy,57,24.3086540250964
2024,FEB,Office of Field Operations,Coastal/Interior,Other,CHICAGO FIELD OFFICE,Fentanyl,7,13.55401986776
2024,FEB,Office of Field Operations,Coastal/Interior,Other,CHICAGO FIELD OFFICE,Heroin,20,0.2899299207562
2024,FEB,Office of Field Operations,Coastal/Interior,Other,CHICAGO FIELD OFFICE,Ketamine,61,125.2100866519708
2024,FEB,Office of Field Operations,Coastal/Interior,Other,CHICAGO FIELD OFFICE,Khat (Catha Edulis),4,82.9379029644
2024,FEB,Office of Field Operations,Coastal/Interior,Other,CHICAGO FIELD OFFICE,Lsd,11,0.0342598355148
2024,FEB,Office of Field Operations,Coastal/Interior,Other,CHICAGO FIELD OFFICE,Marijuana,726,5462.981019548456
2024,FEB,Office of Field Operations,Coastal/Interior,Other,CHICAGO FIELD OFFICE,Methamphetamine,54,466.2982532590446
2024,FEB,Office of Field Operations,Coastal/Interior,Other,CHICAGO FIELD OFFICE,Other Drugs**,374,669.2767555711346
2024,FEB,Office of Field Operations,Coastal/Interior,Other,HOUSTON FIELD OFFICE,Cocaine,1,0.000440924524
2024,FEB,Office of Field Operations,Coastal/Interior,Other,HOUSTON FIELD OFFICE,Ecstasy,1,0.023368999772
2024,FEB,Office of Field Operations,Coastal/Interior,Other,HOUSTON FIELD OFFICE,Ketamine,2,0.345464364554
2024,FEB,Office of Field Operations,Coastal/Interior,Other,HOUSTON FIELD OFFICE,Marijuana,20,8.9499080343782
2024,FEB,Office of Field Operations,Coastal/Interior,Other,HOUSTON FIELD OFFICE,Other Drugs**,16,26.1132919631498
2024,FEB,Office of Field Operations,Coastal/Interior,Other,LOS ANGELES FIELD OFFICE,Cocaine,9,21.3297238485
2024,FEB,Office of Field Operations,Coastal/Interior,Other,LOS ANGELES FIELD OFFICE,Ecstasy,6,0.635813163608
2024,FEB,Office of Field Operations,Coastal/Interior,Other,LOS ANGELES FIELD OFFICE,Fentanyl,1,0.004629707502
2024,FEB,Office of Field Operations,Coastal/Interior,Other,LOS ANGELES FIELD OFFICE,Ketamine,14,53.42241532784
2024,FEB,Office of Field Operations,Coastal/Interior,Other,LOS ANGELES FIELD OFFICE,Khat (Catha Edulis),2,72.37776061459999
2024,FEB,Office of Field Operations,Coastal/Interior,Other,LOS ANGELES FIELD OFFICE,Lsd,2,0.0011243575362
2024,FEB,Office of Field Operations,Coastal/Interior,Other,LOS ANGELES FIELD OFFICE,Marijuana,41,1053.804541727974
2024,FEB,Office of Field Operations,Coastal/Interior,Other,LOS ANGELES FIELD OFFICE,Methamphetamine,22,130.600300772966
2024,FEB,Office of Field Operations,Coastal/Interior,Other,LOS ANGELES FIELD OFFICE,Other Drugs**,270,1990.298622622188
2024,FEB,Office of Field Operations,Coastal/Interior,Other,MIAMI FIELD OFFICE,Cocaine,23,103.841914184978
2024,FEB,Office of Field Operations,Coastal/Interior,Other,MIAMI FIELD OFFICE,Ecstasy,7,1.171315998006
2024,FEB,Office of Field Operations,Coastal/Interior,Other,MIAMI FIELD OFFICE,Fentanyl,6,0.571879107628
2024,FEB,Office of Field Operations,Coastal/Interior,Other,MIAMI FIELD OFFICE,Heroin,2,0.00661386786
2024,FEB,Office of Field Operations,Coastal/Interior,Other,MIAMI FIELD OFFICE,Ketamine,3,0.043651527876
2024,FEB,Office of Field Operations,Coastal/Interior,Other,MIAMI FIELD OFFICE,Lsd,2,0.002866009406
2024,FEB,Office of Field Operations,Coastal/Interior,Other,MIAMI FIELD OFFICE,Marijuana,84,165.1954814344942
2024,FEB,Office of Field Operations,Coastal/Interior,Other,MIAMI FIELD OFFICE,Methamphetamine,7,12.1359625061236
2024,FEB,Office of Field Operations,Coastal/Interior,Other,MIAMI FIELD OFFICE,Other Drugs**,611,812.337076329138
2024,FEB,Office of Field Operations,Coastal/Interior,Other,NEW ORLEANS FIELD OFFICE,Cocaine,7,23.080855595566
2024,FEB,Office of Field Operations,Coastal/Interior,Other,NEW ORLEANS FIELD OFFICE,Ecstasy,3,4.74104094431
2024,FEB,Office of Field Operations,Coastal/Interior,Other,NEW ORLEANS FIELD OFFICE,Heroin,1,3.30693393
2024,FEB,Office of Field Operations,Coastal/Interior,Other,NEW ORLEANS FIELD OFFICE,Ketamine,19,182.35095076806
2024,FEB,Office of Field Operations,Coastal/Interior,Other,NEW ORLEANS FIELD OFFICE,Marijuana,266,2370.897374438115
2024,FEB,Office of Field Operations,Coastal/Interior,Other,NEW ORLEANS FIELD OFFICE,Methamphetamine,17,217.20770990345105
2024,FEB,Office of Field Operations,Coastal/Interior,Other,NEW ORLEANS FIELD OFFICE,Other Drugs**,86,146.5342989439208
2024,FEB,Office of Field Operations,Coastal/Interior,Other,NEW YORK FIELD OFFICE,Cocaine,7,0.79145952058
2024,FEB,Office of Field Operations,Coastal/Interior,Other,NEW YORK FIELD OFFICE,Ecstasy,37,11.9220038808526
2024,FEB,Office of Field Operations,Coastal/Interior,Other,NEW YORK FIELD OFFICE,Fentanyl,1,0.075177631342
2024,FEB,Office of Field Operations,Coastal/Interior,Other,NEW YORK FIELD OFFICE,Heroin,2,0.00881849048
2024,FEB,Office of Field Operations,Coastal/Interior,Other,NEW YORK FIELD OFFICE,Ketamine,21,137.8043020158876
2024,FEB,Office of Field Operations,Coastal/Interior,Other,NEW YORK FIELD OFFICE,Khat (Catha Edulis),2,3813.9971326
2024,FEB,Office of Field Operations,Coastal/Interior,Other,NEW YORK FIELD OFFICE,Lsd,16,0.045856150496
2024,FEB,Office of Field Operations,Coastal/Interior,Other,NEW YORK FIELD OFFICE,Marijuana,42,1391.9807325474208
2024,FEB,Office of Field Operations,Coastal/Interior,Other,NEW YORK FIELD OFFICE,Methamphetamine,6,470.153190233698
2024,FEB,Office of Field Operations,Coastal/Interior,Other,NEW YORK FIELD OFFICE,Other Drugs**,587,734.2569931692294
2024,FEB,Office of Field Operations,Coastal/Interior,Other,PRECLEARANCE FIELD OFFICE,Cocaine,1,0.1763698096
2024,FEB,Office of Field Operations,Coastal/Interior,Other,PRECLEARANCE FIELD OFFICE,Ecstasy,2,0.18077905484
2024,FEB,Office of Field Operations,Coastal/Interior,Other,PRECLEARANCE FIELD OFFICE,Lsd,2,0.058642961692
2024,FEB,Office of Field Operations,Coastal/Interior,Other,PRECLEARANCE FIELD OFFICE,Marijuana,53,4.3624190555512
2024,FEB,Office of Field Operations,Coastal/Interior,Other,PRECLEARANCE FIELD OFFICE,Other Drugs**,17,1.4004203806764
2024,FEB,Office of Field Operations,Coastal/Interior,Other,SAN FRANCISCO FIELD OFFICE,Cocaine,5,87.16041666848601
2024,FEB,Office of Field Operations,Coastal/Interior,Other,SAN FRANCISCO FIELD OFFICE,Ecstasy,2,1.17837079039
2024,FEB,Office of Field Operations,Coastal/Interior,Other,SAN FRANCISCO FIELD OFFICE,Marijuana,35,109.040193860676
2024,FEB,Office of Field Operations,Coastal/Interior,Other,SAN FRANCISCO FIELD OFFICE,Methamphetamine,48,401.72964075033
2024,FEB,Office of Field Operations,Coastal/Interior,Other,SAN FRANCISCO FIELD OFFICE,Other Drugs**,23,327.16709911931
2024,FEB,Office of Field Operations,Coastal/Interior,Other,SAN JUAN FIELD OFFICE,Cocaine,9,6102.18551004035
2024,FEB,Office of Field Operations,Coastal/Interior,Other,SAN JUAN FIELD OFFICE,Heroin,1,2.425084882
2024,FEB,Office of Field Operations,Coastal/Interior,Other,SAN JUAN FIELD OFFICE,Marijuana,97,214.2192778033626
2024,FEB,Office of Field Operations,Coastal/Interior,Other,SAN JUAN FIELD OFFICE,Other Drugs**,4,0.815269444876
2024,FEB,Office of Field Operations,Coastal/Interior,Other,TAMPA FIELD OFFICE,Cocaine,1,0.0025132697868
2024,FEB,Office of Field Operations,Coastal/Interior,Other,TAMPA FIELD OFFICE,Ecstasy,1,0.003527396192
2024,FEB,Office of Field Operations,Coastal/Interior,Other,TAMPA FIELD OFFICE,Marijuana,19,168.0157449211292
2024,FEB,Office of Field Operations,Coastal/Interior,Other,TAMPA FIELD OFFICE,Methamphetamine,1,1.0199907013692
2024,FEB,Office of Field Operations,Coastal/Interior,Other,TAMPA FIELD OFFICE,Other Drugs**,6,1.255973506614
2024,FEB,Office of Field Operations,Northern Border,Land Only,BOSTON FIELD OFFICE,Marijuana,25,3.2370253467198
2024,FEB,Office of Field Operations,Northern Border,Land Only,BOSTON FIELD OFFICE,Other Drugs**,2,0.024030386558
2024,FEB,Office of Field Operations,Northern Border,Land Only,BUFFALO FIELD OFFICE,Ecstasy,2,0.0121254244099999
2024,FEB,Office of Field Operations,Northern Border,Land Only,BUFFALO FIELD OFFICE,Marijuana,28,13.6614731742588
2024,FEB,Office of Field Operations,Northern Border,Land Only,BUFFALO FIELD OFFICE,Other Drugs**,7,1.843284972582
2024,FEB,Office of Field Operations,Northern Border,Land Only,DETROIT FIELD OFFICE,Cocaine,1,635.372239084
2024,FEB,Office of Field Operations,Northern Border,Land Only,DETROIT FIELD OFFICE,Heroin,2,0.004850169764
2024,FEB,Office of Field Operations,Northern Border,Land Only,DETROIT FIELD OFFICE,Marijuana,88,89.56715909028759
2024,FEB,Office of Field Operations,Northern Border,Land Only,DETROIT FIELD OFFICE,Methamphetamine,2,0.3770786529248
2024,FEB,Office of Field Operations,Northern Border,Land Only,DETROIT FIELD OFFICE,Other Drugs**,50,5.0887540239364
2024,FEB,Office of Field Operations,Northern Border,Land Only,SEATTLE FIELD OFFICE,Cocaine,4,0.1043227423784
2024,FEB,Office of Field Operations,Northern Border,Land Only,SEATTLE FIELD OFFICE,Ecstasy,1,0.010582188576
2024,FEB,Office of Field Operations,Northern Border,Land Only,SEATTLE FIELD OFFICE,Fentanyl,1,0.318127044066
2024,FEB,Office of Field Operations,Northern Border,Land Only,SEATTLE FIELD OFFICE,Ketamine,1,0.019621141318
2024,FEB,Office of Field Operations,Northern Border,Land Only,SEATTLE FIELD OFFICE,Lsd,1,0.000440924524
2024,FEB,Office of Field Operations,Northern Border,Land Only,SEATTLE FIELD OFFICE,Marijuana,60,4.231332194566
2024,FEB,Office of Field Operations,Northern Border,Land Only,SEATTLE FIELD OFFICE,Methamphetamine,2,0.0660725399214
2024,FEB,Office of Field Operations,Northern Border,Land Only,SEATTLE FIELD OFFICE,Other Drugs**,9,1.5128340880702
2024,FEB,Office of Field Operations,Northern Border,Other,BOSTON FIELD OFFICE,Marijuana,3,32.556985003112004
2024,FEB,Office of Field Operations,Northern Border,Other,BOSTON FIELD OFFICE,Other Drugs**,9,13.926160166016
2024,FEB,Office of Field Operations,Northern Border,Other,BUFFALO FIELD OFFICE,Marijuana,2,1.683008908108
2024,FEB,Office of Field Operations,Northern Border,Other,BUFFALO FIELD OFFICE,Other Drugs**,5,4.535790578388
2024,FEB,Office of Field Operations,Northern Border,Other,DETROIT FIELD OFFICE,Cocaine,1,0.005952481074
2024,FEB,Office of Field Operations,Northern Border,Other,DETROIT FIELD OFFICE,Ketamine,2,3.079637337878
2024,FEB,Office of Field Operations,Northern Border,Other,DETROIT FIELD OFFICE,Marijuana,13,13.8067578049168
2024,FEB,Office of Field Operations,Northern Border,Other,DETROIT FIELD OFFICE,Other Drugs**,19,29.651843545607
2024,FEB,Office of Field Operations,Northern Border,Other,PORTLAND FIELD OFFICE,Cocaine,1,0.00440924524
2024,FEB,Office of Field Operations,Northern Border,Other,PORTLAND FIELD OFFICE,Marijuana,13,91.80489514204
2024,FEB,Office of Field Operations,Northern Border,Other,PORTLAND FIELD OFFICE,Methamphetamine,4,6.190139392436
2024,FEB,Office of Field Operations,Northern Border,Other,PORTLAND FIELD OFFICE,Other Drugs**,11,33.3875104365184
2024,FEB,Office of Field Operations,Northern Border,Other,SEATTLE FIELD OFFICE,Cocaine,2,5.247001835600001
2024,FEB,Office of Field Operations,Northern Border,Other,SEATTLE FIELD OFFICE,Marijuana,6,70.8936307130422
2024,FEB,Office of Field Operations,Northern Border,Other,SEATTLE FIELD OFFICE,Other Drugs**,3,77.6151943880292
2024,FEB,Office of Field Operations,Southwest Border,Land Only,EL PASO FIELD OFFICE,Cocaine,8,98.64363450928
2024,FEB,Office of Field Operations,Southwest Border,Land Only,EL PASO FIELD OFFICE,Fentanyl,12,100.8471768641962
2024,FEB,Office of Field Operations,Southwest Border,Land Only,EL PASO FIELD OFFICE,Marijuana,73,245.156901353406
2024,FEB,Office of Field Operations,Southwest Border,Land Only,EL PASO FIELD OFFICE,Methamphetamine,10,83.764195522376
2024,FEB,Office of Field Operations,Southwest Border,Land Only,EL PASO FIELD OFFICE,Other Drugs**,19,12.0465209664302
2024,FEB,Office of Field Operations,Southwest Border,Land Only,LAREDO FIELD OFFICE,Cocaine,18,410.269026006638
2024,FEB,Office of Field Operations,Southwest Border,Land Only,LAREDO FIELD OFFICE,Marijuana,24,2454.2660827086893
2024,FEB,Office of Field Operations,Southwest Border,Land Only,LAREDO FIELD OFFICE,Methamphetamine,19,14388.92884050665
2024,FEB,Office of Field Operations,Southwest Border,Land Only,LAREDO FIELD OFFICE,Other Drugs**,18,64.0602926712212
2024,FEB,Office of Field Operations,Southwest Border,Land Only,SAN DIEGO FIELD OFFICE,Cocaine,29,1707.942528553414
2024,FEB,Office of Field Operations,Southwest Border,Land Only,SAN DIEGO FIELD OFFICE,Fentanyl,31,482.3804241162896
2024,FEB,Office of Field Operations,Southwest Border,Land Only,SAN DIEGO FIELD OFFICE,Heroin,10,54.570362326074
2024,FEB,Office of Field Operations,Southwest Border,Land Only,SAN DIEGO FIELD OFFICE,Marijuana,40,7.747727319692199
2024,FEB,Office of Field Operations,Southwest Border,Land Only,SAN DIEGO FIELD OFFICE,Methamphetamine,77,6759.91233589021
2024,FEB,Office of Field Operations,Southwest Border,Land Only,SAN DIEGO FIELD OFFICE,Other Drugs**,53,25.2367340094378
2024,FEB,Office of Field Operations,Southwest Border,Land Only,TUCSON FIELD OFFICE,Cocaine,9,271.75060263168
2024,FEB,Office of Field Operations,Southwest Border,Land Only,TUCSON FIELD OFFICE,Fentanyl,20,621.3524485953126
2024,FEB,Office of Field Operations,Southwest Border,Land Only,TUCSON FIELD OFFICE,Heroin,1,2.645547144
2024,FEB,Office of Field Operations,Southwest Border,Land Only,TUCSON FIELD OFFICE,Marijuana,12,2.513380017931
2024,FEB,Office of Field Operations,Southwest Border,Land Only,TUCSON FIELD OFFICE,Methamphetamine,11,789.4816874889194
2024,FEB,Office of Field Operations,Southwest Border,Land Only,TUCSON FIELD OFFICE,Other Drugs**,1,0.04739938633
2024,FEB,Office of Field Operations,Southwest Border,Other,EL PASO FIELD OFFICE,Cocaine,1,0.004629707502
2024,FEB,Office of Field Operations,Southwest Border,Other,EL PASO FIELD OFFICE,Marijuana,5,3.2002522414182
2024,FEB,Office of Field Operations,Southwest Border,Other,LAREDO FIELD OFFICE,Marijuana,1,0.0055336027762
2024,FEB,Office of Field Operations,Southwest Border,Other,TUCSON FIELD OFFICE,Ecstasy,1,0.036817197754
2024,FEB,Office of Field Operations,Southwest Border,Other,TUCSON FIELD OFFICE,Marijuana,3,0.495599164976
2024,FEB,U.S. Border Patrol,Coastal/Interior,Other,MIAMI SECTOR,Cocaine,2,2.4421
2024,FEB,U.S. Border Patrol,Coastal/Interior,Other,MIAMI SECTOR,Marijuana,1,10.3569
2024,FEB,U.S. Border Patrol,Coastal/Interior,Other,MIAMI SECTOR,Methamphetamine,1,0.0287
2024,FEB,U.S. Border Patrol,Coastal/Interior,Other,RAMEY SECTOR,Cocaine,3,909.6066
2024,FEB,U.S. Border Patrol,Coastal/Interior,Other,RAMEY SECTOR,Marijuana,1,0.3034
2024,FEB,U.S. Border Patrol,Northern Border,Land Only,BLAINE SECTOR,Other Drugs**,1,0.2205
2024,FEB,U.S. Border Patrol,Northern Border,Land Only,BUFFALO SECTOR,Marijuana,2,427.8582
2024,FEB,U.S. Border Patrol,Northern Border,Land Only,DETROIT SECTOR,Cocaine,2,2.4255
2024,FEB,U.S. Border Patrol,Northern Border,Land Only,DETROIT SECTOR,Fentanyl,1,0.0617
2024,FEB,U.S. Border Patrol,Northern Border,Land Only,DETROIT SECTOR,Marijuana,6,31.4954
2024,FEB,U.S. Border Patrol,Northern Border,Land Only,DETROIT SECTOR,Methamphetamine,2,38.9043
2024,FEB,U.S. Border Patrol,Northern Border,Land Only,DETROIT SECTOR,Other Drugs**,4,2.8715
2024,FEB,U.S. Border Patrol,Northern Border,Land Only,HAVRE SECTOR,Fentanyl,1,0.0005
2024,FEB,U.S. Border Patrol,Northern Border,Land Only,HAVRE SECTOR,Methamphetamine,2,0.0746
2024,FEB,U.S. Border Patrol,Northern Border,Land Only,HAVRE SECTOR,Other Drugs**,1,0.0088
2024,FEB,U.S. Border Patrol,Northern Border,Land Only,HOULTON SECTOR,Marijuana,4,0.1742
2024,FEB,U.S. Border Patrol,Northern Border,Land Only,SPOKANE SECTOR,Cocaine,1,0.0895
2024,FEB,U.S. Border Patrol,Northern Border,Land Only,SPOKANE SECTOR,Fentanyl,6,1.3037
2024,FEB,U.S. Border Patrol,Northern Border,Land Only,SPOKANE SECTOR,Methamphetamine,8,34.6496
2024,FEB,U.S. Border Patrol,Northern Border,Land Only,SWANTON SECTOR,Cocaine,1,0.0
2024,FEB,U.S. Border Patrol,Northern Border,Land Only,SWANTON SECTOR,Fentanyl,1,0.0066
2024,FEB,U.S. Border Patrol,Northern Border,Land Only,SWANTON SECTOR,Marijuana,1,9.2831
2024,FEB,U.S. Border Patrol,Northern Border,Land Only,SWANTON SECTOR,Methamphetamine,1,0.0132
2024,FEB,U.S. Border Patrol,Southwest Border,Land Only,BIG BEND SECTOR,Cocaine,2,0.004
2024,FEB,U.S. Border Patrol,Southwest Border,Land Only,BIG BEND SECTOR,Marijuana,60,1134.4315
2024,FEB,U.S. Border Patrol,Southwest Border,Land Only,BIG BEND SECTOR,Methamphetamine,3,0.1245999999999999
2024,FEB,U.S. Border Patrol,Southwest Border,Land Only,BIG BEND SECTOR,Other Drugs**,9,5.805400000000001
2024,FEB,U.S. Border Patrol,Southwest Border,Land Only,DEL RIO SECTOR,Cocaine,1,0.0073
2024,FEB,U.S. Border Patrol,Southwest Border,Land Only,DEL RIO SECTOR,Marijuana,12,1.4167
2024,FEB,U.S. Border Patrol,Southwest Border,Land Only,DEL RIO SECTOR,Methamphetamine,3,0.4941
2024,FEB,U.S. Border Patrol,Southwest Border,Land Only,DEL RIO SECTOR,Other Drugs**,1,0.0026
2024,FEB,U.S. Border Patrol,Southwest Border,Land Only,EL CENTRO SECTOR,Fentanyl,1,9.6782
2024,FEB,U.S. Border Patrol,Southwest Border,Land Only,EL CENTRO SECTOR,Heroin,1,25.6834
2024,FEB,U.S. Border Patrol,Southwest Border,Land Only,EL CENTRO SECTOR,Marijuana,5,53.86
2024,FEB,U.S. Border Patrol,Southwest Border,Land Only,EL CENTRO SECTOR,Methamphetamine,7,463.4248
2024,FEB,U.S. Border Patrol,Southwest Border,Land Only,EL PASO SECTOR,Cocaine,6,41.2606
2024,FEB,U.S. Border Patrol,Southwest Border,Land Only,EL PASO SECTOR,Marijuana,9,43.3314
2024,FEB,U.S. Border Patrol,Southwest Border,Land Only,EL PASO SECTOR,Methamphetamine,6,111.9858
2024,FEB,U.S. Border Patrol,Southwest Border,Land Only,EL PASO SECTOR,Other Drugs**,3,4.4306
2024,FEB,U.S. Border Patrol,Southwest Border,Land Only,LAREDO SECTOR,Cocaine,3,19.6069
2024,FEB,U.S. Border Patrol,Southwest Border,Land Only,LAREDO SECTOR,Marijuana,20,240.6569
2024,FEB,U.S. Border Patrol,Southwest Border,Land Only,LAREDO SECTOR,Methamphetamine,1,0.0044
2024,FEB,U.S. Border Patrol,Southwest Border,Land Only,LAREDO SECTOR,Other Drugs**,3,0.1710999999999999
2024,FEB,U.S. Border Patrol,Southwest Border,Land Only,RIO GRANDE VALLEY SECTOR,Cocaine,4,144.65130000000002
2024,FEB,U.S. Border Patrol,Southwest Border,Land Only,RIO GRANDE VALLEY SECTOR,Marijuana,44,3077.1668
2024,FEB,U.S. Border Patrol,Southwest Border,Land Only,RIO GRANDE VALLEY SECTOR,Other Drugs**,3,0.7209
2024,FEB,U.S. Border Patrol,Southwest Border,Land Only,SAN DIEGO SECTOR,Cocaine,4,888.043
2024,FEB,U.S. Border Patrol,Southwest Border,Land Only,SAN DIEGO SECTOR,Ecstasy,1,0.0057
2024,FEB,U.S. Border Patrol,Southwest Border,Land Only,SAN DIEGO SECTOR,Fentanyl,1,12.1914
2024,FEB,U.S. Border Patrol,Southwest Border,Land Only,SAN DIEGO SECTOR,Heroin,1,0.0022
2024,FEB,U.S. Border Patrol,Southwest Border,Land Only,SAN DIEGO SECTOR,Marijuana,9,11.7039
2024,FEB,U.S. Border Patrol,Southwest Border,Land Only,SAN DIEGO SECTOR,Methamphetamine,5,58.1567
2024,FEB,U.S. Border Patrol,Southwest Border,Land Only,SAN DIEGO SECTOR,Other Drugs**,3,1.6179
2024,FEB,U.S. Border Patrol,Southwest Border,Land Only,TUCSON SECTOR,Fentanyl,4,0.073
2024,FEB,U.S. Border Patrol,Southwest Border,Land Only,TUCSON SECTOR,Marijuana,16,0.6388
2024,FEB,U.S. Border Patrol,Southwest Border,Land Only,TUCSON SECTOR,Methamphetamine,6,0.0321
2024,FEB,U.S. Border Patrol,Southwest Border,Land Only,TUCSON SECTOR,Other Drugs**,5,0.286
2024,FEB,U.S. Border Patrol,Southwest Border,Land Only,YUMA SECTOR,Cocaine,1,2.7342
2024,FEB,U.S. Border Patrol,Southwest Border,Land Only,YUMA SECTOR,Marijuana,3,0.1440999999999999
2024,FEB,U.S. Border Patrol,Southwest Border,Land Only,YUMA SECTOR,Methamphetamine,2,2.9125
2024,FEB,U.S. Border Patrol,Southwest Border,Land Only,YUMA SECTOR,Other Drugs**,1,6.6138
2024,JAN,Office of Field Operations,Coastal/Interior,Other,ATLANTA FIELD OFFICE,Cocaine,1,2.7998707274
2024,JAN,Office of Field Operations,Coastal/Interior,Other,ATLANTA FIELD OFFICE,Fentanyl,2,3.6596735492
2024,JAN,Office of Field Operations,Coastal/Interior,Other,ATLANTA FIELD OFFICE,Marijuana,1,0.159173753164
2024,JAN,Office of Field Operations,Coastal/Interior,Other,ATLANTA FIELD OFFICE,Other Drugs**,2,0.35053499658
2024,JAN,Office of Field Operations,Coastal/Interior,Other,BALTIMORE FIELD OFFICE,Cocaine,3,6.4905853630896
2024,JAN,Office of Field Operations,Coastal/Interior,Other,BALTIMORE FIELD OFFICE,Heroin,1,0.6573743728316
2024,JAN,Office of Field Operations,Coastal/Interior,Other,BALTIMORE FIELD OFFICE,Ketamine,2,93.8728311596
2024,JAN,Office of Field Operations,Coastal/Interior,Other,BALTIMORE FIELD OFFICE,Marijuana,42,110.3823019730534
2024,JAN,Office of Field Operations,Coastal/Interior,Other,BALTIMORE FIELD OFFICE,Methamphetamine,1,0.4121321525828
2024,JAN,Office of Field Operations,Coastal/Interior,Other,BALTIMORE FIELD OFFICE,Other Drugs**,24,51.782617023084
2024,JAN,Office of Field Operations,Coastal/Interior,Other,CHICAGO FIELD OFFICE,Cocaine,21,193.9652554698392
2024,JAN,Office of Field Operations,Coastal/Interior,Other,CHICAGO FIELD OFFICE,Ecstasy,51,24.0975834554576
2024,JAN,Office of Field Operations,Coastal/Interior,Other,CHICAGO FIELD OFFICE,Fentanyl,3,12.029082401506
2024,JAN,Office of Field Operations,Coastal/Interior,Other,CHICAGO FIELD OFFICE,Heroin,3,0.0133820593034
2024,JAN,Office of Field Operations,Coastal/Interior,Other,CHICAGO FIELD OFFICE,Ketamine,58,149.33800571467958
2024,JAN,Office of Field Operations,Coastal/Interior,Other,CHICAGO FIELD OFFICE,Khat (Catha Edulis),7,693.06170149285
2024,JAN,Office of Field Operations,Coastal/Interior,Other,CHICAGO FIELD OFFICE,Lsd,4,0.0055776952286
2024,JAN,Office of Field Operations,Coastal/Interior,Other,CHICAGO FIELD OFFICE,Marijuana,551,4423.248275356776
2024,JAN,Office of Field Operations,Coastal/Interior,Other,CHICAGO FIELD OFFICE,Methamphetamine,37,296.6871331789524
2024,JAN,Office of Field Operations,Coastal/Interior,Other,CHICAGO FIELD OFFICE,Other Drugs**,203,586.9743350769496
2024,JAN,Office of Field Operations,Coastal/Interior,Other,HOUSTON FIELD OFFICE,Cocaine,1,11.0231131
2024,JAN,Office of Field Operations,Coastal/Interior,Other,HOUSTON FIELD OFFICE,Lsd,1,0.0037258122278
2024,JAN,Office of Field Operations,Coastal/Interior,Other,HOUSTON FIELD OFFICE,Marijuana,34,97.435942238044
2024,JAN,Office of Field Operations,Coastal/Interior,Other,HOUSTON FIELD OFFICE,Methamphetamine,1,0.023368999772
2024,JAN,Office of Field Operations,Coastal/Interior,Other,HOUSTON FIELD OFFICE,Other Drugs**,31,39.8845112514322
2024,JAN,Office of Field Operations,Coastal/Interior,Other,LOS ANGELES FIELD OFFICE,Cocaine,2,0.3063102668228
2024,JAN,Office of Field Operations,Coastal/Interior,Other,LOS ANGELES FIELD OFFICE,Ecstasy,4,2.447572032724
2024,JAN,Office of Field Operations,Coastal/Interior,Other,LOS ANGELES FIELD OFFICE,Fentanyl,1,0.237217393912
2024,JAN,Office of Field Operations,Coastal/Interior,Other,LOS ANGELES FIELD OFFICE,Heroin,2,0.385368033976
2024,JAN,Office of Field Operations,Coastal/Interior,Other,LOS ANGELES FIELD OFFICE,Ketamine,4,166.866342871966
2024,JAN,Office of Field Operations,Coastal/Interior,Other,LOS ANGELES FIELD OFFICE,Lsd,4,0.1014787791986
2024,JAN,Office of Field Operations,Coastal/Interior,Other,LOS ANGELES FIELD OFFICE,Marijuana,43,1313.2353383732486
2024,JAN,Office of Field Operations,Coastal/Interior,Other,LOS ANGELES FIELD OFFICE,Methamphetamine,20,143.4629950795464
2024,JAN,Office of Field Operations,Coastal/Interior,Other,LOS ANGELES FIELD OFFICE,Other Drugs**,152,564.048177850629
2024,JAN,Office of Field Operations,Coastal/Interior,Other,MIAMI FIELD OFFICE,Cocaine,32,308.0805567404338
2024,JAN,Office of Field Operations,Coastal/Interior,Other,MIAMI FIELD OFFICE,Ecstasy,9,0.6340053730596
2024,JAN,Office of Field Operations,Coastal/Interior,Other,MIAMI FIELD OFFICE,Fentanyl,4,2.727669336595
2024,JAN,Office of Field Operations,Coastal/Interior,Other,MIAMI FIELD OFFICE,Ketamine,10,5.015736922762001
2024,JAN,Office of Field Operations,Coastal/Interior,Other,MIAMI FIELD OFFICE,Lsd,6,0.393966062194
2024,JAN,Office of Field Operations,Coastal/Interior,Other,MIAMI FIELD OFFICE,Marijuana,82,439.3150172100428
2024,JAN,Office of Field Operations,Coastal/Interior,Other,MIAMI FIELD OFFICE,Methamphetamine,2,1.537283352926
2024,JAN,Office of Field Operations,Coastal/Interior,Other,MIAMI FIELD OFFICE,Other Drugs**,559,5315.141936753114
2024,JAN,Office of Field Operations,Coastal/Interior,Other,NEW ORLEANS FIELD OFFICE,Cocaine,7,20.37291763142
2024,JAN,Office of Field Operations,Coastal/Interior,Other,NEW ORLEANS FIELD OFFICE,Ecstasy,1,0.053792791928
2024,JAN,Office of Field Operations,Coastal/Interior,Other,NEW ORLEANS FIELD OFFICE,Fentanyl,4,5.537130172392
2024,JAN,Office of Field Operations,Coastal/Interior,Other,NEW ORLEANS FIELD OFFICE,Heroin,1,1.370834345116
2024,JAN,Office of Field Operations,Coastal/Interior,Other,NEW ORLEANS FIELD OFFICE,Ketamine,23,167.269788811426
2024,JAN,Office of Field Operations,Coastal/Interior,Other,NEW ORLEANS FIELD OFFICE,Lsd,1,0.029321480846
2024,JAN,Office of Field Operations,Coastal/Interior,Other,NEW ORLEANS FIELD OFFICE,Marijuana,255,3100.595604861256
2024,JAN,Office of Field Operations,Coastal/Interior,Other,NEW ORLEANS FIELD OFFICE,Methamphetamine,18,289.92330688834
2024,JAN,Office of Field Operations,Coastal/Interior,Other,NEW ORLEANS FIELD OFFICE,Other Drugs**,160,480.361695275608
2024,JAN,Office of Field Operations,Coastal/Interior,Other,NEW YORK FIELD OFFICE,Cocaine,11,1696.082099782338
2024,JAN,Office of Field Operations,Coastal/Interior,Other,NEW YORK FIELD OFFICE,Ecstasy,27,6.9490366369186
2024,JAN,Office of Field Operations,Coastal/Interior,Other,NEW YORK FIELD OFFICE,Fentanyl,2,5.337170900758
2024,JAN,Office of Field Operations,Coastal/Interior,Other,NEW YORK FIELD OFFICE,Heroin,1,2.3589462034
2024,JAN,Office of Field Operations,Coastal/Interior,Other,NEW YORK FIELD OFFICE,Ketamine,14,122.2118660274494
2024,JAN,Office of Field Operations,Coastal/Interior,Other,NEW YORK FIELD OFFICE,Lsd,4,0.007054792384
2024,JAN,Office of Field Operations,Coastal/Interior,Other,NEW YORK FIELD OFFICE,Marijuana,26,362.3541107231772
2024,JAN,Office of Field Operations,Coastal/Interior,Other,NEW YORK FIELD OFFICE,Methamphetamine,15,71.98423547693
2024,JAN,Office of Field Operations,Coastal/Interior,Other,NEW YORK FIELD OFFICE,Other Drugs**,458,783.7353827223418
2024,JAN,Office of Field Operations,Coastal/Interior,Other,PRECLEARANCE FIELD OFFICE,Cocaine,1,0.12786811196
2024,JAN,Office of Field Operations,Coastal/Interior,Other,PRECLEARANCE FIELD OFFICE,Ecstasy,1,0.000440924524
2024,JAN,Office of Field Operations,Coastal/Interior,Other,PRECLEARANCE FIELD OFFICE,Marijuana,43,3.3757622481964
2024,JAN,Office of Field Operations,Coastal/Interior,Other,PRECLEARANCE FIELD OFFICE,Other Drugs**,9,0.133159206248
2024,JAN,Office of Field Operations,Coastal/Interior,Other,SAN FRANCISCO FIELD OFFICE,Cocaine,4,21.299300056344
2024,JAN,Office of Field Operations,Coastal/Interior,Other,SAN FRANCISCO FIELD OFFICE,Ecstasy,3,10.8908357428
2024,JAN,Office of Field Operations,Coastal/Interior,Other,SAN FRANCISCO FIELD OFFICE,Ketamine,1,24.3831261772
2024,JAN,Office of Field Operations,Coastal/Interior,Other,SAN FRANCISCO FIELD OFFICE,Khat (Catha Edulis),2,309.8817554672
2024,JAN,Office of Field Operations,Coastal/Interior,Other,SAN FRANCISCO FIELD OFFICE,Marijuana,29,153.488472351544
2024,JAN,Office of Field Operations,Coastal/Interior,Other,SAN FRANCISCO FIELD OFFICE,Methamphetamine,34,284.460692960504
2024,JAN,Office of Field Operations,Coastal/Interior,Other,SAN FRANCISCO FIELD OFFICE,Other Drugs**,24,502.12595024251
2024,JAN,Office of Field Operations,Coastal/Interior,Other,SAN JUAN FIELD OFFICE,Cocaine,6,136.69872786441
2024,JAN,Office of Field Operations,Coastal/Interior,Other,SAN JUAN FIELD OFFICE,Marijuana,84,157.20129935211222
2024,JAN,Office of Field Operations,Coastal/Interior,Other,SAN JUAN FIELD OFFICE,Other Drugs**,7,10.55683541587
2024,JAN,Office of Field Operations,Coastal/Interior,Other,TAMPA FIELD OFFICE,Fentanyl,2,0.0016314207387999
2024,JAN,Office of Field Operations,Coastal/Interior,Other,TAMPA FIELD OFFICE,Marijuana,8,0.755303709612
2024,JAN,Office of Field Operations,Coastal/Interior,Other,TAMPA FIELD OFFICE,Methamphetamine,1,0.282632619884
2024,JAN,Office of Field Operations,Coastal/Interior,Other,TAMPA FIELD OFFICE,Other Drugs**,11,4.034900319124
2024,JAN,Office of Field Operations,Northern Border,Land Only,BOSTON FIELD OFFICE,Ecstasy,1,0.009038952742
2024,JAN,Office of Field Operations,Northern Border,Land Only,BOSTON FIELD OFFICE,Ketamine,1,0.044753839186
2024,JAN,Office of Field Operations,Northern Border,Land Only,BOSTON FIELD OFFICE,Marijuana,17,0.52580249487
2024,JAN,Office of Field Operations,Northern Border,Land Only,BOSTON FIELD OFFICE,Other Drugs**,5,0.366959435099
2024,JAN,Office of Field Operations,Northern Border,Land Only,BUFFALO FIELD OFFICE,Ecstasy,2,0.014109584768
2024,JAN,Office of Field Operations,Northern Border,Land Only,BUFFALO FIELD OFFICE,Marijuana,33,7.081688779964
2024,JAN,Office of Field Operations,Northern Border,Land Only,BUFFALO FIELD OFFICE,Methamphetamine,2,0.000881849048
2024,JAN,Office of Field Operations,Northern Border,Land Only,BUFFALO FIELD OFFICE,Other Drugs**,3,0.0334882175978
2024,JAN,Office of Field Operations,Northern Border,Land Only,DETROIT FIELD OFFICE,Cocaine,5,317.80016467013263
2024,JAN,Office of Field Operations,Northern Border,Land Only,DETROIT FIELD OFFICE,Marijuana,84,6.3569631860914
2024,JAN,Office of Field Operations,Northern Border,Land Only,DETROIT FIELD OFFICE,Methamphetamine,1,0.040565056208
2024,JAN,Office of Field Operations,Northern Border,Land Only,DETROIT FIELD OFFICE,Other Drugs**,58,7.3602648942272
2024,JAN,Office of Field Operations,Northern Border,Land Only,SEATTLE FIELD OFFICE,Ecstasy,1,0.0052470018356
2024,JAN,Office of Field Operations,Northern Border,Land Only,SEATTLE FIELD OFFICE,Khat (Catha Edulis),1,0.51588169308
2024,JAN,Office of Field Operations,Northern Border,Land Only,SEATTLE FIELD OFFICE,Marijuana,59,2.8679494739056
2024,JAN,Office of Field Operations,Northern Border,Land Only,SEATTLE FIELD OFFICE,Methamphetamine,3,0.01212542441
2024,JAN,Office of Field Operations,Northern Border,Land Only,SEATTLE FIELD OFFICE,Other Drugs**,4,0.330252468476
2024,JAN,Office of Field Operations,Northern Border,Other,BOSTON FIELD OFFICE,Cocaine,1,0.79807338844
2024,JAN,Office of Field Operations,Northern Border,Other,BOSTON FIELD OFFICE,Khat (Catha Edulis),1,181.88136615
2024,JAN,Office of Field Operations,Northern Border,Other,BOSTON FIELD OFFICE,Marijuana,4,1.101429460952
2024,JAN,Office of Field Operations,Northern Border,Other,BOSTON FIELD OFFICE,Other Drugs**,10,2.257092638356
2024,JAN,Office of Field Operations,Northern Border,Other,BUFFALO FIELD OFFICE,Ecstasy,1,0.021164377152
2024,JAN,Office of Field Operations,Northern Border,Other,BUFFALO FIELD OFFICE,Khat (Catha Edulis),1,9.1932763254
2024,JAN,Office of Field Operations,Northern Border,Other,BUFFALO FIELD OFFICE,Marijuana,3,6.491290842328
2024,JAN,Office of Field Operations,Northern Border,Other,BUFFALO FIELD OFFICE,Other Drugs**,2,0.3018128366779999
2024,JAN,Office of Field Operations,Northern Border,Other,DETROIT FIELD OFFICE,Marijuana,16,16.4283186548112
2024,JAN,Office of Field Operations,Northern Border,Other,DETROIT FIELD OFFICE,Other Drugs**,24,30.7576161131204
2024,JAN,Office of Field Operations,Northern Border,Other,PORTLAND FIELD OFFICE,Methamphetamine,2,10.4940036712
2024,JAN,Office of Field Operations,Northern Border,Other,PORTLAND FIELD OFFICE,Other Drugs**,7,24.2728950462
2024,JAN,Office of Field Operations,Northern Border,Other,SEATTLE FIELD OFFICE,Ecstasy,1,0.0130513659104
2024,JAN,Office of Field Operations,Northern Border,Other,SEATTLE FIELD OFFICE,Marijuana,4,1.6501159386176
2024,JAN,Office of Field Operations,Northern Border,Other,SEATTLE FIELD OFFICE,Other Drugs**,7,2.8373934043924
2024,JAN,Office of Field Operations,Southwest Border,Land Only,EL PASO FIELD OFFICE,Cocaine,7,224.6586288798128
2024,JAN,Office of Field Operations,Southwest Border,Land Only,EL PASO FIELD OFFICE,Fentanyl,10,25.8182032254628
2024,JAN,Office of Field Operations,Southwest Border,Land Only,EL PASO FIELD OFFICE,Marijuana,49,103.3494676303486
2024,JAN,Office of Field Operations,Southwest Border,Land Only,EL PASO FIELD OFFICE,Methamphetamine,9,169.58600942845038
2024,JAN,Office of Field Operations,Southwest Border,Land Only,EL PASO FIELD OFFICE,Other Drugs**,18,5.032492054674
2024,JAN,Office of Field Operations,Southwest Border,Land Only,LAREDO FIELD OFFICE,Cocaine,17,444.3198412508358
2024,JAN,Office of Field Operations,Southwest Border,Land Only,LAREDO FIELD OFFICE,Fentanyl,1,4.5415225972
2024,JAN,Office of Field Operations,Southwest Border,Land Only,LAREDO FIELD OFFICE,Ketamine,1,0.0479946344374
2024,JAN,Office of Field Operations,Southwest Border,Land Only,LAREDO FIELD OFFICE,Marijuana,22,151.3267075952768
2024,JAN,Office of Field Operations,Southwest Border,Land Only,LAREDO FIELD OFFICE,Methamphetamine,8,222.843033967338
2024,JAN,Office of Field Operations,Southwest Border,Land Only,LAREDO FIELD OFFICE,Other Drugs**,19,311.9689598864588
2024,JAN,Office of Field Operations,Southwest Border,Land Only,SAN DIEGO FIELD OFFICE,Cocaine,19,1002.568891576912
2024,JAN,Office of Field Operations,Southwest Border,Land Only,SAN DIEGO FIELD OFFICE,Fentanyl,32,716.6276181572684
2024,JAN,Office of Field Operations,Southwest Border,Land Only,SAN DIEGO FIELD OFFICE,Heroin,2,19.8856960324
2024,JAN,Office of Field Operations,Southwest Border,Land Only,SAN DIEGO FIELD OFFICE,Marijuana,43,4.4447837566344
2024,JAN,Office of Field Operations,Southwest Border,Land Only,SAN DIEGO FIELD OFFICE,Methamphetamine,66,3865.644451932895
2024,JAN,Office of Field Operations,Southwest Border,Land Only,SAN DIEGO FIELD OFFICE,Other Drugs**,48,21.8691288649354
2024,JAN,Office of Field Operations,Southwest Border,Land Only,TUCSON FIELD OFFICE,Cocaine,6,166.49310026240002
2024,JAN,Office of Field Operations,Southwest Border,Land Only,TUCSON FIELD OFFICE,Fentanyl,18,1162.380882989402
2024,JAN,Office of Field Operations,Southwest Border,Land Only,TUCSON FIELD OFFICE,Heroin,2,9.3916923612
2024,JAN,Office of Field Operations,Southwest Border,Land Only,TUCSON FIELD OFFICE,Marijuana,8,129.1043761403912
2024,JAN,Office of Field Operations,Southwest Border,Land Only,TUCSON FIELD OFFICE,Methamphetamine,15,511.2228184207374
2024,JAN,Office of Field Operations,Southwest Border,Land Only,TUCSON FIELD OFFICE,Other Drugs**,3,0.5405734664240001
2024,JAN,Office of Field Operations,Southwest Border,Other,EL PASO FIELD OFFICE,Marijuana,2,0.1766784567668
2024,JAN,Office of Field Operations,Southwest Border,Other,LAREDO FIELD OFFICE,Cocaine,1,0.00110231131
2024,JAN,Office of Field Operations,Southwest Border,Other,LAREDO FIELD OFFICE,Marijuana,1,0.0110231131
2024,JAN,Office of Field Operations,Southwest Border,Other,SAN DIEGO FIELD OFFICE,Ketamine,1,22.487150724
2024,JAN,Office of Field Operations,Southwest Border,Other,SAN DIEGO FIELD OFFICE,Marijuana,1,0.082232423726
2024,JAN,Office of Field Operations,Southwest Border,Other,TUCSON FIELD OFFICE,Marijuana,2,0.165126234238
2024,JAN,Office of Field Operations,Southwest Border,Other,TUCSON FIELD OFFICE,Methamphetamine,1,0.000440924524
2024,JAN,U.S. Border Patrol,Coastal/Interior,Other,MIAMI SECTOR,Cocaine,2,4.7932
2024,JAN,U.S. Border Patrol,Coastal/Interior,Other,MIAMI SECTOR,Marijuana,1,12.5685
2024,JAN,U.S. Border Patrol,Northern Border,Land Only,BLAINE SECTOR,Cocaine,2,0.0356
2024,JAN,U.S. Border Patrol,Northern Border,Land Only,BLAINE SECTOR,Marijuana,1,0.0172
2024,JAN,U.S. Border Patrol,Northern Border,Land Only,BUFFALO SECTOR,Marijuana,3,0.6794000000000001
2024,JAN,U.S. Border Patrol,Northern Border,Land Only,BUFFALO SECTOR,Other Drugs**,1,0.0315
2024,JAN,U.S. Border Patrol,Northern Border,Land Only,DETROIT SECTOR,Fentanyl,1,0.6778
2024,JAN,U.S. Border Patrol,Northern Border,Land Only,DETROIT SECTOR,Marijuana,3,1.0663
2024,JAN,U.S. Border Patrol,Northern Border,Land Only,DETROIT SECTOR,Methamphetamine,1,0.9999
2024,JAN,U.S. Border Patrol,Northern Border,Land Only,DETROIT SECTOR,Other Drugs**,1,0.1871
2024,JAN,U.S. Border Patrol,Northern Border,Land Only,SPOKANE SECTOR,Fentanyl,1,0.142
2024,JAN,U.S. Border Patrol,Northern Border,Land Only,SPOKANE SECTOR,Heroin,1,0.0095
2024,JAN,U.S. Border Patrol,Northern Border,Land Only,SPOKANE SECTOR,Methamphetamine,1,0.1168
2024,JAN,U.S. Border Patrol,Northern Border,Land Only,SWANTON SECTOR,Cocaine,1,0.0333
2024,JAN,U.S. Border Patrol,Northern Border,Land Only,SWANTON SECTOR,Fentanyl,3,0.2004999999999999
2024,JAN,U.S. Border Patrol,Northern Border,Land Only,SWANTON SECTOR,Methamphetamine,2,0.183
2024,JAN,U.S. Border Patrol,Southwest Border,Land Only,BIG BEND SECTOR,Cocaine,5,134.48430000000002
2024,JAN,U.S. Border Patrol,Southwest Border,Land Only,BIG BEND SECTOR,Ecstasy,2,0.1089
2024,JAN,U.S. Border Patrol,Southwest Border,Land Only,BIG BEND SECTOR,Fentanyl,4,10.7846
2024,JAN,U.S. Border Patrol,Southwest Border,Land Only,BIG BEND SECTOR,Marijuana,58,585.3520000000001
2024,JAN,U.S. Border Patrol,Southwest Border,Land Only,BIG BEND SECTOR,Methamphetamine,3,10.0173
2024,JAN,U.S. Border Patrol,Southwest Border,Land Only,BIG BEND SECTOR,Other Drugs**,5,0.3177999999999999
2024,JAN,U.S. Border Patrol,Southwest Border,Land Only,DEL RIO SECTOR,Fentanyl,1,0.0009
2024,JAN,U.S. Border Patrol,Southwest Border,Land Only,DEL RIO SECTOR,Heroin,2,0.0026
2024,JAN,U.S. Border Patrol,Southwest Border,Land Only,DEL RIO SECTOR,Marijuana,10,0.7624
2024,JAN,U.S. Border Patrol,Southwest Border,Land Only,DEL RIO SECTOR,Methamphetamine,5,0.2942
2024,JAN,U.S. Border Patrol,Southwest Border,Land Only,DEL RIO SECTOR,Other Drugs**,3,0.3063
2024,JAN,U.S. Border Patrol,Southwest Border,Land Only,EL CENTRO SECTOR,Fentanyl,5,17.002399999999998
2024,JAN,U.S. Border Patrol,Southwest Border,Land Only,EL CENTRO SECTOR,Marijuana,3,0.0269
2024,JAN,U.S. Border Patrol,Southwest Border,Land Only,EL CENTRO SECTOR,Methamphetamine,6,210.7069
2024,JAN,U.S. Border Patrol,Southwest Border,Land Only,EL CENTRO SECTOR,Other Drugs**,3,1.8986
2024,JAN,U.S. Border Patrol,Southwest Border,Land Only,EL PASO SECTOR,Cocaine,2,10.4081
2024,JAN,U.S. Border Patrol,Southwest Border,Land Only,EL PASO SECTOR,Marijuana,3,19.2689
2024,JAN,U.S. Border Patrol,Southwest Border,Land Only,EL PASO SECTOR,Methamphetamine,1,0.0009
2024,JAN,U.S. Border Patrol,Southwest Border,Land Only,LAREDO SECTOR,Cocaine,2,0.0242
2024,JAN,U.S. Border Patrol,Southwest Border,Land Only,LAREDO SECTOR,Marijuana,11,46.8179
2024,JAN,U.S. Border Patrol,Southwest Border,Land Only,LAREDO SECTOR,Other Drugs**,3,0.0854999999999999
2024,JAN,U.S. Border Patrol,Southwest Border,Land Only,RIO GRANDE VALLEY SECTOR,Cocaine,4,200.8336
2024,JAN,U.S. Border Patrol,Southwest Border,Land Only,RIO GRANDE VALLEY SECTOR,Marijuana,33,1575.2317
2024,JAN,U.S. Border Patrol,Southwest Border,Land Only,RIO GRANDE VALLEY SECTOR,Methamphetamine,1,2.205
2024,JAN,U.S. Border Patrol,Southwest Border,Land Only,RIO GRANDE VALLEY SECTOR,Other Drugs**,6,0.9027
2024,JAN,U.S. Border Patrol,Southwest Border,Land Only,SAN DIEGO SECTOR,Cocaine,2,205.947
2024,JAN,U.S. Border Patrol,Southwest Border,Land Only,SAN DIEGO SECTOR,Fentanyl,2,45.966
2024,JAN,U.S. Border Patrol,Southwest Border,Land Only,SAN DIEGO SECTOR,Marijuana,2,7.2875
2024,JAN,U.S. Border Patrol,Southwest Border,Land Only,SAN DIEGO SECTOR,Methamphetamine,5,410.34
2024,JAN,U.S. Border Patrol,Southwest Border,Land Only,TUCSON SECTOR,Cocaine,4,7.3791
2024,JAN,U.S. Border Patrol,Southwest Border,Land Only,TUCSON SECTOR,Ecstasy,1,0.0017
2024,JAN,U.S. Border Patrol,Southwest Border,Land Only,TUCSON SECTOR,Fentanyl,6,1.9108
2024,JAN,U.S. Border Patrol,Southwest Border,Land Only,TUCSON SECTOR,Marijuana,25,161.2287
2024,JAN,U.S. Border Patrol,Southwest Border,Land Only,TUCSON SECTOR,Methamphetamine,6,0.057
2024,JAN,U.S. Border Patrol,Southwest Border,Land Only,TUCSON SECTOR,Other Drugs**,5,0.1617
2024,JAN,U.S. Border Patrol,Southwest Border,Land Only,YUMA SECTOR,Marijuana,6,0.2898
2024,JAN,U.S. Border Patrol,Southwest Border,Land Only,YUMA SECTOR,Methamphetamine,2,0.0159
2024,JUL,Office of Field Operations,Coastal/Interior,Other,ATLANTA FIELD OFFICE,Cocaine,1,5.51155655
2024,JUL,Office of Field Operations,Coastal/Interior,Other,ATLANTA FIELD OFFICE,Ecstasy,1,6.61386786e-05
2024,JUL,Office of Field Operations,Coastal/Interior,Other,ATLANTA FIELD OFFICE,Fentanyl,1,0.02094391489
2024,JUL,Office of Field Operations,Coastal/Interior,Other,ATLANTA FIELD OFFICE,Marijuana,20,84.12729686789
2024,JUL,Office of Field Operations,Coastal/Interior,Other,ATLANTA FIELD OFFICE,Other Drugs**,14,17.388740452988
2024,JUL,Office of Field Operations,Coastal/Interior,Other,BALTIMORE FIELD OFFICE,Cocaine,3,27.5467596369
2024,JUL,Office of Field Operations,Coastal/Interior,Other,BALTIMORE FIELD OFFICE,Ecstasy,4,5.688146821862
2024,JUL,Office of Field Operations,Coastal/Interior,Other,BALTIMORE FIELD OFFICE,Fentanyl,1,4.629707502
2024,JUL,Office of Field Operations,Coastal/Interior,Other,BALTIMORE FIELD OFFICE,Heroin,1,0.12566348934
2024,JUL,Office of Field Operations,Coastal/Interior,Other,BALTIMORE FIELD OFFICE,Marijuana,15,31.3939804323834
2024,JUL,Office of Field Operations,Coastal/Interior,Other,BALTIMORE FIELD OFFICE,Methamphetamine,2,11.9270083742
2024,JUL,Office of Field Operations,Coastal/Interior,Other,BALTIMORE FIELD OFFICE,Other Drugs**,31,28.8847230587518
2024,JUL,Office of Field Operations,Coastal/Interior,Other,CHICAGO FIELD OFFICE,Cocaine,45,296.497160847787
2024,JUL,Office of Field Operations,Coastal/Interior,Other,CHICAGO FIELD OFFICE,Ecstasy,34,6.4147683911878
2024,JUL,Office of Field Operations,Coastal/Interior,Other,CHICAGO FIELD OFFICE,Fentanyl,8,50.0669797002
2024,JUL,Office of Field Operations,Coastal/Interior,Other,CHICAGO FIELD OFFICE,Ketamine,42,63.227805123683
2024,JUL,Office of Field Operations,Coastal/Interior,Other,CHICAGO FIELD OFFICE,Lsd,4,0.0280868921788
2024,JUL,Office of Field Operations,Coastal/Interior,Other,CHICAGO FIELD OFFICE,Marijuana,622,3718.963920370589
2024,JUL,Office of Field Operations,Coastal/Interior,Other,CHICAGO FIELD OFFICE,Methamphetamine,36,441.605531927318
2024,JUL,Office of Field Operations,Coastal/Interior,Other,CHICAGO FIELD OFFICE,Other Drugs**,369,916.2382287239154
2024,JUL,Office of Field Operations,Coastal/Interior,Other,HOUSTON FIELD OFFICE,Marijuana,15,1.3001982363712
2024,JUL,Office of Field Operations,Coastal/Interior,Other,HOUSTON FIELD OFFICE,Other Drugs**,30,55.0746036117204
2024,JUL,Office of Field Operations,Coastal/Interior,Other,LOS ANGELES FIELD OFFICE,Ecstasy,7,0.118167772432
2024,JUL,Office of Field Operations,Coastal/Interior,Other,LOS ANGELES FIELD OFFICE,Fentanyl,1,0.01763698096
2024,JUL,Office of Field Operations,Coastal/Interior,Other,LOS ANGELES FIELD OFFICE,Heroin,2,0.029321480846
2024,JUL,Office of Field Operations,Coastal/Interior,Other,LOS ANGELES FIELD OFFICE,Ketamine,2,3.614258323228
2024,JUL,Office of Field Operations,Coastal/Interior,Other,LOS ANGELES FIELD OFFICE,Lsd,3,0.0163582998404
2024,JUL,Office of Field Operations,Coastal/Interior,Other,LOS ANGELES FIELD OFFICE,Marijuana,54,992.240895988998
2024,JUL,Office of Field Operations,Coastal/Interior,Other,LOS ANGELES FIELD OFFICE,Methamphetamine,15,109.6028135533
2024,JUL,Office of Field Operations,Coastal/Interior,Other,LOS ANGELES FIELD OFFICE,Other Drugs**,149,1403.7484128448734
2024,JUL,Office of Field Operations,Coastal/Interior,Other,MIAMI FIELD OFFICE,Cocaine,33,377.669712249222
2024,JUL,Office of Field Operations,Coastal/Interior,Other,MIAMI FIELD OFFICE,Ecstasy,10,16.17421385163
2024,JUL,Office of Field Operations,Coastal/Interior,Other,MIAMI FIELD OFFICE,Fentanyl,1,0.04188782978
2024,JUL,Office of Field Operations,Coastal/Interior,Other,MIAMI FIELD OFFICE,Heroin,1,0.00551155655
2024,JUL,Office of Field Operations,Coastal/Interior,Other,MIAMI FIELD OFFICE,Ketamine,9,187.88455354426
2024,JUL,Office of Field Operations,Coastal/Interior,Other,MIAMI FIELD OFFICE,Marijuana,145,835.8593414656804
2024,JUL,Office of Field Operations,Coastal/Interior,Other,MIAMI FIELD OFFICE,Other Drugs**,487,597.342498889
2024,JUL,Office of Field Operations,Coastal/Interior,Other,NEW ORLEANS FIELD OFFICE,Cocaine,7,170.121027245872
2024,JUL,Office of Field Operations,Coastal/Interior,Other,NEW ORLEANS FIELD OFFICE,Ecstasy,2,15.211896078
2024,JUL,Office of Field Operations,Coastal/Interior,Other,NEW ORLEANS FIELD OFFICE,Fentanyl,1,0.291671572626
2024,JUL,Office of Field Operations,Coastal/Interior,Other,NEW ORLEANS FIELD OFFICE,Ketamine,5,72.75254646
2024,JUL,Office of Field Operations,Coastal/Interior,Other,NEW ORLEANS FIELD OFFICE,Lsd,1,0.025573622392
2024,JUL,Office of Field Operations,Coastal/Interior,Other,NEW ORLEANS FIELD OFFICE,Marijuana,118,881.184133817808
2024,JUL,Office of Field Operations,Coastal/Interior,Other,NEW ORLEANS FIELD OFFICE,Methamphetamine,13,117.436278646684
2024,JUL,Office of Field Operations,Coastal/Interior,Other,NEW ORLEANS FIELD OFFICE,Other Drugs**,121,291.810022926536
2024,JUL,Office of Field Operations,Coastal/Interior,Other,NEW YORK FIELD OFFICE,Cocaine,9,75.760313100466
2024,JUL,Office of Field Operations,Coastal/Interior,Other,NEW YORK FIELD OFFICE,Ecstasy,28,19.875554768348
2024,JUL,Office of Field Operations,Coastal/Interior,Other,NEW YORK FIELD OFFICE,Fentanyl,2,0.020723452628
2024,JUL,Office of Field Operations,Coastal/Interior,Other,NEW YORK FIELD OFFICE,Heroin,5,0.0390218203739999
2024,JUL,Office of Field Operations,Coastal/Interior,Other,NEW YORK FIELD OFFICE,Ketamine,13,106.113777794888
2024,JUL,Office of Field Operations,Coastal/Interior,Other,NEW YORK FIELD OFFICE,Khat (Catha Edulis),5,5024.33495098
2024,JUL,Office of Field Operations,Coastal/Interior,Other,NEW YORK FIELD OFFICE,Lsd,5,0.015652820602
2024,JUL,Office of Field Operations,Coastal/Interior,Other,NEW YORK FIELD OFFICE,Marijuana,494,1043.9047058990902
2024,JUL,Office of Field Operations,Coastal/Interior,Other,NEW YORK FIELD OFFICE,Methamphetamine,7,0.142639083514
2024,JUL,Office of Field Operations,Coastal/Interior,Other,NEW YORK FIELD OFFICE,Other Drugs**,430,1057.1195004843107
2024,JUL,Office of Field Operations,Coastal/Interior,Other,PRECLEARANCE FIELD OFFICE,Cocaine,1,0.00440924524
2024,JUL,Office of Field Operations,Coastal/Interior,Other,PRECLEARANCE FIELD OFFICE,Ecstasy,5,0.011684499886
2024,JUL,Office of Field Operations,Coastal/Interior,Other,PRECLEARANCE FIELD OFFICE,Fentanyl,2,0.02535316013
2024,JUL,Office of Field Operations,Coastal/Interior,Other,PRECLEARANCE FIELD OFFICE,Ketamine,2,0.040344593946
2024,JUL,Office of Field Operations,Coastal/Interior,Other,PRECLEARANCE FIELD OFFICE,Lsd,2,0.000881849048
2024,JUL,Office of Field Operations,Coastal/Interior,Other,PRECLEARANCE FIELD OFFICE,Marijuana,54,4.779732071291
2024,JUL,Office of Field Operations,Coastal/Interior,Other,PRECLEARANCE FIELD OFFICE,Methamphetamine,1,0.005732018812
2024,JUL,Office of Field Operations,Coastal/Interior,Other,PRECLEARANCE FIELD OFFICE,Other Drugs**,18,21.36058856518
2024,JUL,Office of Field Operations,Coastal/Interior,Other,SAN FRANCISCO FIELD OFFICE,Cocaine,6,14.415586387656
2024,JUL,Office of Field Operations,Coastal/Interior,Other,SAN FRANCISCO FIELD OFFICE,Lsd,2,0.095680621708
2024,JUL,Office of Field Operations,Coastal/Interior,Other,SAN FRANCISCO FIELD OFFICE,Marijuana,27,1073.0692176145462
2024,JUL,Office of Field Operations,Coastal/Interior,Other,SAN FRANCISCO FIELD OFFICE,Methamphetamine,24,139.107498539022
2024,JUL,Office of Field Operations,Coastal/Interior,Other,SAN FRANCISCO FIELD OFFICE,Other Drugs**,16,90.264525317446
2024,JUL,Office of Field Operations,Coastal/Interior,Other,SAN JUAN FIELD OFFICE,Cocaine,18,48.021530833364
2024,JUL,Office of Field Operations,Coastal/Interior,Other,SAN JUAN FIELD OFFICE,Marijuana,81,236.9892595632824
2024,JUL,Office of Field Operations,Coastal/Interior,Other,SAN JUAN FIELD OFFICE,Other Drugs**,6,50.039201455188
2024,JUL,Office of Field Operations,Coastal/Interior,Other,TAMPA FIELD OFFICE,Cocaine,3,0.7555241718740001
2024,JUL,Office of Field Operations,Coastal/Interior,Other,TAMPA FIELD OFFICE,Fentanyl,2,0.41667367518
2024,JUL,Office of Field Operations,Coastal/Interior,Other,TAMPA FIELD OFFICE,Marijuana,5,2.5066118264876
2024,JUL,Office of Field Operations,Coastal/Interior,Other,TAMPA FIELD OFFICE,Methamphetamine,2,2.82853082146
2024,JUL,Office of Field Operations,Coastal/Interior,Other,TAMPA FIELD OFFICE,Other Drugs**,3,0.864542760433
2024,JUL,Office of Field Operations,Northern Border,Land Only,BOSTON FIELD OFFICE,Cocaine,1,0.010361726314
2024,JUL,Office of Field Operations,Northern Border,Land Only,BOSTON FIELD OFFICE,Ecstasy,1,0.0037919509064
2024,JUL,Office of Field Operations,Northern Border,Land Only,BOSTON FIELD OFFICE,Marijuana,57,8.5807439766592
2024,JUL,Office of Field Operations,Northern Border,Land Only,BOSTON FIELD OFFICE,Methamphetamine,2,0.003968320716
2024,JUL,Office of Field Operations,Northern Border,Land Only,BOSTON FIELD OFFICE,Other Drugs**,3,0.0905658972296
2024,JUL,Office of Field Operations,Northern Border,Land Only,BUFFALO FIELD OFFICE,Cocaine,2,0.0222446422358
2024,JUL,Office of Field Operations,Northern Border,Land Only,BUFFALO FIELD OFFICE,Ecstasy,4,0.070768386102
2024,JUL,Office of Field Operations,Northern Border,Land Only,BUFFALO FIELD OFFICE,Marijuana,71,18.8737301573676
2024,JUL,Office of Field Operations,Northern Border,Land Only,BUFFALO FIELD OFFICE,Methamphetamine,1,0.000220462262
2024,JUL,Office of Field Operations,Northern Border,Land Only,BUFFALO FIELD OFFICE,Other Drugs**,10,0.729289162696
2024,JUL,Office of Field Operations,Northern Border,Land Only,DETROIT FIELD OFFICE,Cocaine,3,201.8141088291108
2024,JUL,Office of Field Operations,Northern Border,Land Only,DETROIT FIELD OFFICE,Khat (Catha Edulis),1,0.6957348064196
2024,JUL,Office of Field Operations,Northern Border,Land Only,DETROIT FIELD OFFICE,Marijuana,156,26.062607689116
2024,JUL,Office of Field Operations,Northern Border,Land Only,DETROIT FIELD OFFICE,Methamphetamine,2,0.0282412157621999
2024,JUL,Office of Field Operations,Northern Border,Land Only,DETROIT FIELD OFFICE,Other Drugs**,88,12.0155019261668
2024,JUL,Office of Field Operations,Northern Border,Land Only,PORTLAND FIELD OFFICE,Cocaine,1,0.000440924524
2024,JUL,Office of Field Operations,Northern Border,Land Only,PORTLAND FIELD OFFICE,Marijuana,1,0.00220462262
2024,JUL,Office of Field Operations,Northern Border,Land Only,SEATTLE FIELD OFFICE,Cocaine,33,256.2721235864696
2024,JUL,Office of Field Operations,Northern Border,Land Only,SEATTLE FIELD OFFICE,Ecstasy,7,0.0669984814218
2024,JUL,Office of Field Operations,Northern Border,Land Only,SEATTLE FIELD OFFICE,Ketamine,2,0.0885155981929999
2024,JUL,Office of Field Operations,Northern Border,Land Only,SEATTLE FIELD OFFICE,Lsd,1,0.013448197982
2024,JUL,Office of Field Operations,Northern Border,Land Only,SEATTLE FIELD OFFICE,Marijuana,142,11.7539234523038
2024,JUL,Office of Field Operations,Northern Border,Land Only,SEATTLE FIELD OFFICE,Methamphetamine,2,0.125883951602
2024,JUL,Office of Field Operations,Northern Border,Land Only,SEATTLE FIELD OFFICE,Other Drugs**,33,3.1194528223952
2024,JUL,Office of Field Operations,Northern Border,Other,BOSTON FIELD OFFICE,Marijuana,3,0.17196056436
2024,JUL,Office of Field Operations,Northern Border,Other,BOSTON FIELD OFFICE,Other Drugs**,13,5.067766016594
2024,JUL,Office of Field Operations,Northern Border,Other,BUFFALO FIELD OFFICE,Ecstasy,4,2.252462930854
2024,JUL,Office of Field Operations,Northern Border,Other,BUFFALO FIELD OFFICE,Marijuana,4,6.423608927894
2024,JUL,Office of Field Operations,Northern Border,Other,BUFFALO FIELD OFFICE,Other Drugs**,6,0.740973662582
2024,JUL,Office of Field Operations,Northern Border,Other,DETROIT FIELD OFFICE,Ketamine,1,0.2851017972184
2024,JUL,Office of Field Operations,Northern Border,Other,DETROIT FIELD OFFICE,Lsd,3,0.8008291667149999
2024,JUL,Office of Field Operations,Northern Border,Other,DETROIT FIELD OFFICE,Marijuana,14,22.1791869902122
2024,JUL,Office of Field Operations,Northern Border,Other,DETROIT FIELD OFFICE,Other Drugs**,16,1.6204196719262
2024,JUL,Office of Field Operations,Northern Border,Other,PORTLAND FIELD OFFICE,Marijuana,2,0.20723452628
2024,JUL,Office of Field Operations,Northern Border,Other,PORTLAND FIELD OFFICE,Other Drugs**,5,10.0876696761078
2024,JUL,Office of Field Operations,Northern Border,Other,SEATTLE FIELD OFFICE,Cocaine,2,0.000881849048
2024,JUL,Office of Field Operations,Northern Border,Other,SEATTLE FIELD OFFICE,Ecstasy,5,0.017747212091
2024,JUL,Office of Field Operations,Northern Border,Other,SEATTLE FIELD OFFICE,Ketamine,2,12.2878830508678
2024,JUL,Office of Field Operations,Northern Border,Other,SEATTLE FIELD OFFICE,Lsd,1,0.000661386786
2024,JUL,Office of Field Operations,Northern Border,Other,SEATTLE FIELD OFFICE,Marijuana,15,3.6965568856326
2024,JUL,Office of Field Operations,Northern Border,Other,SEATTLE FIELD OFFICE,Methamphetamine,4,1.8929551202106
2024,JUL,Office of Field Operations,Northern Border,Other,SEATTLE FIELD OFFICE,Other Drugs**,11,3.2061385838136003
2024,JUL,Office of Field Operations,Southwest Border,Land Only,EL PASO FIELD OFFICE,Cocaine,17,252.780706835628
2024,JUL,Office of Field Operations,Southwest Border,Land Only,EL PASO FIELD OFFICE,Fentanyl,4,44.207533700764
2024,JUL,Office of Field Operations,Southwest Border,Land Only,EL PASO FIELD OFFICE,Heroin,2,43.892382897235
2024,JUL,Office of Field Operations,Southwest Border,Land Only,EL PASO FIELD OFFICE,Lsd,1,0.0914477462776
2024,JUL,Office of Field Operations,Southwest Border,Land Only,EL PASO FIELD OFFICE,Marijuana,57,0.201833200861
2024,JUL,Office of Field Operations,Southwest Border,Land Only,EL PASO FIELD OFFICE,Methamphetamine,8,508.155372645948
2024,JUL,Office of Field Operations,Southwest Border,Land Only,EL PASO FIELD OFFICE,Other Drugs**,19,17.8532764852482
2024,JUL,Office of Field Operations,Southwest Border,Land Only,LAREDO FIELD OFFICE,Cocaine,9,32.63392633255
2024,JUL,Office of Field Operations,Southwest Border,Land Only,LAREDO FIELD OFFICE,Fentanyl,1,8.7964442538
2024,JUL,Office of Field Operations,Southwest Border,Land Only,LAREDO FIELD OFFICE,Heroin,2,2.8283103591980003
2024,JUL,Office of Field Operations,Southwest Border,Land Only,LAREDO FIELD OFFICE,Marijuana,15,460.9841206646656
2024,JUL,Office of Field Operations,Southwest Border,Land Only,LAREDO FIELD OFFICE,Methamphetamine,5,32.8158076987
2024,JUL,Office of Field Operations,Southwest Border,Land Only,LAREDO FIELD OFFICE,Other Drugs**,19,4.7777699571592
2024,JUL,Office of Field Operations,Southwest Border,Land Only,SAN DIEGO FIELD OFFICE,Cocaine,13,452.387018388166
2024,JUL,Office of Field Operations,Southwest Border,Land Only,SAN DIEGO FIELD OFFICE,Fentanyl,21,488.100582058594
2024,JUL,Office of Field Operations,Southwest Border,Land Only,SAN DIEGO FIELD OFFICE,Heroin,9,69.5158958991256
2024,JUL,Office of Field Operations,Southwest Border,Land Only,SAN DIEGO FIELD OFFICE,Marijuana,30,5.1671063118512
2024,JUL,Office of Field Operations,Southwest Border,Land Only,SAN DIEGO FIELD OFFICE,Methamphetamine,66,5786.434960973805
2024,JUL,Office of Field Operations,Southwest Border,Land Only,SAN DIEGO FIELD OFFICE,Other Drugs**,52,17.507569612206
2024,JUL,Office of Field Operations,Southwest Border,Land Only,TUCSON FIELD OFFICE,Cocaine,10,112.06207008591
2024,JUL,Office of Field Operations,Southwest Border,Land Only,TUCSON FIELD OFFICE,Fentanyl,15,1911.589670859924
2024,JUL,Office of Field Operations,Southwest Border,Land Only,TUCSON FIELD OFFICE,Heroin,3,8.466412247586
2024,JUL,Office of Field Operations,Southwest Border,Land Only,TUCSON FIELD OFFICE,Lsd,1,0.002425084882
2024,JUL,Office of Field Operations,Southwest Border,Land Only,TUCSON FIELD OFFICE,Marijuana,22,0.271499275653
2024,JUL,Office of Field Operations,Southwest Border,Land Only,TUCSON FIELD OFFICE,Methamphetamine,18,1860.2379473279188
2024,JUL,Office of Field Operations,Southwest Border,Land Only,TUCSON FIELD OFFICE,Other Drugs**,2,4.276086033752
2024,JUL,Office of Field Operations,Southwest Border,Other,EL PASO FIELD OFFICE,Marijuana,1,0.005952481074
2024,JUL,Office of Field Operations,Southwest Border,Other,EL PASO FIELD OFFICE,Other Drugs**,1,0.486560212234
2024,JUL,Office of Field Operations,Southwest Border,Other,LAREDO FIELD OFFICE,Marijuana,1,0.000440924524
2024,JUL,Office of Field Operations,Southwest Border,Other,LAREDO FIELD OFFICE,Other Drugs**,1,2.1240657094652
2024,JUL,Office of Field Operations,Southwest Border,Other,SAN DIEGO FIELD OFFICE,Cocaine,1,148.2829174212
2024,JUL,Office of Field Operations,Southwest Border,Other,SAN DIEGO FIELD OFFICE,Marijuana,2,1.235029591724
2024,JUL,Office of Field Operations,Southwest Border,Other,SAN DIEGO FIELD OFFICE,Methamphetamine,1,12.0813319576
2024,JUL,Office of Field Operations,Southwest Border,Other,TUCSON FIELD OFFICE,Fentanyl,1,9.259415004
2024,JUL,Office of Field Operations,Southwest Border,Other,TUCSON FIELD OFFICE,Marijuana,1,0.0306222081918
2024,JUL,Office of Field Operations,Southwest Border,Other,TUCSON FIELD OFFICE,Other Drugs**,5,1.506639098508
2024,JUL,U.S. Border Patrol,Coastal/Interior,Other,MIAMI SECTOR,Cocaine,11,232.2928
2024,JUL,U.S. Border Patrol,Coastal/Interior,Other,MIAMI SECTOR,Marijuana,2,14.7779
2024,JUL,U.S. Border Patrol,Coastal/Interior,Other,NEW ORLEANS SECTOR,Cocaine,1,23.5935
2024,JUL,U.S. Border Patrol,Northern Border,Land Only,BLAINE SECTOR,Fentanyl,1,0.0013
2024,JUL,U.S. Border Patrol,Northern Border,Land Only,BLAINE SECTOR,Marijuana,1,0.0157
2024,JUL,U.S. Border Patrol,Northern Border,Land Only,BLAINE SECTOR,Methamphetamine,1,0.0075
2024,JUL,U.S. Border Patrol,Northern Border,Land Only,DETROIT SECTOR,Marijuana,14,98.2959
2024,JUL,U.S. Border Patrol,Northern Border,Land Only,DETROIT SECTOR,Methamphetamine,1,16.0083
2024,JUL,U.S. Border Patrol,Northern Border,Land Only,HAVRE SECTOR,Fentanyl,1,2.0944
2024,JUL,U.S. Border Patrol,Northern Border,Land Only,HAVRE SECTOR,Methamphetamine,2,0.6173
2024,JUL,U.S. Border Patrol,Northern Border,Land Only,HOULTON SECTOR,Marijuana,1,0.0
2024,JUL,U.S. Border Patrol,Northern Border,Land Only,SPOKANE SECTOR,Cocaine,4,2.2875
2024,JUL,U.S. Border Patrol,Northern Border,Land Only,SPOKANE SECTOR,Ecstasy,1,0.005
2024,JUL,U.S. Border Patrol,Northern Border,Land Only,SPOKANE SECTOR,Fentanyl,7,14.8306
2024,JUL,U.S. Border Patrol,Northern Border,Land Only,SPOKANE SECTOR,Marijuana,6,2.4741
2024,JUL,U.S. Border Patrol,Northern Border,Land Only,SPOKANE SECTOR,Methamphetamine,8,2.7136
2024,JUL,U.S. Border Patrol,Northern Border,Land Only,SPOKANE SECTOR,Other Drugs**,8,0.7915
2024,JUL,U.S. Border Patrol,Northern Border,Land Only,SWANTON SECTOR,Fentanyl,1,0.0132
2024,JUL,U.S. Border Patrol,Northern Border,Land Only,SWANTON SECTOR,Heroin,1,0.0011
2024,JUL,U.S. Border Patrol,Northern Border,Land Only,SWANTON SECTOR,Methamphetamine,3,0.0029
2024,JUL,U.S. Border Patrol,Southwest Border,Land Only,BIG BEND SECTOR,Cocaine,3,0.1191
2024,JUL,U.S. Border Patrol,Southwest Border,Land Only,BIG BEND SECTOR,Fentanyl,2,0.0141
2024,JUL,U.S. Border Patrol,Southwest Border,Land Only,BIG BEND SECTOR,Marijuana,79,1214.4037
2024,JUL,U.S. Border Patrol,Southwest Border,Land Only,BIG BEND SECTOR,Methamphetamine,6,0.085
2024,JUL,U.S. Border Patrol,Southwest Border,Land Only,BIG BEND SECTOR,Other Drugs**,9,1.7646000000000002
2024,JUL,U.S. Border Patrol,Southwest Border,Land Only,DEL RIO SECTOR,Cocaine,1,0.0
2024,JUL,U.S. Border Patrol,Southwest Border,Land Only,DEL RIO SECTOR,Marijuana,9,0.6792
2024,JUL,U.S. Border Patrol,Southwest Border,Land Only,EL CENTRO SECTOR,Cocaine,4,242.573
2024,JUL,U.S. Border Patrol,Southwest Border,Land Only,EL CENTRO SECTOR,Fentanyl,20,0.1492
2024,JUL,U.S. Border Patrol,Southwest Border,Land Only,EL CENTRO SECTOR,Marijuana,6,1.5287
2024,JUL,U.S. Border Patrol,Southwest Border,Land Only,EL CENTRO SECTOR,Methamphetamine,17,515.0183
2024,JUL,U.S. Border Patrol,Southwest Border,Land Only,EL CENTRO SECTOR,Other Drugs**,1,0.1565
2024,JUL,U.S. Border Patrol,Southwest Border,Land Only,EL PASO SECTOR,Cocaine,2,4.851
2024,JUL,U.S. Border Patrol,Southwest Border,Land Only,EL PASO SECTOR,Fentanyl,2,0.0322
2024,JUL,U.S. Border Patrol,Southwest Border,Land Only,EL PASO SECTOR,Marijuana,12,810.9953
2024,JUL,U.S. Border Patrol,Southwest Border,Land Only,EL PASO SECTOR,Methamphetamine,6,92.6006
2024,JUL,U.S. Border Patrol,Southwest Border,Land Only,EL PASO SECTOR,Other Drugs**,6,56.9957
2024,JUL,U.S. Border Patrol,Southwest Border,Land Only,LAREDO SECTOR,Cocaine,2,0.0749
2024,JUL,U.S. Border Patrol,Southwest Border,Land Only,LAREDO SECTOR,Fentanyl,2,0.947
2024,JUL,U.S. Border Patrol,Southwest Border,Land Only,LAREDO SECTOR,Marijuana,16,294.9833
2024,JUL,U.S. Border Patrol,Southwest Border,Land Only,LAREDO SECTOR,Other Drugs**,2,0.0882
2024,JUL,U.S. Border Patrol,Southwest Border,Land Only,RIO GRANDE VALLEY SECTOR,Cocaine,8,26.866600000000005
2024,JUL,U.S. Border Patrol,Southwest Border,Land Only,RIO GRANDE VALLEY SECTOR,Ecstasy,1,0.015
2024,JUL,U.S. Border Patrol,Southwest Border,Land Only,RIO GRANDE VALLEY SECTOR,Marijuana,47,1747.0738
2024,JUL,U.S. Border Patrol,Southwest Border,Land Only,RIO GRANDE VALLEY SECTOR,Methamphetamine,5,0.1349
2024,JUL,U.S. Border Patrol,Southwest Border,Land Only,RIO GRANDE VALLEY SECTOR,Other Drugs**,6,0.2542
2024,JUL,U.S. Border Patrol,Southwest Border,Land Only,SAN DIEGO SECTOR,Cocaine,5,68.9321
2024,JUL,U.S. Border Patrol,Southwest Border,Land Only,SAN DIEGO SECTOR,Fentanyl,1,0.0044
2024,JUL,U.S. Border Patrol,Southwest Border,Land Only,SAN DIEGO SECTOR,Marijuana,6,0.1586
2024,JUL,U.S. Border Patrol,Southwest Border,Land Only,SAN DIEGO SECTOR,Methamphetamine,9,156.79870000000005
2024,JUL,U.S. Border Patrol,Southwest Border,Land Only,SAN DIEGO SECTOR,Other Drugs**,2,4.6113
2024,JUL,U.S. Border Patrol,Southwest Border,Land Only,TUCSON SECTOR,Cocaine,5,33.3394
2024,JUL,U.S. Border Patrol,Southwest Border,Land Only,TUCSON SECTOR,Fentanyl,11,269.044
2024,JUL,U.S. Border Patrol,Southwest Border,Land Only,TUCSON SECTOR,Marijuana,20,0.2637
2024,JUL,U.S. Border Patrol,Southwest Border,Land Only,TUCSON SECTOR,Methamphetamine,11,151.47199999999998
2024,JUL,U.S. Border Patrol,Southwest Border,Land Only,TUCSON SECTOR,Other Drugs**,1,0.0132
2024,JUL,U.S. Border Patrol,Southwest Border,Land Only,YUMA SECTOR,Cocaine,1,88.5969
2024,JUL,U.S. Border Patrol,Southwest Border,Land Only,YUMA SECTOR,Marijuana,1,0.0037
2024,JUL,U.S. Border Patrol,Southwest Border,Land Only,YUMA SECTOR,Methamphetamine,2,0.0445
2024,JUN,Office of Field Operations,Coastal/Interior,Other,ATLANTA FIELD OFFICE,Marijuana,5,7.519747294558
2024,JUN,Office of Field Operations,Coastal/Interior,Other,ATLANTA FIELD OFFICE,Other Drugs**,25,8.024385412276
2024,JUN,Office of Field Operations,Coastal/Interior,Other,BALTIMORE FIELD OFFICE,Cocaine,5,24.16156160389
2024,JUN,Office of Field Operations,Coastal/Interior,Other,BALTIMORE FIELD OFFICE,Ecstasy,2,5.5556490024
2024,JUN,Office of Field Operations,Coastal/Interior,Other,BALTIMORE FIELD OFFICE,Heroin,1,0.07054792384
2024,JUN,Office of Field Operations,Coastal/Interior,Other,BALTIMORE FIELD OFFICE,Ketamine,2,0.76941329438
2024,JUN,Office of Field Operations,Coastal/Interior,Other,BALTIMORE FIELD OFFICE,Marijuana,18,83.68857696651
2024,JUN,Office of Field Operations,Coastal/Interior,Other,BALTIMORE FIELD OFFICE,Other Drugs**,40,59.120482951492
2024,JUN,Office of Field Operations,Coastal/Interior,Other,CHICAGO FIELD OFFICE,Cocaine,17,183.1931827475786
2024,JUN,Office of Field Operations,Coastal/Interior,Other,CHICAGO FIELD OFFICE,Ecstasy,39,6.0214196233274
2024,JUN,Office of Field Operations,Coastal/Interior,Other,CHICAGO FIELD OFFICE,Fentanyl,7,23.39435293213
2024,JUN,Office of Field Operations,Coastal/Interior,Other,CHICAGO FIELD OFFICE,Heroin,6,0.0368833364326
2024,JUN,Office of Field Operations,Coastal/Interior,Other,CHICAGO FIELD OFFICE,Ketamine,19,72.7611665344442
2024,JUN,Office of Field Operations,Coastal/Interior,Other,CHICAGO FIELD OFFICE,Khat (Catha Edulis),4,126.6776157452
2024,JUN,Office of Field Operations,Coastal/Interior,Other,CHICAGO FIELD OFFICE,Lsd,4,0.007054792384
2024,JUN,Office of Field Operations,Coastal/Interior,Other,CHICAGO FIELD OFFICE,Marijuana,471,4481.270569642567
2024,JUN,Office of Field Operations,Coastal/Interior,Other,CHICAGO FIELD OFFICE,Methamphetamine,27,220.6092662363016
2024,JUN,Office of Field Operations,Coastal/Interior,Other,CHICAGO FIELD OFFICE,Other Drugs**,482,1424.2891463501278
2024,JUN,Office of Field Operations,Coastal/Interior,Other,HOUSTON FIELD OFFICE,Marijuana,21,1982.5536731269965
2024,JUN,Office of Field Operations,Coastal/Interior,Other,HOUSTON FIELD OFFICE,Methamphetamine,1,161.157913522
2024,JUN,Office of Field Operations,Coastal/Interior,Other,HOUSTON FIELD OFFICE,Other Drugs**,27,66.871054234364
2024,JUN,Office of Field Operations,Coastal/Interior,Other,LOS ANGELES FIELD OFFICE,Cocaine,1,1.127223545606
2024,JUN,Office of Field Operations,Coastal/Interior,Other,LOS ANGELES FIELD OFFICE,Ecstasy,7,0.300490063106
2024,JUN,Office of Field Operations,Coastal/Interior,Other,LOS ANGELES FIELD OFFICE,Ketamine,3,7.283852674218
2024,JUN,Office of Field Operations,Coastal/Interior,Other,LOS ANGELES FIELD OFFICE,Khat (Catha Edulis),3,79.586876582
2024,JUN,Office of Field Operations,Coastal/Interior,Other,LOS ANGELES FIELD OFFICE,Lsd,6,0.02425084882
2024,JUN,Office of Field Operations,Coastal/Interior,Other,LOS ANGELES FIELD OFFICE,Marijuana,43,751.213252802852
2024,JUN,Office of Field Operations,Coastal/Interior,Other,LOS ANGELES FIELD OFFICE,Methamphetamine,13,121.571930219542
2024,JUN,Office of Field Operations,Coastal/Interior,Other,LOS ANGELES FIELD OFFICE,Other Drugs**,165,379.38799511925
2024,JUN,Office of Field Operations,Coastal/Interior,Other,MIAMI FIELD OFFICE,Cocaine,18,74.5517169339558
2024,JUN,Office of Field Operations,Coastal/Interior,Other,MIAMI FIELD OFFICE,Ecstasy,14,5.704020104726
2024,JUN,Office of Field Operations,Coastal/Interior,Other,MIAMI FIELD OFFICE,Fentanyl,2,0.14550509292
2024,JUN,Office of Field Operations,Coastal/Interior,Other,MIAMI FIELD OFFICE,Ketamine,13,418.09455445859
2024,JUN,Office of Field Operations,Coastal/Interior,Other,MIAMI FIELD OFFICE,Lsd,1,0.03086471668
2024,JUN,Office of Field Operations,Coastal/Interior,Other,MIAMI FIELD OFFICE,Marijuana,65,154.7646842938096
2024,JUN,Office of Field Operations,Coastal/Interior,Other,MIAMI FIELD OFFICE,Methamphetamine,4,0.6249884665438
2024,JUN,Office of Field Operations,Coastal/Interior,Other,MIAMI FIELD OFFICE,Other Drugs**,430,532.512484276232
2024,JUN,Office of Field Operations,Coastal/Interior,Other,NEW ORLEANS FIELD OFFICE,Cocaine,12,32.188151638786
2024,JUN,Office of Field Operations,Coastal/Interior,Other,NEW ORLEANS FIELD OFFICE,Ketamine,5,34.281881741
2024,JUN,Office of Field Operations,Coastal/Interior,Other,NEW ORLEANS FIELD OFFICE,Lsd,1,0.025573622392
2024,JUN,Office of Field Operations,Coastal/Interior,Other,NEW ORLEANS FIELD OFFICE,Marijuana,240,1563.45001880278
2024,JUN,Office of Field Operations,Coastal/Interior,Other,NEW ORLEANS FIELD OFFICE,Methamphetamine,15,136.564466346852
2024,JUN,Office of Field Operations,Coastal/Interior,Other,NEW ORLEANS FIELD OFFICE,Other Drugs**,97,344.520345148116
2024,JUN,Office of Field Operations,Coastal/Interior,Other,NEW YORK FIELD OFFICE,Cocaine,11,26.962755104862
2024,JUN,Office of Field Operations,Coastal/Interior,Other,NEW YORK FIELD OFFICE,Ecstasy,27,2.3967113888806
2024,JUN,Office of Field Operations,Coastal/Interior,Other,NEW YORK FIELD OFFICE,Fentanyl,1,0.06062712205
2024,JUN,Office of Field Operations,Coastal/Interior,Other,NEW YORK FIELD OFFICE,Heroin,4,11.813690771532
2024,JUN,Office of Field Operations,Coastal/Interior,Other,NEW YORK FIELD OFFICE,Ketamine,16,14.39949264253
2024,JUN,Office of Field Operations,Coastal/Interior,Other,NEW YORK FIELD OFFICE,Khat (Catha Edulis),1,1212.542441
2024,JUN,Office of Field Operations,Coastal/Interior,Other,NEW YORK FIELD OFFICE,Lsd,3,0.007495716908
2024,JUN,Office of Field Operations,Coastal/Interior,Other,NEW YORK FIELD OFFICE,Marijuana,288,738.6856390882854
2024,JUN,Office of Field Operations,Coastal/Interior,Other,NEW YORK FIELD OFFICE,Methamphetamine,4,13.783962007026
2024,JUN,Office of Field Operations,Coastal/Interior,Other,NEW YORK FIELD OFFICE,Other Drugs**,583,880.0005160255824
2024,JUN,Office of Field Operations,Coastal/Interior,Other,PRECLEARANCE FIELD OFFICE,Ketamine,2,0.310190402634
2024,JUN,Office of Field Operations,Coastal/Interior,Other,PRECLEARANCE FIELD OFFICE,Lsd,1,0.0220462262
2024,JUN,Office of Field Operations,Coastal/Interior,Other,PRECLEARANCE FIELD OFFICE,Marijuana,54,6.5121686185394
2024,JUN,Office of Field Operations,Coastal/Interior,Other,PRECLEARANCE FIELD OFFICE,Other Drugs**,14,0.5783606981308
2024,JUN,Office of Field Operations,Coastal/Interior,Other,SAN FRANCISCO FIELD OFFICE,Cocaine,6,4.346854419854
2024,JUN,Office of Field Operations,Coastal/Interior,Other,SAN FRANCISCO FIELD OFFICE,Marijuana,30,248.105584107656
2024,JUN,Office of Field Operations,Coastal/Interior,Other,SAN FRANCISCO FIELD OFFICE,Methamphetamine,17,80.495842488226
2024,JUN,Office of Field Operations,Coastal/Interior,Other,SAN FRANCISCO FIELD OFFICE,Other Drugs**,11,11.034577137624
2024,JUN,Office of Field Operations,Coastal/Interior,Other,SAN JUAN FIELD OFFICE,Cocaine,8,1025.615134597344
2024,JUN,Office of Field Operations,Coastal/Interior,Other,SAN JUAN FIELD OFFICE,Ecstasy,1,0.003086471668
2024,JUN,Office of Field Operations,Coastal/Interior,Other,SAN JUAN FIELD OFFICE,Marijuana,59,129.6834643639866
2024,JUN,Office of Field Operations,Coastal/Interior,Other,SAN JUAN FIELD OFFICE,Other Drugs**,3,3.800989859142
2024,JUN,Office of Field Operations,Coastal/Interior,Other,TAMPA FIELD OFFICE,Fentanyl,1,0.00440924524
2024,JUN,Office of Field Operations,Coastal/Interior,Other,TAMPA FIELD OFFICE,Lsd,1,0.001763698096
2024,JUN,Office of Field Operations,Coastal/Interior,Other,TAMPA FIELD OFFICE,Marijuana,6,0.180117668054
2024,JUN,Office of Field Operations,Coastal/Interior,Other,TAMPA FIELD OFFICE,Other Drugs**,5,6.308307164867999
2024,JUN,Office of Field Operations,Northern Border,Land Only,BOSTON FIELD OFFICE,Cocaine,1,0.01763698096
2024,JUN,Office of Field Operations,Northern Border,Land Only,BOSTON FIELD OFFICE,Fentanyl,1,0.0771617917
2024,JUN,Office of Field Operations,Northern Border,Land Only,BOSTON FIELD OFFICE,Ketamine,1,0.027778245012
2024,JUN,Office of Field Operations,Northern Border,Land Only,BOSTON FIELD OFFICE,Marijuana,34,1.557014725375
2024,JUN,Office of Field Operations,Northern Border,Land Only,BOSTON FIELD OFFICE,Other Drugs**,5,0.159394215426
2024,JUN,Office of Field Operations,Northern Border,Land Only,BUFFALO FIELD OFFICE,Cocaine,3,0.003968320716
2024,JUN,Office of Field Operations,Northern Border,Land Only,BUFFALO FIELD OFFICE,Ketamine,1,0.561296919052
2024,JUN,Office of Field Operations,Northern Border,Land Only,BUFFALO FIELD OFFICE,Marijuana,77,30.729573313394
2024,JUN,Office of Field Operations,Northern Border,Land Only,BUFFALO FIELD OFFICE,Methamphetamine,2,0.013007273458
2024,JUN,Office of Field Operations,Northern Border,Land Only,BUFFALO FIELD OFFICE,Other Drugs**,9,1.061966716054
2024,JUN,Office of Field Operations,Northern Border,Land Only,DETROIT FIELD OFFICE,Cocaine,3,0.029872636501
2024,JUN,Office of Field Operations,Northern Border,Land Only,DETROIT FIELD OFFICE,Ecstasy,2,0.0094357848135999
2024,JUN,Office of Field Operations,Northern Border,Land Only,DETROIT FIELD OFFICE,Heroin,1,67.2630361362
2024,JUN,Office of Field Operations,Northern Border,Land Only,DETROIT FIELD OFFICE,Ketamine,1,0.0031746565728
2024,JUN,Office of Field Operations,Northern Border,Land Only,DETROIT FIELD OFFICE,Marijuana,178,31.6935004615366
2024,JUN,Office of Field Operations,Northern Border,Land Only,DETROIT FIELD OFFICE,Methamphetamine,2,0.0092373687778
2024,JUN,Office of Field Operations,Northern Border,Land Only,DETROIT FIELD OFFICE,Other Drugs**,95,24.5445927378888
2024,JUN,Office of Field Operations,Northern Border,Land Only,SEATTLE FIELD OFFICE,Cocaine,4,0.005291094288
2024,JUN,Office of Field Operations,Northern Border,Land Only,SEATTLE FIELD OFFICE,Marijuana,85,7.3142985126002
2024,JUN,Office of Field Operations,Northern Border,Land Only,SEATTLE FIELD OFFICE,Other Drugs**,9,0.3433920192912
2024,JUN,Office of Field Operations,Northern Border,Other,BOSTON FIELD OFFICE,Fentanyl,1,0.00661386786
2024,JUN,Office of Field Operations,Northern Border,Other,BOSTON FIELD OFFICE,Marijuana,2,0.054454178714
2024,JUN,Office of Field Operations,Northern Border,Other,BOSTON FIELD OFFICE,Other Drugs**,5,1.336221769982
2024,JUN,Office of Field Operations,Northern Border,Other,BUFFALO FIELD OFFICE,Cocaine,1,0.000661386786
2024,JUN,Office of Field Operations,Northern Border,Other,BUFFALO FIELD OFFICE,Ecstasy,1,0.038360433588
2024,JUN,Office of Field Operations,Northern Border,Other,BUFFALO FIELD OFFICE,Marijuana,1,3.5714886444
2024,JUN,Office of Field Operations,Northern Border,Other,BUFFALO FIELD OFFICE,Other Drugs**,3,0.2652381474122
2024,JUN,Office of Field Operations,Northern Border,Other,DETROIT FIELD OFFICE,Cocaine,2,0.045415225972
2024,JUN,Office of Field Operations,Northern Border,Other,DETROIT FIELD OFFICE,Fentanyl,1,5.5336027762
2024,JUN,Office of Field Operations,Northern Border,Other,DETROIT FIELD OFFICE,Ketamine,1,0.787711662126
2024,JUN,Office of Field Operations,Northern Border,Other,DETROIT FIELD OFFICE,Marijuana,10,4.1930378996566
2024,JUN,Office of Field Operations,Northern Border,Other,DETROIT FIELD OFFICE,Other Drugs**,16,1.6091099578856
2024,JUN,Office of Field Operations,Northern Border,Other,PORTLAND FIELD OFFICE,Marijuana,3,1.124026842807
2024,JUN,Office of Field Operations,Northern Border,Other,PORTLAND FIELD OFFICE,Methamphetamine,1,0.066579603124
2024,JUN,Office of Field Operations,Northern Border,Other,PORTLAND FIELD OFFICE,Other Drugs**,3,9.274296206685
2024,JUN,Office of Field Operations,Northern Border,Other,SEATTLE FIELD OFFICE,Ecstasy,3,0.1281547129006
2024,JUN,Office of Field Operations,Northern Border,Other,SEATTLE FIELD OFFICE,Ketamine,1,0.035604655313
2024,JUN,Office of Field Operations,Northern Border,Other,SEATTLE FIELD OFFICE,Marijuana,8,2.9159882007954
2024,JUN,Office of Field Operations,Northern Border,Other,SEATTLE FIELD OFFICE,Methamphetamine,1,0.0125002102554
2024,JUN,Office of Field Operations,Northern Border,Other,SEATTLE FIELD OFFICE,Other Drugs**,2,0.0119270083742
2024,JUN,Office of Field Operations,Southwest Border,Land Only,EL PASO FIELD OFFICE,Cocaine,8,7.4881770986396
2024,JUN,Office of Field Operations,Southwest Border,Land Only,EL PASO FIELD OFFICE,Fentanyl,3,2.041149852727
2024,JUN,Office of Field Operations,Southwest Border,Land Only,EL PASO FIELD OFFICE,Marijuana,48,171.4355996217256
2024,JUN,Office of Field Operations,Southwest Border,Land Only,EL PASO FIELD OFFICE,Methamphetamine,5,1.031653155029
2024,JUN,Office of Field Operations,Southwest Border,Land Only,EL PASO FIELD OFFICE,Other Drugs**,16,9.0352269297722
2024,JUN,Office of Field Operations,Southwest Border,Land Only,LAREDO FIELD OFFICE,Cocaine,13,214.9145716852582
2024,JUN,Office of Field Operations,Southwest Border,Land Only,LAREDO FIELD OFFICE,Fentanyl,1,0.2456610985466
2024,JUN,Office of Field Operations,Southwest Border,Land Only,LAREDO FIELD OFFICE,Heroin,4,54.6085022974
2024,JUN,Office of Field Operations,Southwest Border,Land Only,LAREDO FIELD OFFICE,Marijuana,16,3779.204175243232
2024,JUN,Office of Field Operations,Southwest Border,Land Only,LAREDO FIELD OFFICE,Methamphetamine,7,3766.621445963165
2024,JUN,Office of Field Operations,Southwest Border,Land Only,LAREDO FIELD OFFICE,Other Drugs**,23,16.0545910282688
2024,JUN,Office of Field Operations,Southwest Border,Land Only,SAN DIEGO FIELD OFFICE,Cocaine,19,990.2282959992
2024,JUN,Office of Field Operations,Southwest Border,Land Only,SAN DIEGO FIELD OFFICE,Fentanyl,20,472.7000364230006
2024,JUN,Office of Field Operations,Southwest Border,Land Only,SAN DIEGO FIELD OFFICE,Heroin,4,30.9088091324
2024,JUN,Office of Field Operations,Southwest Border,Land Only,SAN DIEGO FIELD OFFICE,Ketamine,1,0.29101018584
2024,JUN,Office of Field Operations,Southwest Border,Land Only,SAN DIEGO FIELD OFFICE,Marijuana,29,6.5012336903442
2024,JUN,Office of Field Operations,Southwest Border,Land Only,SAN DIEGO FIELD OFFICE,Methamphetamine,67,4084.747652272569
2024,JUN,Office of Field Operations,Southwest Border,Land Only,SAN DIEGO FIELD OFFICE,Other Drugs**,17,6.8204189532678
2024,JUN,Office of Field Operations,Southwest Border,Land Only,TUCSON FIELD OFFICE,Cocaine,5,84.371569054186
2024,JUN,Office of Field Operations,Southwest Border,Land Only,TUCSON FIELD OFFICE,Ecstasy,1,0.001763698096
2024,JUN,Office of Field Operations,Southwest Border,Land Only,TUCSON FIELD OFFICE,Fentanyl,22,655.6858303207158
2024,JUN,Office of Field Operations,Southwest Border,Land Only,TUCSON FIELD OFFICE,Heroin,1,2.518560881088
2024,JUN,Office of Field Operations,Southwest Border,Land Only,TUCSON FIELD OFFICE,Marijuana,18,2.0613441959262
2024,JUN,Office of Field Operations,Southwest Border,Land Only,TUCSON FIELD OFFICE,Methamphetamine,14,1030.9874912751172
2024,JUN,Office of Field Operations,Southwest Border,Land Only,TUCSON FIELD OFFICE,Other Drugs**,6,0.501110721526
2024,JUN,Office of Field Operations,Southwest Border,Other,EL PASO FIELD OFFICE,Cocaine,1,0.001322773572
2024,JUN,Office of Field Operations,Southwest Border,Other,EL PASO FIELD OFFICE,Lsd,1,0.025794084654
2024,JUN,Office of Field Operations,Southwest Border,Other,EL PASO FIELD OFFICE,Marijuana,2,0.0277782450119999
2024,JUN,Office of Field Operations,Southwest Border,Other,LAREDO FIELD OFFICE,Cocaine,1,2.2928075248
2024,JUN,Office of Field Operations,Southwest Border,Other,LAREDO FIELD OFFICE,Fentanyl,1,0.002094391489
2024,JUN,Office of Field Operations,Southwest Border,Other,LAREDO FIELD OFFICE,Marijuana,3,0.070217230447
2024,JUN,Office of Field Operations,Southwest Border,Other,LAREDO FIELD OFFICE,Other Drugs**,1,0.0906320359082
2024,JUN,Office of Field Operations,Southwest Border,Other,SAN DIEGO FIELD OFFICE,Fentanyl,1,0.018077905484
2024,JUN,Office of Field Operations,Southwest Border,Other,SAN DIEGO FIELD OFFICE,Methamphetamine,1,3.1305641204
2024,JUN,Office of Field Operations,Southwest Border,Other,SAN DIEGO FIELD OFFICE,Other Drugs**,1,0.298064978224
2024,JUN,Office of Field Operations,Southwest Border,Other,TUCSON FIELD OFFICE,Fentanyl,1,0.003527396192
2024,JUN,Office of Field Operations,Southwest Border,Other,TUCSON FIELD OFFICE,Marijuana,2,0.05291094288
2024,JUN,Office of Field Operations,Southwest Border,Other,TUCSON FIELD OFFICE,Methamphetamine,1,22.5753356288
2024,JUN,Office of Field Operations,Southwest Border,Other,TUCSON FIELD OFFICE,Other Drugs**,2,0.102294489568
2024,JUN,U.S. Border Patrol,Coastal/Interior,Other,MIAMI SECTOR,Cocaine,10,155.6025
2024,JUN,U.S. Border Patrol,Coastal/Interior,Other,MIAMI SECTOR,Marijuana,9,69.0287
2024,JUN,U.S. Border Patrol,Coastal/Interior,Other,NEW ORLEANS SECTOR,Marijuana,2,2.1279
2024,JUN,U.S. Border Patrol,Coastal/Interior,Other,RAMEY SECTOR,Marijuana,1,0.0084
2024,JUN,U.S. Border Patrol,Northern Border,Land Only,BLAINE SECTOR,Marijuana,2,0.0249
2024,JUN,U.S. Border Patrol,Northern Border,Land Only,BUFFALO SECTOR,Cocaine,1,0.2895
2024,JUN,U.S. Border Patrol,Northern Border,Land Only,BUFFALO SECTOR,Marijuana,2,50.043000000000006
2024,JUN,U.S. Border Patrol,Northern Border,Land Only,BUFFALO SECTOR,Methamphetamine,1,2.0509
2024,JUN,U.S. Border Patrol,Northern Border,Land Only,DETROIT SECTOR,Marijuana,12,283.4996
2024,JUN,U.S. Border Patrol,Northern Border,Land Only,DETROIT SECTOR,Other Drugs**,2,15.7658
2024,JUN,U.S. Border Patrol,Northern Border,Land Only,HAVRE SECTOR,Fentanyl,2,0.2196
2024,JUN,U.S. Border Patrol,Northern Border,Land Only,HAVRE SECTOR,Methamphetamine,1,0.0218
2024,JUN,U.S. Border Patrol,Northern Border,Land Only,HOULTON SECTOR,Marijuana,3,0.0192
2024,JUN,U.S. Border Patrol,Northern Border,Land Only,HOULTON SECTOR,Other Drugs**,1,0.022
2024,JUN,U.S. Border Patrol,Northern Border,Land Only,SPOKANE SECTOR,Cocaine,2,0.1021
2024,JUN,U.S. Border Patrol,Northern Border,Land Only,SPOKANE SECTOR,Ecstasy,1,0.0639
2024,JUN,U.S. Border Patrol,Northern Border,Land Only,SPOKANE SECTOR,Fentanyl,1,0.2138
2024,JUN,U.S. Border Patrol,Northern Border,Land Only,SPOKANE SECTOR,Methamphetamine,3,3.9995
2024,JUN,U.S. Border Patrol,Northern Border,Land Only,SPOKANE SECTOR,Other Drugs**,1,0.0
2024,JUN,U.S. Border Patrol,Northern Border,Land Only,SWANTON SECTOR,Cocaine,2,0.1961999999999999
2024,JUN,U.S. Border Patrol,Northern Border,Land Only,SWANTON SECTOR,Ecstasy,1,0.1323
2024,JUN,U.S. Border Patrol,Northern Border,Land Only,SWANTON SECTOR,Fentanyl,1,0.0331
2024,JUN,U.S. Border Patrol,Northern Border,Land Only,SWANTON SECTOR,Marijuana,3,0.0003
2024,JUN,U.S. Border Patrol,Northern Border,Land Only,SWANTON SECTOR,Other Drugs**,1,0.0
2024,JUN,U.S. Border Patrol,Southwest Border,Land Only,BIG BEND SECTOR,Cocaine,4,0.0238
2024,JUN,U.S. Border Patrol,Southwest Border,Land Only,BIG BEND SECTOR,Ecstasy,1,0.0452
2024,JUN,U.S. Border Patrol,Southwest Border,Land Only,BIG BEND SECTOR,Fentanyl,1,0.097
2024,JUN,U.S. Border Patrol,Southwest Border,Land Only,BIG BEND SECTOR,Heroin,1,2.478
2024,JUN,U.S. Border Patrol,Southwest Border,Land Only,BIG BEND SECTOR,Marijuana,73,1780.9550000000002
2024,JUN,U.S. Border Patrol,Southwest Border,Land Only,BIG BEND SECTOR,Methamphetamine,4,0.3278
2024,JUN,U.S. Border Patrol,Southwest Border,Land Only,BIG BEND SECTOR,Other Drugs**,8,0.4261
2024,JUN,U.S. Border Patrol,Southwest Border,Land Only,DEL RIO SECTOR,Heroin,1,0.0071
2024,JUN,U.S. Border Patrol,Southwest Border,Land Only,DEL RIO SECTOR,Marijuana,9,11.0673
2024,JUN,U.S. Border Patrol,Southwest Border,Land Only,DEL RIO SECTOR,Methamphetamine,2,0.0101999999999999
2024,JUN,U.S. Border Patrol,Southwest Border,Land Only,EL CENTRO SECTOR,Cocaine,1,0.0025
2024,JUN,U.S. Border Patrol,Southwest Border,Land Only,EL CENTRO SECTOR,Fentanyl,1,0.0018
2024,JUN,U.S. Border Patrol,Southwest Border,Land Only,EL CENTRO SECTOR,Marijuana,2,0.0281
2024,JUN,U.S. Border Patrol,Southwest Border,Land Only,EL CENTRO SECTOR,Methamphetamine,2,0.0104
2024,JUN,U.S. Border Patrol,Southwest Border,Land Only,EL PASO SECTOR,Cocaine,5,42.9594
2024,JUN,U.S. Border Patrol,Southwest Border,Land Only,EL PASO SECTOR,Ecstasy,1,0.0063
2024,JUN,U.S. Border Patrol,Southwest Border,Land Only,EL PASO SECTOR,Fentanyl,1,0.0024
2024,JUN,U.S. Border Patrol,Southwest Border,Land Only,EL PASO SECTOR,Marijuana,9,0.3082
2024,JUN,U.S. Border Patrol,Southwest Border,Land Only,EL PASO SECTOR,Methamphetamine,1,0.0
2024,JUN,U.S. Border Patrol,Southwest Border,Land Only,EL PASO SECTOR,Other Drugs**,4,21.4947
2024,JUN,U.S. Border Patrol,Southwest Border,Land Only,LAREDO SECTOR,Cocaine,2,0.0088
2024,JUN,U.S. Border Patrol,Southwest Border,Land Only,LAREDO SECTOR,Heroin,1,0.0022
2024,JUN,U.S. Border Patrol,Southwest Border,Land Only,LAREDO SECTOR,Marijuana,11,25.9331
2024,JUN,U.S. Border Patrol,Southwest Border,Land Only,LAREDO SECTOR,Methamphetamine,1,0.0397
2024,JUN,U.S. Border Patrol,Southwest Border,Land Only,LAREDO SECTOR,Other Drugs**,1,0.0154
2024,JUN,U.S. Border Patrol,Southwest Border,Land Only,RIO GRANDE VALLEY SECTOR,Cocaine,9,105.7282
2024,JUN,U.S. Border Patrol,Southwest Border,Land Only,RIO GRANDE VALLEY SECTOR,Marijuana,35,766.5226
2024,JUN,U.S. Border Patrol,Southwest Border,Land Only,RIO GRANDE VALLEY SECTOR,Methamphetamine,3,0.0044
2024,JUN,U.S. Border Patrol,Southwest Border,Land Only,RIO GRANDE VALLEY SECTOR,Other Drugs**,13,2.0283
2024,JUN,U.S. Border Patrol,Southwest Border,Land Only,SAN DIEGO SECTOR,Cocaine,5,36.8185
2024,JUN,U.S. Border Patrol,Southwest Border,Land Only,SAN DIEGO SECTOR,Fentanyl,6,110.5436
2024,JUN,U.S. Border Patrol,Southwest Border,Land Only,SAN DIEGO SECTOR,Heroin,1,0.0088
2024,JUN,U.S. Border Patrol,Southwest Border,Land Only,SAN DIEGO SECTOR,Marijuana,3,0.1117
2024,JUN,U.S. Border Patrol,Southwest Border,Land Only,SAN DIEGO SECTOR,Methamphetamine,16,624.6247999999999
2024,JUN,U.S. Border Patrol,Southwest Border,Land Only,SAN DIEGO SECTOR,Other Drugs**,4,1.0265
2024,JUN,U.S. Border Patrol,Southwest Border,Land Only,TUCSON SECTOR,Cocaine,5,0.0863
2024,JUN,U.S. Border Patrol,Southwest Border,Land Only,TUCSON SECTOR,Fentanyl,9,117.6918
2024,JUN,U.S. Border Patrol,Southwest Border,Land Only,TUCSON SECTOR,Heroin,1,0.0214
2024,JUN,U.S. Border Patrol,Southwest Border,Land Only,TUCSON SECTOR,Marijuana,21,48.2794
2024,JUN,U.S. Border Patrol,Southwest Border,Land Only,TUCSON SECTOR,Methamphetamine,14,81.65960000000001
2024,JUN,U.S. Border Patrol,Southwest Border,Land Only,TUCSON SECTOR,Other Drugs**,7,0.1401
2024,JUN,U.S. Border Patrol,Southwest Border,Land Only,YUMA SECTOR,Cocaine,2,50.0535
2024,JUN,U.S. Border Patrol,Southwest Border,Land Only,YUMA SECTOR,Fentanyl,2,38.7744
2024,JUN,U.S. Border Patrol,Southwest Border,Land Only,YUMA SECTOR,Marijuana,4,2.2288
2024,JUN,U.S. Border Patrol,Southwest Border,Land Only,YUMA SECTOR,Methamphetamine,2,0.0775
2024,MAR,Office of Field Operations,Coastal/Interior,Other,ATLANTA FIELD OFFICE,Cocaine,1,4.6958461806
2024,MAR,Office of Field Operations,Coastal/Interior,Other,ATLANTA FIELD OFFICE,Ecstasy,1,0.00220462262
2024,MAR,Office of Field Operations,Coastal/Interior,Other,ATLANTA FIELD OFFICE,Khat (Catha Edulis),6,133.269437379
2024,MAR,Office of Field Operations,Coastal/Interior,Other,ATLANTA FIELD OFFICE,Marijuana,9,54.116210066354
2024,MAR,Office of Field Operations,Coastal/Interior,Other,ATLANTA FIELD OFFICE,Other Drugs**,7,1.479081315758
2024,MAR,Office of Field Operations,Coastal/Interior,Other,BALTIMORE FIELD OFFICE,Cocaine,5,76.50371184792999
2024,MAR,Office of Field Operations,Coastal/Interior,Other,BALTIMORE FIELD OFFICE,Ecstasy,8,0.150575724946
2024,MAR,Office of Field Operations,Coastal/Interior,Other,BALTIMORE FIELD OFFICE,Fentanyl,3,0.0702613228994
2024,MAR,Office of Field Operations,Coastal/Interior,Other,BALTIMORE FIELD OFFICE,Ketamine,1,0.024691773344
2024,MAR,Office of Field Operations,Coastal/Interior,Other,BALTIMORE FIELD OFFICE,Lsd,1,0.003086471668
2024,MAR,Office of Field Operations,Coastal/Interior,Other,BALTIMORE FIELD OFFICE,Marijuana,38,104.887346231382
2024,MAR,Office of Field Operations,Coastal/Interior,Other,BALTIMORE FIELD OFFICE,Methamphetamine,1,0.28880556322
2024,MAR,Office of Field Operations,Coastal/Interior,Other,BALTIMORE FIELD OFFICE,Other Drugs**,44,60.933344131918
2024,MAR,Office of Field Operations,Coastal/Interior,Other,CHICAGO FIELD OFFICE,Cocaine,35,307.62091497039
2024,MAR,Office of Field Operations,Coastal/Interior,Other,CHICAGO FIELD OFFICE,Ecstasy,75,10.0199216229952
2024,MAR,Office of Field Operations,Coastal/Interior,Other,CHICAGO FIELD OFFICE,Fentanyl,5,45.1065788052
2024,MAR,Office of Field Operations,Coastal/Interior,Other,CHICAGO FIELD OFFICE,Heroin,16,0.1431020542642
2024,MAR,Office of Field Operations,Coastal/Interior,Other,CHICAGO FIELD OFFICE,Ketamine,37,122.5594468297186
2024,MAR,Office of Field Operations,Coastal/Interior,Other,CHICAGO FIELD OFFICE,Khat (Catha Edulis),2,20.062065842
2024,MAR,Office of Field Operations,Coastal/Interior,Other,CHICAGO FIELD OFFICE,Lsd,10,3.3799510311744
2024,MAR,Office of Field Operations,Coastal/Interior,Other,CHICAGO FIELD OFFICE,Marijuana,720,5241.363160509731
2024,MAR,Office of Field Operations,Coastal/Interior,Other,CHICAGO FIELD OFFICE,Methamphetamine,55,578.6941252558488
2024,MAR,Office of Field Operations,Coastal/Interior,Other,CHICAGO FIELD OFFICE,Other Drugs**,399,1706.0167025099393
2024,MAR,Office of Field Operations,Coastal/Interior,Other,HOUSTON FIELD OFFICE,Cocaine,1,0.963640547202
2024,MAR,Office of Field Operations,Coastal/Interior,Other,HOUSTON FIELD OFFICE,Marijuana,39,192.59448726340185
2024,MAR,Office of Field Operations,Coastal/Interior,Other,HOUSTON FIELD OFFICE,Methamphetamine,1,0.0009700339528
2024,MAR,Office of Field Operations,Coastal/Interior,Other,HOUSTON FIELD OFFICE,Other Drugs**,14,13.210892403183202
2024,MAR,Office of Field Operations,Coastal/Interior,Other,LOS ANGELES FIELD OFFICE,Cocaine,4,16.5607723818208
2024,MAR,Office of Field Operations,Coastal/Interior,Other,LOS ANGELES FIELD OFFICE,Fentanyl,2,0.05070632026
2024,MAR,Office of Field Operations,Coastal/Interior,Other,LOS ANGELES FIELD OFFICE,Ketamine,3,6.412585814793999
2024,MAR,Office of Field Operations,Coastal/Interior,Other,LOS ANGELES FIELD OFFICE,Khat (Catha Edulis),1,26.45547144
2024,MAR,Office of Field Operations,Coastal/Interior,Other,LOS ANGELES FIELD OFFICE,Lsd,1,0.0330693393
2024,MAR,Office of Field Operations,Coastal/Interior,Other,LOS ANGELES FIELD OFFICE,Marijuana,36,1141.258614129444
2024,MAR,Office of Field Operations,Coastal/Interior,Other,LOS ANGELES FIELD OFFICE,Methamphetamine,17,331.8398408548524
2024,MAR,Office of Field Operations,Coastal/Interior,Other,LOS ANGELES FIELD OFFICE,Other Drugs**,148,1038.824351487336
2024,MAR,Office of Field Operations,Coastal/Interior,Other,MIAMI FIELD OFFICE,Cocaine,21,30.29592404404
2024,MAR,Office of Field Operations,Coastal/Interior,Other,MIAMI FIELD OFFICE,Ecstasy,11,5.3998042293922
2024,MAR,Office of Field Operations,Coastal/Interior,Other,MIAMI FIELD OFFICE,Fentanyl,3,5.2919761370480005
2024,MAR,Office of Field Operations,Coastal/Interior,Other,MIAMI FIELD OFFICE,Ketamine,14,293.940790688766
2024,MAR,Office of Field Operations,Coastal/Interior,Other,MIAMI FIELD OFFICE,Marijuana,74,278.2373519514108
2024,MAR,Office of Field Operations,Coastal/Interior,Other,MIAMI FIELD OFFICE,Methamphetamine,5,1.18167772432
2024,MAR,Office of Field Operations,Coastal/Interior,Other,MIAMI FIELD OFFICE,Other Drugs**,617,613.7822374889828
2024,MAR,Office of Field Operations,Coastal/Interior,Other,NEW ORLEANS FIELD OFFICE,Cocaine,9,9.880898120578
2024,MAR,Office of Field Operations,Coastal/Interior,Other,NEW ORLEANS FIELD OFFICE,Ecstasy,3,7.326401890784
2024,MAR,Office of Field Operations,Coastal/Interior,Other,NEW ORLEANS FIELD OFFICE,Heroin,1,1.989892376812
2024,MAR,Office of Field Operations,Coastal/Interior,Other,NEW ORLEANS FIELD OFFICE,Ketamine,15,98.794210234226
2024,MAR,Office of Field Operations,Coastal/Interior,Other,NEW ORLEANS FIELD OFFICE,Lsd,7,0.198636498062
2024,MAR,Office of Field Operations,Coastal/Interior,Other,NEW ORLEANS FIELD OFFICE,Marijuana,176,1273.1689457556663
2024,MAR,Office of Field Operations,Coastal/Interior,Other,NEW ORLEANS FIELD OFFICE,Methamphetamine,18,421.424416463838
2024,MAR,Office of Field Operations,Coastal/Interior,Other,NEW ORLEANS FIELD OFFICE,Other Drugs**,83,480.7177197825118
2024,MAR,Office of Field Operations,Coastal/Interior,Other,NEW YORK FIELD OFFICE,Cocaine,10,1375.354041949262
2024,MAR,Office of Field Operations,Coastal/Interior,Other,NEW YORK FIELD OFFICE,Ecstasy,47,13.449079831048
2024,MAR,Office of Field Operations,Coastal/Interior,Other,NEW YORK FIELD OFFICE,Fentanyl,4,5.504501757616
2024,MAR,Office of Field Operations,Coastal/Interior,Other,NEW YORK FIELD OFFICE,Heroin,2,0.005291094288
2024,MAR,Office of Field Operations,Coastal/Interior,Other,NEW YORK FIELD OFFICE,Ketamine,23,135.36493117931
2024,MAR,Office of Field Operations,Coastal/Interior,Other,NEW YORK FIELD OFFICE,Khat (Catha Edulis),1,1591.73753164
2024,MAR,Office of Field Operations,Coastal/Interior,Other,NEW YORK FIELD OFFICE,Lsd,15,0.057540650382
2024,MAR,Office of Field Operations,Coastal/Interior,Other,NEW YORK FIELD OFFICE,Marijuana,254,1104.704097160617
2024,MAR,Office of Field Operations,Coastal/Interior,Other,NEW YORK FIELD OFFICE,Methamphetamine,17,1.2610882310924
2024,MAR,Office of Field Operations,Coastal/Interior,Other,NEW YORK FIELD OFFICE,Other Drugs**,614,1001.8167184314204
2024,MAR,Office of Field Operations,Coastal/Interior,Other,PRECLEARANCE FIELD OFFICE,Cocaine,1,0.1212542441
2024,MAR,Office of Field Operations,Coastal/Interior,Other,PRECLEARANCE FIELD OFFICE,Ecstasy,2,0.008598028218
2024,MAR,Office of Field Operations,Coastal/Interior,Other,PRECLEARANCE FIELD OFFICE,Ketamine,1,0.00661386786
2024,MAR,Office of Field Operations,Coastal/Interior,Other,PRECLEARANCE FIELD OFFICE,Marijuana,43,4.0266991229776
2024,MAR,Office of Field Operations,Coastal/Interior,Other,PRECLEARANCE FIELD OFFICE,Methamphetamine,2,7.165464439524
2024,MAR,Office of Field Operations,Coastal/Interior,Other,PRECLEARANCE FIELD OFFICE,Other Drugs**,21,1.2780858714926
2024,MAR,Office of Field Operations,Coastal/Interior,Other,SAN FRANCISCO FIELD OFFICE,Cocaine,3,6.032288412844
2024,MAR,Office of Field Operations,Coastal/Interior,Other,SAN FRANCISCO FIELD OFFICE,Fentanyl,1,0.008598028218
2024,MAR,Office of Field Operations,Coastal/Interior,Other,SAN FRANCISCO FIELD OFFICE,Khat (Catha Edulis),1,9.3255536826
2024,MAR,Office of Field Operations,Coastal/Interior,Other,SAN FRANCISCO FIELD OFFICE,Marijuana,28,131.59480603684798
2024,MAR,Office of Field Operations,Coastal/Interior,Other,SAN FRANCISCO FIELD OFFICE,Methamphetamine,35,377.634658749564
2024,MAR,Office of Field Operations,Coastal/Interior,Other,SAN FRANCISCO FIELD OFFICE,Other Drugs**,37,147.04303765971198
2024,MAR,Office of Field Operations,Coastal/Interior,Other,SAN JUAN FIELD OFFICE,Cocaine,10,437.218112451256
2024,MAR,Office of Field Operations,Coastal/Interior,Other,SAN JUAN FIELD OFFICE,Marijuana,86,181.60027676595
2024,MAR,Office of Field Operations,Coastal/Interior,Other,SAN JUAN FIELD OFFICE,Other Drugs**,7,4.965030602502
2024,MAR,Office of Field Operations,Coastal/Interior,Other,TAMPA FIELD OFFICE,Cocaine,2,0.0357810251225999
2024,MAR,Office of Field Operations,Coastal/Interior,Other,TAMPA FIELD OFFICE,Fentanyl,1,0.005291094288
2024,MAR,Office of Field Operations,Coastal/Interior,Other,TAMPA FIELD OFFICE,Marijuana,21,104.32715162364
2024,MAR,Office of Field Operations,Coastal/Interior,Other,TAMPA FIELD OFFICE,Methamphetamine,1,0.000220462262
2024,MAR,Office of Field Operations,Coastal/Interior,Other,TAMPA FIELD OFFICE,Other Drugs**,8,39.416227360718
2024,MAR,Office of Field Operations,Northern Border,Land Only,BOSTON FIELD OFFICE,Cocaine,3,0.008598028218
2024,MAR,Office of Field Operations,Northern Border,Land Only,BOSTON FIELD OFFICE,Ecstasy,2,0.0460545665318
2024,MAR,Office of Field Operations,Northern Border,Land Only,BOSTON FIELD OFFICE,Marijuana,32,277.696910762344
2024,MAR,Office of Field Operations,Northern Border,Land Only,BOSTON FIELD OFFICE,Methamphetamine,2,0.0318347506328
2024,MAR,Office of Field Operations,Northern Border,Land Only,BOSTON FIELD OFFICE,Other Drugs**,5,5.707767963179999
2024,MAR,Office of Field Operations,Northern Border,Land Only,BUFFALO FIELD OFFICE,Cocaine,2,0.5714381831040001
2024,MAR,Office of Field Operations,Northern Border,Land Only,BUFFALO FIELD OFFICE,Ecstasy,1,0.504638117718
2024,MAR,Office of Field Operations,Northern Border,Land Only,BUFFALO FIELD OFFICE,Ketamine,1,0.258602233326
2024,MAR,Office of Field Operations,Northern Border,Land Only,BUFFALO FIELD OFFICE,Marijuana,33,3.2794202397024
2024,MAR,Office of Field Operations,Northern Border,Land Only,BUFFALO FIELD OFFICE,Methamphetamine,1,0.00440924524
2024,MAR,Office of Field Operations,Northern Border,Land Only,BUFFALO FIELD OFFICE,Other Drugs**,6,0.923957340042
2024,MAR,Office of Field Operations,Northern Border,Land Only,DETROIT FIELD OFFICE,Cocaine,1,0.001763698096
2024,MAR,Office of Field Operations,Northern Border,Land Only,DETROIT FIELD OFFICE,Ecstasy,1,0.0046737999544
2024,MAR,Office of Field Operations,Northern Border,Land Only,DETROIT FIELD OFFICE,Marijuana,143,11.3509184373678
2024,MAR,Office of Field Operations,Northern Border,Land Only,DETROIT FIELD OFFICE,Methamphetamine,4,0.0443349608882
2024,MAR,Office of Field Operations,Northern Border,Land Only,DETROIT FIELD OFFICE,Other Drugs**,87,7.5137286748054
2024,MAR,Office of Field Operations,Northern Border,Land Only,SEATTLE FIELD OFFICE,Cocaine,5,2.181694544752
2024,MAR,Office of Field Operations,Northern Border,Land Only,SEATTLE FIELD OFFICE,Ecstasy,1,0.0009700339528
2024,MAR,Office of Field Operations,Northern Border,Land Only,SEATTLE FIELD OFFICE,Fentanyl,2,0.0261688704994
2024,MAR,Office of Field Operations,Northern Border,Land Only,SEATTLE FIELD OFFICE,Marijuana,106,6.8027599260816
2024,MAR,Office of Field Operations,Northern Border,Land Only,SEATTLE FIELD OFFICE,Other Drugs**,9,2.0661943656902
2024,MAR,Office of Field Operations,Northern Border,Other,BOSTON FIELD OFFICE,Marijuana,8,438.80345657729794
2024,MAR,Office of Field Operations,Northern Border,Other,BOSTON FIELD OFFICE,Other Drugs**,15,26.956582161526
2024,MAR,Office of Field Operations,Northern Border,Other,BUFFALO FIELD OFFICE,Ecstasy,2,2.33910459982
2024,MAR,Office of Field Operations,Northern Border,Other,BUFFALO FIELD OFFICE,Lsd,1,0.002866009406
2024,MAR,Office of Field Operations,Northern Border,Other,BUFFALO FIELD OFFICE,Marijuana,4,7.965742450584
2024,MAR,Office of Field Operations,Northern Border,Other,BUFFALO FIELD OFFICE,Methamphetamine,2,0.283514468932
2024,MAR,Office of Field Operations,Northern Border,Other,BUFFALO FIELD OFFICE,Other Drugs**,3,0.919548094802
2024,MAR,Office of Field Operations,Northern Border,Other,DETROIT FIELD OFFICE,Ecstasy,1,0.1339087779388
2024,MAR,Office of Field Operations,Northern Border,Other,DETROIT FIELD OFFICE,Marijuana,14,15.1806786217008
2024,MAR,Office of Field Operations,Northern Border,Other,DETROIT FIELD OFFICE,Methamphetamine,2,0.0521172787368
2024,MAR,Office of Field Operations,Northern Border,Other,DETROIT FIELD OFFICE,Other Drugs**,27,57.061960672519405
2024,MAR,Office of Field Operations,Northern Border,Other,PORTLAND FIELD OFFICE,Marijuana,5,31.6365109668096
2024,MAR,Office of Field Operations,Northern Border,Other,PORTLAND FIELD OFFICE,Other Drugs**,27,222.8643747142996
2024,MAR,Office of Field Operations,Northern Border,Other,SEATTLE FIELD OFFICE,Cocaine,1,1.256193968876
2024,MAR,Office of Field Operations,Northern Border,Other,SEATTLE FIELD OFFICE,Marijuana,6,75.1701135788658
2024,MAR,Office of Field Operations,Northern Border,Other,SEATTLE FIELD OFFICE,Methamphetamine,1,0.000440924524
2024,MAR,Office of Field Operations,Northern Border,Other,SEATTLE FIELD OFFICE,Other Drugs**,5,3.1254714421478
2024,MAR,Office of Field Operations,Southwest Border,Land Only,EL PASO FIELD OFFICE,Cocaine,6,14.8354126731826
2024,MAR,Office of Field Operations,Southwest Border,Land Only,EL PASO FIELD OFFICE,Ecstasy,1,0.079145952058
2024,MAR,Office of Field Operations,Southwest Border,Land Only,EL PASO FIELD OFFICE,Fentanyl,7,26.7936825961342
2024,MAR,Office of Field Operations,Southwest Border,Land Only,EL PASO FIELD OFFICE,Heroin,1,2.6896395964
2024,MAR,Office of Field Operations,Southwest Border,Land Only,EL PASO FIELD OFFICE,Ketamine,1,0.00992080179
2024,MAR,Office of Field Operations,Southwest Border,Land Only,EL PASO FIELD OFFICE,Marijuana,49,633.8065601917284
2024,MAR,Office of Field Operations,Southwest Border,Land Only,EL PASO FIELD OFFICE,Methamphetamine,10,81.9533846409866
2024,MAR,Office of Field Operations,Southwest Border,Land Only,EL PASO FIELD OFFICE,Other Drugs**,25,12.7821594422718
2024,MAR,Office of Field Operations,Southwest Border,Land Only,LAREDO FIELD OFFICE,Cocaine,14,392.9005460355278
2024,MAR,Office of Field Operations,Southwest Border,Land Only,LAREDO FIELD OFFICE,Fentanyl,3,19.202483482462
2024,MAR,Office of Field Operations,Southwest Border,Land Only,LAREDO FIELD OFFICE,Marijuana,23,2.591203196417
2024,MAR,Office of Field Operations,Southwest Border,Land Only,LAREDO FIELD OFFICE,Methamphetamine,10,1723.5373234880556
2024,MAR,Office of Field Operations,Southwest Border,Land Only,LAREDO FIELD OFFICE,Other Drugs**,19,5.8903989010208
2024,MAR,Office of Field Operations,Southwest Border,Land Only,SAN DIEGO FIELD OFFICE,Cocaine,16,304.985950014966
2024,MAR,Office of Field Operations,Southwest Border,Land Only,SAN DIEGO FIELD OFFICE,Fentanyl,27,515.914541957038
2024,MAR,Office of Field Operations,Southwest Border,Land Only,SAN DIEGO FIELD OFFICE,Heroin,7,32.938605178634
2024,MAR,Office of Field Operations,Southwest Border,Land Only,SAN DIEGO FIELD OFFICE,Ketamine,1,4.4533376924
2024,MAR,Office of Field Operations,Southwest Border,Land Only,SAN DIEGO FIELD OFFICE,Marijuana,38,0.695999361134
2024,MAR,Office of Field Operations,Southwest Border,Land Only,SAN DIEGO FIELD OFFICE,Methamphetamine,76,14561.205459565454
2024,MAR,Office of Field Operations,Southwest Border,Land Only,SAN DIEGO FIELD OFFICE,Other Drugs**,56,73.506637627171
2024,MAR,Office of Field Operations,Southwest Border,Land Only,TUCSON FIELD OFFICE,Cocaine,6,171.6960096456
2024,MAR,Office of Field Operations,Southwest Border,Land Only,TUCSON FIELD OFFICE,Ecstasy,1,0.05291094288
2024,MAR,Office of Field Operations,Southwest Border,Land Only,TUCSON FIELD OFFICE,Fentanyl,15,686.1144506002532
2024,MAR,Office of Field Operations,Southwest Border,Land Only,TUCSON FIELD OFFICE,Heroin,4,50.3094881884
2024,MAR,Office of Field Operations,Southwest Border,Land Only,TUCSON FIELD OFFICE,Marijuana,17,106.8940378325584
2024,MAR,Office of Field Operations,Southwest Border,Land Only,TUCSON FIELD OFFICE,Methamphetamine,20,2157.076604219544
2024,MAR,Office of Field Operations,Southwest Border,Land Only,TUCSON FIELD OFFICE,Other Drugs**,6,134.5068259169274
2024,MAR,Office of Field Operations,Southwest Border,Other,EL PASO FIELD OFFICE,Marijuana,1,0.3997421734584
2024,MAR,Office of Field Operations,Southwest Border,Other,EL PASO FIELD OFFICE,Methamphetamine,1,0.0005732018812
2024,MAR,Office of Field Operations,Southwest Border,Other,LAREDO FIELD OFFICE,Cocaine,1,8.157103694
2024,MAR,Office of Field Operations,Southwest Border,Other,LAREDO FIELD OFFICE,Marijuana,2,0.0943358019098
2024,MAR,Office of Field Operations,Southwest Border,Other,SAN DIEGO FIELD OFFICE,Other Drugs**,2,0.237878780698
2024,MAR,Office of Field Operations,Southwest Border,Other,TUCSON FIELD OFFICE,Marijuana,1,0.138670762798
2024,MAR,U.S. Border Patrol,Coastal/Interior,Other,MIAMI SECTOR,Cocaine,2,5.2095
2024,MAR,U.S. Border Patrol,Coastal/Interior,Other,MIAMI SECTOR,Marijuana,2,11.0757
2024,MAR,U.S. Border Patrol,Coastal/Interior,Other,MIAMI SECTOR,Methamphetamine,1,0.0287
2024,MAR,U.S. Border Patrol,Coastal/Interior,Other,NEW ORLEANS SECTOR,Cocaine,1,5.5698
2024,MAR,U.S. Border Patrol,Coastal/Interior,Other,NEW ORLEANS SECTOR,Marijuana,3,5.8982
2024,MAR,U.S. Border Patrol,Coastal/Interior,Other,RAMEY SECTOR,Cocaine,1,607.257
2024,MAR,U.S. Border Patrol,Northern Border,Land Only,BLAINE SECTOR,Other Drugs**,1,0.1476
2024,MAR,U.S. Border Patrol,Northern Border,Land Only,BUFFALO SECTOR,Marijuana,3,271.3694
2024,MAR,U.S. Border Patrol,Northern Border,Land Only,BUFFALO SECTOR,Other Drugs**,1,2.2046
2024,MAR,U.S. Border Patrol,Northern Border,Land Only,DETROIT SECTOR,Fentanyl,1,1.3228
2024,MAR,U.S. Border Patrol,Northern Border,Land Only,DETROIT SECTOR,Marijuana,6,11.671399999999998
2024,MAR,U.S. Border Patrol,Northern Border,Land Only,DETROIT SECTOR,Methamphetamine,1,11.3778
2024,MAR,U.S. Border Patrol,Northern Border,Land Only,DETROIT SECTOR,Other Drugs**,1,0.3754
2024,MAR,U.S. Border Patrol,Northern Border,Land Only,HAVRE SECTOR,Fentanyl,2,0.2496
2024,MAR,U.S. Border Patrol,Northern Border,Land Only,HOULTON SECTOR,Marijuana,4,277.97180000000003
2024,MAR,U.S. Border Patrol,Northern Border,Land Only,HOULTON SECTOR,Other Drugs**,1,4.9604
2024,MAR,U.S. Border Patrol,Northern Border,Land Only,SPOKANE SECTOR,Cocaine,2,2.5423
2024,MAR,U.S. Border Patrol,Northern Border,Land Only,SPOKANE SECTOR,Fentanyl,4,2.0172
2024,MAR,U.S. Border Patrol,Northern Border,Land Only,SPOKANE SECTOR,Marijuana,1,8.0019
2024,MAR,U.S. Border Patrol,Northern Border,Land Only,SPOKANE SECTOR,Methamphetamine,5,1.3926
2024,MAR,U.S. Border Patrol,Southwest Border,Land Only,BIG BEND SECTOR,Cocaine,5,0.0414999999999999
2024,MAR,U.S. Border Patrol,Southwest Border,Land Only,BIG BEND SECTOR,Fentanyl,3,4.1093
2024,MAR,U.S. Border Patrol,Southwest Border,Land Only,BIG BEND SECTOR,Marijuana,79,1460.9701
2024,MAR,U.S. Border Patrol,Southwest Border,Land Only,BIG BEND SECTOR,Methamphetamine,4,2.2835
2024,MAR,U.S. Border Patrol,Southwest Border,Land Only,BIG BEND SECTOR,Other Drugs**,13,2.8191
2024,MAR,U.S. Border Patrol,Southwest Border,Land Only,DEL RIO SECTOR,Cocaine,3,0.0054
2024,MAR,U.S. Border Patrol,Southwest Border,Land Only,DEL RIO SECTOR,Marijuana,9,0.8551000000000001
2024,MAR,U.S. Border Patrol,Southwest Border,Land Only,DEL RIO SECTOR,Methamphetamine,3,0.7884000000000001
2024,MAR,U.S. Border Patrol,Southwest Border,Land Only,DEL RIO SECTOR,Other Drugs**,1,0.0309
2024,MAR,U.S. Border Patrol,Southwest Border,Land Only,EL CENTRO SECTOR,Cocaine,1,34.839
2024,MAR,U.S. Border Patrol,Southwest Border,Land Only,EL CENTRO SECTOR,Fentanyl,5,2.237
2024,MAR,U.S. Border Patrol,Southwest Border,Land Only,EL CENTRO SECTOR,Marijuana,4,23.2214
2024,MAR,U.S. Border Patrol,Southwest Border,Land Only,EL CENTRO SECTOR,Methamphetamine,7,178.9688
2024,MAR,U.S. Border Patrol,Southwest Border,Land Only,EL PASO SECTOR,Cocaine,4,52.6664
2024,MAR,U.S. Border Patrol,Southwest Border,Land Only,EL PASO SECTOR,Fentanyl,4,60.0353
2024,MAR,U.S. Border Patrol,Southwest Border,Land Only,EL PASO SECTOR,Marijuana,18,356.968
2024,MAR,U.S. Border Patrol,Southwest Border,Land Only,EL PASO SECTOR,Methamphetamine,2,1.3395
2024,MAR,U.S. Border Patrol,Southwest Border,Land Only,EL PASO SECTOR,Other Drugs**,2,129.9208
2024,MAR,U.S. Border Patrol,Southwest Border,Land Only,LAREDO SECTOR,Cocaine,4,0.0059
2024,MAR,U.S. Border Patrol,Southwest Border,Land Only,LAREDO SECTOR,Marijuana,14,55.0317
2024,MAR,U.S. Border Patrol,Southwest Border,Land Only,LAREDO SECTOR,Methamphetamine,1,0.001
2024,MAR,U.S. Border Patrol,Southwest Border,Land Only,LAREDO SECTOR,Other Drugs**,3,0.0264
2024,MAR,U.S. Border Patrol,Southwest Border,Land Only,RIO GRANDE VALLEY SECTOR,Cocaine,5,163.138
2024,MAR,U.S. Border Patrol,Southwest Border,Land Only,RIO GRANDE VALLEY SECTOR,Ecstasy,1,0.0176
2024,MAR,U.S. Border Patrol,Southwest Border,Land Only,RIO GRANDE VALLEY SECTOR,Heroin,1,11.9048
2024,MAR,U.S. Border Patrol,Southwest Border,Land Only,RIO GRANDE VALLEY SECTOR,Marijuana,60,2967.116
2024,MAR,U.S. Border Patrol,Southwest Border,Land Only,RIO GRANDE VALLEY SECTOR,Methamphetamine,3,0.0154
2024,MAR,U.S. Border Patrol,Southwest Border,Land Only,RIO GRANDE VALLEY SECTOR,Other Drugs**,10,1.3147
2024,MAR,U.S. Border Patrol,Southwest Border,Land Only,SAN DIEGO SECTOR,Cocaine,6,79.7349
2024,MAR,U.S. Border Patrol,Southwest Border,Land Only,SAN DIEGO SECTOR,Fentanyl,4,73.2056
2024,MAR,U.S. Border Patrol,Southwest Border,Land Only,SAN DIEGO SECTOR,Marijuana,2,2.1376
2024,MAR,U.S. Border Patrol,Southwest Border,Land Only,SAN DIEGO SECTOR,Methamphetamine,7,377.8523
2024,MAR,U.S. Border Patrol,Southwest Border,Land Only,SAN DIEGO SECTOR,Other Drugs**,1,0.2385
2024,MAR,U.S. Border Patrol,Southwest Border,Land Only,TUCSON SECTOR,Cocaine,2,0.0152
2024,MAR,U.S. Border Patrol,Southwest Border,Land Only,TUCSON SECTOR,Fentanyl,5,1.853
2024,MAR,U.S. Border Patrol,Southwest Border,Land Only,TUCSON SECTOR,Heroin,1,0.0174
2024,MAR,U.S. Border Patrol,Southwest Border,Land Only,TUCSON SECTOR,Marijuana,19,0.7336
2024,MAR,U.S. Border Patrol,Southwest Border,Land Only,TUCSON SECTOR,Methamphetamine,3,0.0504
2024,MAR,U.S. Border Patrol,Southwest Border,Land Only,TUCSON SECTOR,Other Drugs**,1,0.4475
2024,MAR,U.S. Border Patrol,Southwest Border,Land Only,YUMA SECTOR,Cocaine,2,51.3765
2024,MAR,U.S. Border Patrol,Southwest Border,Land Only,YUMA SECTOR,Marijuana,11,9.3597
2024,MAR,U.S. Border Patrol,Southwest Border,Land Only,YUMA SECTOR,Methamphetamine,2,0.672
2024,MAR,U.S. Border Patrol,Southwest Border,Land Only,YUMA SECTOR,Other Drugs**,1,0.1283
2024,MAY,Office of Field Operations,Coastal/Interior,Other,ATLANTA FIELD OFFICE,Fentanyl,2,9.149183873
2024,MAY,Office of Field Operations,Coastal/Interior,Other,ATLANTA FIELD OFFICE,Marijuana,11,33.41877198527
2024,MAY,Office of Field Operations,Coastal/Interior,Other,ATLANTA FIELD OFFICE,Methamphetamine,2,13.856935015748
2024,MAY,Office of Field Operations,Coastal/Interior,Other,ATLANTA FIELD OFFICE,Other Drugs**,11,19.208656425798
2024,MAY,Office of Field Operations,Coastal/Interior,Other,BALTIMORE FIELD OFFICE,Cocaine,1,4.5415225972
2024,MAY,Office of Field Operations,Coastal/Interior,Other,BALTIMORE FIELD OFFICE,Ecstasy,1,0.042549216566
2024,MAY,Office of Field Operations,Coastal/Interior,Other,BALTIMORE FIELD OFFICE,Fentanyl,3,0.688062719702
2024,MAY,Office of Field Operations,Coastal/Interior,Other,BALTIMORE FIELD OFFICE,Heroin,1,0.02645547144
2024,MAY,Office of Field Operations,Coastal/Interior,Other,BALTIMORE FIELD OFFICE,Ketamine,2,0.37258122278
2024,MAY,Office of Field Operations,Coastal/Interior,Other,BALTIMORE FIELD OFFICE,Marijuana,18,49.2267098348132
2024,MAY,Office of Field Operations,Coastal/Interior,Other,BALTIMORE FIELD OFFICE,Methamphetamine,2,0.163803460666
2024,MAY,Office of Field Operations,Coastal/Interior,Other,BALTIMORE FIELD OFFICE,Other Drugs**,47,101.458055745972
2024,MAY,Office of Field Operations,Coastal/Interior,Other,CHICAGO FIELD OFFICE,Cocaine,37,224.9614337966698
2024,MAY,Office of Field Operations,Coastal/Interior,Other,CHICAGO FIELD OFFICE,Ecstasy,28,2.280792331521
2024,MAY,Office of Field Operations,Coastal/Interior,Other,CHICAGO FIELD OFFICE,Fentanyl,5,26.014546916
2024,MAY,Office of Field Operations,Coastal/Interior,Other,CHICAGO FIELD OFFICE,Heroin,4,0.0248901893798
2024,MAY,Office of Field Operations,Coastal/Interior,Other,CHICAGO FIELD OFFICE,Ketamine,21,48.1846508610178
2024,MAY,Office of Field Operations,Coastal/Interior,Other,CHICAGO FIELD OFFICE,Khat (Catha Edulis),5,204.2141932906
2024,MAY,Office of Field Operations,Coastal/Interior,Other,CHICAGO FIELD OFFICE,Lsd,1,0.007495716908
2024,MAY,Office of Field Operations,Coastal/Interior,Other,CHICAGO FIELD OFFICE,Marijuana,650,3898.59227243408
2024,MAY,Office of Field Operations,Coastal/Interior,Other,CHICAGO FIELD OFFICE,Methamphetamine,32,541.831865015496
2024,MAY,Office of Field Operations,Coastal/Interior,Other,CHICAGO FIELD OFFICE,Other Drugs**,300,738.132234718213
2024,MAY,Office of Field Operations,Coastal/Interior,Other,HOUSTON FIELD OFFICE,Cocaine,1,11.775771262468
2024,MAY,Office of Field Operations,Coastal/Interior,Other,HOUSTON FIELD OFFICE,Ecstasy,1,0.00771617917
2024,MAY,Office of Field Operations,Coastal/Interior,Other,HOUSTON FIELD OFFICE,Lsd,1,0.0092153225516
2024,MAY,Office of Field Operations,Coastal/Interior,Other,HOUSTON FIELD OFFICE,Marijuana,28,29.5326396005436
2024,MAY,Office of Field Operations,Coastal/Interior,Other,HOUSTON FIELD OFFICE,Methamphetamine,1,0.0107585583856
2024,MAY,Office of Field Operations,Coastal/Interior,Other,HOUSTON FIELD OFFICE,Other Drugs**,100,261.3006473204276
2024,MAY,Office of Field Operations,Coastal/Interior,Other,LOS ANGELES FIELD OFFICE,Cocaine,4,20.652684241898
2024,MAY,Office of Field Operations,Coastal/Interior,Other,LOS ANGELES FIELD OFFICE,Ecstasy,12,4.927552017961999
2024,MAY,Office of Field Operations,Coastal/Interior,Other,LOS ANGELES FIELD OFFICE,Heroin,2,4.80938424553
2024,MAY,Office of Field Operations,Coastal/Interior,Other,LOS ANGELES FIELD OFFICE,Ketamine,9,84.646926419424
2024,MAY,Office of Field Operations,Coastal/Interior,Other,LOS ANGELES FIELD OFFICE,Lsd,4,0.157410055068
2024,MAY,Office of Field Operations,Coastal/Interior,Other,LOS ANGELES FIELD OFFICE,Marijuana,54,992.359504685954
2024,MAY,Office of Field Operations,Coastal/Interior,Other,LOS ANGELES FIELD OFFICE,Methamphetamine,18,99.3909354387814
2024,MAY,Office of Field Operations,Coastal/Interior,Other,LOS ANGELES FIELD OFFICE,Other Drugs**,188,1853.162409445065
2024,MAY,Office of Field Operations,Coastal/Interior,Other,MIAMI FIELD OFFICE,Cocaine,19,2841.626059360538
2024,MAY,Office of Field Operations,Coastal/Interior,Other,MIAMI FIELD OFFICE,Ecstasy,15,4.500957540992
2024,MAY,Office of Field Operations,Coastal/Interior,Other,MIAMI FIELD OFFICE,Fentanyl,2,2.7998707274
2024,MAY,Office of Field Operations,Coastal/Interior,Other,MIAMI FIELD OFFICE,Ketamine,8,2.22225960096
2024,MAY,Office of Field Operations,Coastal/Interior,Other,MIAMI FIELD OFFICE,Marijuana,86,525.6144626067402
2024,MAY,Office of Field Operations,Coastal/Interior,Other,MIAMI FIELD OFFICE,Methamphetamine,6,123.600954647859
2024,MAY,Office of Field Operations,Coastal/Interior,Other,MIAMI FIELD OFFICE,Other Drugs**,497,2552.6135041227462
2024,MAY,Office of Field Operations,Coastal/Interior,Other,NEW ORLEANS FIELD OFFICE,Cocaine,14,289.18189230123403
2024,MAY,Office of Field Operations,Coastal/Interior,Other,NEW ORLEANS FIELD OFFICE,Ecstasy,1,5.070632026
2024,MAY,Office of Field Operations,Coastal/Interior,Other,NEW ORLEANS FIELD OFFICE,Fentanyl,2,3.810469736408
2024,MAY,Office of Field Operations,Coastal/Interior,Other,NEW ORLEANS FIELD OFFICE,Heroin,1,3.968320716
2024,MAY,Office of Field Operations,Coastal/Interior,Other,NEW ORLEANS FIELD OFFICE,Ketamine,16,202.091362169802
2024,MAY,Office of Field Operations,Coastal/Interior,Other,NEW ORLEANS FIELD OFFICE,Lsd,1,0.026675933702
2024,MAY,Office of Field Operations,Coastal/Interior,Other,NEW ORLEANS FIELD OFFICE,Marijuana,129,1285.581367938338
2024,MAY,Office of Field Operations,Coastal/Interior,Other,NEW ORLEANS FIELD OFFICE,Methamphetamine,21,286.064335454292
2024,MAY,Office of Field Operations,Coastal/Interior,Other,NEW ORLEANS FIELD OFFICE,Other Drugs**,84,642.879640491886
2024,MAY,Office of Field Operations,Coastal/Interior,Other,NEW YORK FIELD OFFICE,Cocaine,14,1702.979923035794
2024,MAY,Office of Field Operations,Coastal/Interior,Other,NEW YORK FIELD OFFICE,Ecstasy,41,11.747772555194
2024,MAY,Office of Field Operations,Coastal/Interior,Other,NEW YORK FIELD OFFICE,Fentanyl,2,3.328318769414
2024,MAY,Office of Field Operations,Coastal/Interior,Other,NEW YORK FIELD OFFICE,Heroin,7,0.022707612986
2024,MAY,Office of Field Operations,Coastal/Interior,Other,NEW YORK FIELD OFFICE,Ketamine,15,141.2132879269674
2024,MAY,Office of Field Operations,Coastal/Interior,Other,NEW YORK FIELD OFFICE,Khat (Catha Edulis),1,515.88169308
2024,MAY,Office of Field Operations,Coastal/Interior,Other,NEW YORK FIELD OFFICE,Lsd,4,0.007495716908
2024,MAY,Office of Field Operations,Coastal/Interior,Other,NEW YORK FIELD OFFICE,Marijuana,216,762.9641118297139
2024,MAY,Office of Field Operations,Coastal/Interior,Other,NEW YORK FIELD OFFICE,Methamphetamine,7,0.1788169407082
2024,MAY,Office of Field Operations,Coastal/Interior,Other,NEW YORK FIELD OFFICE,Other Drugs**,513,862.3949729841436
2024,MAY,Office of Field Operations,Coastal/Interior,Other,PRECLEARANCE FIELD OFFICE,Cocaine,2,0.00220462262
2024,MAY,Office of Field Operations,Coastal/Interior,Other,PRECLEARANCE FIELD OFFICE,Ecstasy,5,0.037037660016
2024,MAY,Office of Field Operations,Coastal/Interior,Other,PRECLEARANCE FIELD OFFICE,Ketamine,3,0.0440924523999999
2024,MAY,Office of Field Operations,Coastal/Interior,Other,PRECLEARANCE FIELD OFFICE,Lsd,3,0.074075320032
2024,MAY,Office of Field Operations,Coastal/Interior,Other,PRECLEARANCE FIELD OFFICE,Marijuana,60,4.9870988749282
2024,MAY,Office of Field Operations,Coastal/Interior,Other,PRECLEARANCE FIELD OFFICE,Methamphetamine,1,0.07054792384
2024,MAY,Office of Field Operations,Coastal/Interior,Other,PRECLEARANCE FIELD OFFICE,Other Drugs**,27,1.2622787273072
2024,MAY,Office of Field Operations,Coastal/Interior,Other,SAN FRANCISCO FIELD OFFICE,Cocaine,2,7.4516244556
2024,MAY,Office of Field Operations,Coastal/Interior,Other,SAN FRANCISCO FIELD OFFICE,Lsd,1,0.1543235834
2024,MAY,Office of Field Operations,Coastal/Interior,Other,SAN FRANCISCO FIELD OFFICE,Marijuana,37,635.548388431338
2024,MAY,Office of Field Operations,Coastal/Interior,Other,SAN FRANCISCO FIELD OFFICE,Methamphetamine,19,98.164790476216
2024,MAY,Office of Field Operations,Coastal/Interior,Other,SAN FRANCISCO FIELD OFFICE,Other Drugs**,12,5.067766016594
2024,MAY,Office of Field Operations,Coastal/Interior,Other,SAN JUAN FIELD OFFICE,Cocaine,6,3.258211770098
2024,MAY,Office of Field Operations,Coastal/Interior,Other,SAN JUAN FIELD OFFICE,Ketamine,2,1.082910630944
2024,MAY,Office of Field Operations,Coastal/Interior,Other,SAN JUAN FIELD OFFICE,Lsd,1,0.000220462262
2024,MAY,Office of Field Operations,Coastal/Interior,Other,SAN JUAN FIELD OFFICE,Marijuana,79,239.0946962116086
2024,MAY,Office of Field Operations,Coastal/Interior,Other,SAN JUAN FIELD OFFICE,Other Drugs**,11,7.921539767053
2024,MAY,Office of Field Operations,Coastal/Interior,Other,TAMPA FIELD OFFICE,Cocaine,1,0.0015211896078
2024,MAY,Office of Field Operations,Coastal/Interior,Other,TAMPA FIELD OFFICE,Ketamine,1,0.00771617917
2024,MAY,Office of Field Operations,Coastal/Interior,Other,TAMPA FIELD OFFICE,Lsd,1,0.00110231131
2024,MAY,Office of Field Operations,Coastal/Interior,Other,TAMPA FIELD OFFICE,Marijuana,13,35.1333731355226
2024,MAY,Office of Field Operations,Coastal/Interior,Other,TAMPA FIELD OFFICE,Other Drugs**,4,0.538368843804
2024,MAY,Office of Field Operations,Northern Border,Land Only,BOSTON FIELD OFFICE,Cocaine,1,0.00330693393
2024,MAY,Office of Field Operations,Northern Border,Land Only,BOSTON FIELD OFFICE,Marijuana,24,2.1374477687686
2024,MAY,Office of Field Operations,Northern Border,Land Only,BOSTON FIELD OFFICE,Other Drugs**,5,0.3165617620058
2024,MAY,Office of Field Operations,Northern Border,Land Only,BUFFALO FIELD OFFICE,Cocaine,1,0.000551155655
2024,MAY,Office of Field Operations,Northern Border,Land Only,BUFFALO FIELD OFFICE,Ecstasy,1,0.076941329438
2024,MAY,Office of Field Operations,Northern Border,Land Only,BUFFALO FIELD OFFICE,Marijuana,57,38.5125966412324
2024,MAY,Office of Field Operations,Northern Border,Land Only,BUFFALO FIELD OFFICE,Methamphetamine,1,0.0017196056436
2024,MAY,Office of Field Operations,Northern Border,Land Only,BUFFALO FIELD OFFICE,Other Drugs**,6,3.198686959358
2024,MAY,Office of Field Operations,Northern Border,Land Only,DETROIT FIELD OFFICE,Cocaine,4,0.0423508005301999
2024,MAY,Office of Field Operations,Northern Border,Land Only,DETROIT FIELD OFFICE,Ecstasy,4,0.0454372721982
2024,MAY,Office of Field Operations,Northern Border,Land Only,DETROIT FIELD OFFICE,Ketamine,3,0.0800939397846
2024,MAY,Office of Field Operations,Northern Border,Land Only,DETROIT FIELD OFFICE,Lsd,1,0.0014991433816
2024,MAY,Office of Field Operations,Northern Border,Land Only,DETROIT FIELD OFFICE,Marijuana,158,10.4245801048962
2024,MAY,Office of Field Operations,Northern Border,Land Only,DETROIT FIELD OFFICE,Methamphetamine,3,0.005952481074
2024,MAY,Office of Field Operations,Northern Border,Land Only,DETROIT FIELD OFFICE,Other Drugs**,99,6.698856062001
2024,MAY,Office of Field Operations,Northern Border,Land Only,SEATTLE FIELD OFFICE,Cocaine,1,0.0026235009178
2024,MAY,Office of Field Operations,Northern Border,Land Only,SEATTLE FIELD OFFICE,Ecstasy,1,0.000330693393
2024,MAY,Office of Field Operations,Northern Border,Land Only,SEATTLE FIELD OFFICE,Ketamine,1,0.00110231131
2024,MAY,Office of Field Operations,Northern Border,Land Only,SEATTLE FIELD OFFICE,Lsd,1,0.000220462262
2024,MAY,Office of Field Operations,Northern Border,Land Only,SEATTLE FIELD OFFICE,Marijuana,74,432.4679443692992
2024,MAY,Office of Field Operations,Northern Border,Land Only,SEATTLE FIELD OFFICE,Other Drugs**,7,0.5071072950524
2024,MAY,Office of Field Operations,Northern Border,Other,BOSTON FIELD OFFICE,Fentanyl,1,0.03637627323
2024,MAY,Office of Field Operations,Northern Border,Other,BOSTON FIELD OFFICE,Heroin,1,0.004188782978
2024,MAY,Office of Field Operations,Northern Border,Other,BOSTON FIELD OFFICE,Marijuana,4,70.90397039313
2024,MAY,Office of Field Operations,Northern Border,Other,BOSTON FIELD OFFICE,Other Drugs**,10,5.407498362336
2024,MAY,Office of Field Operations,Northern Border,Other,BUFFALO FIELD OFFICE,Lsd,1,0.004188782978
2024,MAY,Office of Field Operations,Northern Border,Other,BUFFALO FIELD OFFICE,Marijuana,4,3.237267855208
2024,MAY,Office of Field Operations,Northern Border,Other,BUFFALO FIELD OFFICE,Methamphetamine,2,0.229942139266
2024,MAY,Office of Field Operations,Northern Border,Other,BUFFALO FIELD OFFICE,Other Drugs**,3,0.273152742618
2024,MAY,Office of Field Operations,Northern Border,Other,DETROIT FIELD OFFICE,Ecstasy,1,0.0117726847908
2024,MAY,Office of Field Operations,Northern Border,Other,DETROIT FIELD OFFICE,Marijuana,9,1.1126509900878
2024,MAY,Office of Field Operations,Northern Border,Other,DETROIT FIELD OFFICE,Other Drugs**,23,13.6266180906366
2024,MAY,Office of Field Operations,Northern Border,Other,PORTLAND FIELD OFFICE,Cocaine,1,0.0078043640748
2024,MAY,Office of Field Operations,Northern Border,Other,PORTLAND FIELD OFFICE,Marijuana,7,1.960350433704
2024,MAY,Office of Field Operations,Northern Border,Other,PORTLAND FIELD OFFICE,Other Drugs**,2,0.353511237117
2024,MAY,Office of Field Operations,Northern Border,Other,SEATTLE FIELD OFFICE,Ecstasy,10,0.0241626639152
2024,MAY,Office of Field Operations,Northern Border,Other,SEATTLE FIELD OFFICE,Marijuana,1,0.0775806699978
2024,MAY,Office of Field Operations,Northern Border,Other,SEATTLE FIELD OFFICE,Methamphetamine,2,0.0329811543952
2024,MAY,Office of Field Operations,Northern Border,Other,SEATTLE FIELD OFFICE,Other Drugs**,17,0.9977460591334
2024,MAY,Office of Field Operations,Southwest Border,Land Only,EL PASO FIELD OFFICE,Cocaine,11,113.327964394314
2024,MAY,Office of Field Operations,Southwest Border,Land Only,EL PASO FIELD OFFICE,Ecstasy,2,0.235674158078
2024,MAY,Office of Field Operations,Southwest Border,Land Only,EL PASO FIELD OFFICE,Fentanyl,6,20.201397991584
2024,MAY,Office of Field Operations,Southwest Border,Land Only,EL PASO FIELD OFFICE,Heroin,1,16.2260224832
2024,MAY,Office of Field Operations,Southwest Border,Land Only,EL PASO FIELD OFFICE,Marijuana,42,100.64662234445478
2024,MAY,Office of Field Operations,Southwest Border,Land Only,EL PASO FIELD OFFICE,Methamphetamine,8,114.963573916092
2024,MAY,Office of Field Operations,Southwest Border,Land Only,EL PASO FIELD OFFICE,Other Drugs**,23,16.7617237336338
2024,MAY,Office of Field Operations,Southwest Border,Land Only,LAREDO FIELD OFFICE,Cocaine,15,476.4796193965024
2024,MAY,Office of Field Operations,Southwest Border,Land Only,LAREDO FIELD OFFICE,Fentanyl,2,0.156748668282
2024,MAY,Office of Field Operations,Southwest Border,Land Only,LAREDO FIELD OFFICE,Heroin,3,50.7724589386
2024,MAY,Office of Field Operations,Southwest Border,Land Only,LAREDO FIELD OFFICE,Ketamine,1,0.226855667598
2024,MAY,Office of Field Operations,Southwest Border,Land Only,LAREDO FIELD OFFICE,Marijuana,24,0.5510233776428
2024,MAY,Office of Field Operations,Southwest Border,Land Only,LAREDO FIELD OFFICE,Methamphetamine,15,968.285444553852
2024,MAY,Office of Field Operations,Southwest Border,Land Only,LAREDO FIELD OFFICE,Other Drugs**,19,6.8487042614824
2024,MAY,Office of Field Operations,Southwest Border,Land Only,SAN DIEGO FIELD OFFICE,Cocaine,15,913.8932377817
2024,MAY,Office of Field Operations,Southwest Border,Land Only,SAN DIEGO FIELD OFFICE,Ecstasy,1,0.011684499886
2024,MAY,Office of Field Operations,Southwest Border,Land Only,SAN DIEGO FIELD OFFICE,Fentanyl,28,559.352772594553
2024,MAY,Office of Field Operations,Southwest Border,Land Only,SAN DIEGO FIELD OFFICE,Heroin,6,21.72986285403
2024,MAY,Office of Field Operations,Southwest Border,Land Only,SAN DIEGO FIELD OFFICE,Marijuana,35,3.718977897678
2024,MAY,Office of Field Operations,Southwest Border,Land Only,SAN DIEGO FIELD OFFICE,Methamphetamine,80,16406.845189567877
2024,MAY,Office of Field Operations,Southwest Border,Land Only,SAN DIEGO FIELD OFFICE,Other Drugs**,41,191.31673208530225
2024,MAY,Office of Field Operations,Southwest Border,Land Only,TUCSON FIELD OFFICE,Cocaine,6,7.5023969145386
2024,MAY,Office of Field Operations,Southwest Border,Land Only,TUCSON FIELD OFFICE,Fentanyl,23,1374.070510659898
2024,MAY,Office of Field Operations,Southwest Border,Land Only,TUCSON FIELD OFFICE,Heroin,1,4.1005980732
2024,MAY,Office of Field Operations,Southwest Border,Land Only,TUCSON FIELD OFFICE,Marijuana,13,0.9723047140986
2024,MAY,Office of Field Operations,Southwest Border,Land Only,TUCSON FIELD OFFICE,Methamphetamine,14,2024.422499060012
2024,MAY,Office of Field Operations,Southwest Border,Land Only,TUCSON FIELD OFFICE,Other Drugs**,13,43.55893372596
2024,MAY,Office of Field Operations,Southwest Border,Other,EL PASO FIELD OFFICE,Fentanyl,1,1.2566348934
2024,MAY,Office of Field Operations,Southwest Border,Other,EL PASO FIELD OFFICE,Lsd,1,0.029982867632
2024,MAY,Office of Field Operations,Southwest Border,Other,EL PASO FIELD OFFICE,Marijuana,1,0.033951188348
2024,MAY,Office of Field Operations,Southwest Border,Other,LAREDO FIELD OFFICE,Cocaine,2,0.04960400895
2024,MAY,Office of Field Operations,Southwest Border,Other,LAREDO FIELD OFFICE,Marijuana,1,0.0126324876126
2024,MAY,Office of Field Operations,Southwest Border,Other,SAN DIEGO FIELD OFFICE,Fentanyl,1,2.5573622392
2024,MAY,Office of Field Operations,Southwest Border,Other,SAN DIEGO FIELD OFFICE,Marijuana,2,0.583784069776
2024,MAY,Office of Field Operations,Southwest Border,Other,SAN DIEGO FIELD OFFICE,Methamphetamine,2,3.2357246193740004
2024,MAY,Office of Field Operations,Southwest Border,Other,SAN DIEGO FIELD OFFICE,Other Drugs**,1,0.032187490252
2024,MAY,Office of Field Operations,Southwest Border,Other,TUCSON FIELD OFFICE,Marijuana,4,172.632753796838
2024,MAY,Office of Field Operations,Southwest Border,Other,TUCSON FIELD OFFICE,Methamphetamine,1,0.0133600130772
2024,MAY,Office of Field Operations,Southwest Border,Other,TUCSON FIELD OFFICE,Other Drugs**,2,0.032187490252
2024,MAY,U.S. Border Patrol,Coastal/Interior,Other,MIAMI SECTOR,Cocaine,4,67.1114
2024,MAY,U.S. Border Patrol,Coastal/Interior,Other,MIAMI SECTOR,Marijuana,4,44.9027
2024,MAY,U.S. Border Patrol,Coastal/Interior,Other,MIAMI SECTOR,Methamphetamine,1,0.0026
2024,MAY,U.S. Border Patrol,Coastal/Interior,Other,NEW ORLEANS SECTOR,Marijuana,2,0.0407999999999999
2024,MAY,U.S. Border Patrol,Northern Border,Land Only,BUFFALO SECTOR,Marijuana,3,1619.9164999999998
2024,MAY,U.S. Border Patrol,Northern Border,Land Only,DETROIT SECTOR,Marijuana,10,106.8047
2024,MAY,U.S. Border Patrol,Northern Border,Land Only,DETROIT SECTOR,Other Drugs**,3,6.291
2024,MAY,U.S. Border Patrol,Northern Border,Land Only,HAVRE SECTOR,Cocaine,1,0.216
2024,MAY,U.S. Border Patrol,Northern Border,Land Only,HAVRE SECTOR,Fentanyl,2,0.0984999999999999
2024,MAY,U.S. Border Patrol,Northern Border,Land Only,HAVRE SECTOR,Methamphetamine,1,0.1411
2024,MAY,U.S. Border Patrol,Northern Border,Land Only,HOULTON SECTOR,Marijuana,2,0.0
2024,MAY,U.S. Border Patrol,Northern Border,Land Only,SPOKANE SECTOR,Cocaine,2,1.1124
2024,MAY,U.S. Border Patrol,Northern Border,Land Only,SPOKANE SECTOR,Fentanyl,5,1.0939
2024,MAY,U.S. Border Patrol,Northern Border,Land Only,SWANTON SECTOR,Cocaine,1,0.3397
2024,MAY,U.S. Border Patrol,Northern Border,Land Only,SWANTON SECTOR,Fentanyl,1,0.0957
2024,MAY,U.S. Border Patrol,Northern Border,Land Only,SWANTON SECTOR,Other Drugs**,1,0.0028
2024,MAY,U.S. Border Patrol,Southwest Border,Land Only,BIG BEND SECTOR,Cocaine,5,0.0477999999999999
2024,MAY,U.S. Border Patrol,Southwest Border,Land Only,BIG BEND SECTOR,Ecstasy,1,0.002
2024,MAY,U.S. Border Patrol,Southwest Border,Land Only,BIG BEND SECTOR,Marijuana,67,814.7259
2024,MAY,U.S. Border Patrol,Southwest Border,Land Only,BIG BEND SECTOR,Methamphetamine,4,0.123
2024,MAY,U.S. Border Patrol,Southwest Border,Land Only,BIG BEND SECTOR,Other Drugs**,10,170.7729
2024,MAY,U.S. Border Patrol,Southwest Border,Land Only,DEL RIO SECTOR,Fentanyl,1,0.0114
2024,MAY,U.S. Border Patrol,Southwest Border,Land Only,DEL RIO SECTOR,Heroin,1,0.0084
2024,MAY,U.S. Border Patrol,Southwest Border,Land Only,DEL RIO SECTOR,Marijuana,7,0.3501999999999999
2024,MAY,U.S. Border Patrol,Southwest Border,Land Only,DEL RIO SECTOR,Methamphetamine,4,0.0390999999999999
2024,MAY,U.S. Border Patrol,Southwest Border,Land Only,DEL RIO SECTOR,Other Drugs**,2,0.0463
2024,MAY,U.S. Border Patrol,Southwest Border,Land Only,EL CENTRO SECTOR,Cocaine,4,106.8117
2024,MAY,U.S. Border Patrol,Southwest Border,Land Only,EL CENTRO SECTOR,Fentanyl,8,276.0683
2024,MAY,U.S. Border Patrol,Southwest Border,Land Only,EL CENTRO SECTOR,Marijuana,2,0.0992
2024,MAY,U.S. Border Patrol,Southwest Border,Land Only,EL CENTRO SECTOR,Methamphetamine,7,56.6989
2024,MAY,U.S. Border Patrol,Southwest Border,Land Only,EL PASO SECTOR,Cocaine,2,14.4564
2024,MAY,U.S. Border Patrol,Southwest Border,Land Only,EL PASO SECTOR,Fentanyl,1,0.0088
2024,MAY,U.S. Border Patrol,Southwest Border,Land Only,EL PASO SECTOR,Marijuana,15,1532.8948
2024,MAY,U.S. Border Patrol,Southwest Border,Land Only,EL PASO SECTOR,Methamphetamine,4,0.0369
2024,MAY,U.S. Border Patrol,Southwest Border,Land Only,EL PASO SECTOR,Other Drugs**,5,24.5616
2024,MAY,U.S. Border Patrol,Southwest Border,Land Only,LAREDO SECTOR,Cocaine,3,0.0
2024,MAY,U.S. Border Patrol,Southwest Border,Land Only,LAREDO SECTOR,Marijuana,17,0.8171
2024,MAY,U.S. Border Patrol,Southwest Border,Land Only,LAREDO SECTOR,Other Drugs**,2,0.1528
2024,MAY,U.S. Border Patrol,Southwest Border,Land Only,RIO GRANDE VALLEY SECTOR,Cocaine,4,108.4882
2024,MAY,U.S. Border Patrol,Southwest Border,Land Only,RIO GRANDE VALLEY SECTOR,Fentanyl,1,0.0066
2024,MAY,U.S. Border Patrol,Southwest Border,Land Only,RIO GRANDE VALLEY SECTOR,Marijuana,49,680.0011
2024,MAY,U.S. Border Patrol,Southwest Border,Land Only,RIO GRANDE VALLEY SECTOR,Methamphetamine,4,0.0507
2024,MAY,U.S. Border Patrol,Southwest Border,Land Only,RIO GRANDE VALLEY SECTOR,Other Drugs**,14,3.7742
2024,MAY,U.S. Border Patrol,Southwest Border,Land Only,SAN DIEGO SECTOR,Cocaine,8,217.6556
2024,MAY,U.S. Border Patrol,Southwest Border,Land Only,SAN DIEGO SECTOR,Fentanyl,4,52.8003
2024,MAY,U.S. Border Patrol,Southwest Border,Land Only,SAN DIEGO SECTOR,Heroin,1,11.4638
2024,MAY,U.S. Border Patrol,Southwest Border,Land Only,SAN DIEGO SECTOR,Marijuana,3,0.9058
2024,MAY,U.S. Border Patrol,Southwest Border,Land Only,SAN DIEGO SECTOR,Methamphetamine,11,501.2514
2024,MAY,U.S. Border Patrol,Southwest Border,Land Only,SAN DIEGO SECTOR,Other Drugs**,1,0.0066
2024,MAY,U.S. Border Patrol,Southwest Border,Land Only,TUCSON SECTOR,Cocaine,7,0.0472
2024,MAY,U.S. Border Patrol,Southwest Border,Land Only,TUCSON SECTOR,Fentanyl,9,0.9639
2024,MAY,U.S. Border Patrol,Southwest Border,Land Only,TUCSON SECTOR,Heroin,2,0.031
2024,MAY,U.S. Border Patrol,Southwest Border,Land Only,TUCSON SECTOR,Marijuana,26,18.44
2024,MAY,U.S. Border Patrol,Southwest Border,Land Only,TUCSON SECTOR,Methamphetamine,11,1.2036
2024,MAY,U.S. Border Patrol,Southwest Border,Land Only,TUCSON SECTOR,Other Drugs**,3,0.0721
2024,MAY,U.S. Border Patrol,Southwest Border,Land Only,YUMA SECTOR,Cocaine,1,35.1918
2024,MAY,U.S. Border Patrol,Southwest Border,Land Only,YUMA SECTOR,Fentanyl,3,13.5913
2024,MAY,U.S. Border Patrol,Southwest Border,Land Only,YUMA SECTOR,Heroin,1,2.5132
2024,MAY,U.S. Border Patrol,Southwest Border,Land Only,YUMA SECTOR,Marijuana,5,22.5436
2024,MAY,U.S. Border Patrol,Southwest Border,Land Only,YUMA SECTOR,Methamphetamine,2,0.9513
2024,MAY,U.S. Border Patrol,Southwest Border,Land Only,YUMA SECTOR,Other Drugs**,1,0.0
2024,NOV,Office of Field Operations,Coastal/Interior,Other,ATLANTA FIELD OFFICE,Cocaine,2,29.652174239
2024,NOV,Office of Field Operations,Coastal/Interior,Other,ATLANTA FIELD OFFICE,Marijuana,2,9.218188561006
2024,NOV,Office of Field Operations,Coastal/Interior,Other,ATLANTA FIELD OFFICE,Methamphetamine,1,5.732018812
2024,NOV,Office of Field Operations,Coastal/Interior,Other,ATLANTA FIELD OFFICE,Other Drugs**,4,7.948325931886
2024,NOV,Office of Field Operations,Coastal/Interior,Other,BALTIMORE FIELD OFFICE,Cocaine,1,0.0705699700662
2024,NOV,Office of Field Operations,Coastal/Interior,Other,BALTIMORE FIELD OFFICE,Ecstasy,1,0.66910296517
2024,NOV,Office of Field Operations,Coastal/Interior,Other,BALTIMORE FIELD OFFICE,Heroin,1,0.0996268961978
2024,NOV,Office of Field Operations,Coastal/Interior,Other,BALTIMORE FIELD OFFICE,Ketamine,5,3.197364185786
2024,NOV,Office of Field Operations,Coastal/Interior,Other,BALTIMORE FIELD OFFICE,Marijuana,57,166.812550080038
2024,NOV,Office of Field Operations,Coastal/Interior,Other,BALTIMORE FIELD OFFICE,Methamphetamine,5,1.5529582197542
2024,NOV,Office of Field Operations,Coastal/Interior,Other,BALTIMORE FIELD OFFICE,Other Drugs**,33,26.0117029528202
2024,NOV,Office of Field Operations,Coastal/Interior,Other,CHICAGO FIELD OFFICE,Cocaine,20,126.600564184631
2024,NOV,Office of Field Operations,Coastal/Interior,Other,CHICAGO FIELD OFFICE,Ecstasy,23,15.507866664735
2024,NOV,Office of Field Operations,Coastal/Interior,Other,CHICAGO FIELD OFFICE,Fentanyl,1,2.425084882
2024,NOV,Office of Field Operations,Coastal/Interior,Other,CHICAGO FIELD OFFICE,Heroin,2,0.0612003239312
2024,NOV,Office of Field Operations,Coastal/Interior,Other,CHICAGO FIELD OFFICE,Ketamine,20,396.1006439533626
2024,NOV,Office of Field Operations,Coastal/Interior,Other,CHICAGO FIELD OFFICE,Khat (Catha Edulis),7,295.93200583915
2024,NOV,Office of Field Operations,Coastal/Interior,Other,CHICAGO FIELD OFFICE,Lsd,4,0.0032628414776
2024,NOV,Office of Field Operations,Coastal/Interior,Other,CHICAGO FIELD OFFICE,Marijuana,456,3095.019541053395
2024,NOV,Office of Field Operations,Coastal/Interior,Other,CHICAGO FIELD OFFICE,Methamphetamine,52,769.5463654013432
2024,NOV,Office of Field Operations,Coastal/Interior,Other,CHICAGO FIELD OFFICE,Other Drugs**,150,452.8291334083808
2024,NOV,Office of Field Operations,Coastal/Interior,Other,HOUSTON FIELD OFFICE,Marijuana,29,389.666056004821
2024,NOV,Office of Field Operations,Coastal/Interior,Other,HOUSTON FIELD OFFICE,Methamphetamine,1,0.007495716908
2024,NOV,Office of Field Operations,Coastal/Interior,Other,HOUSTON FIELD OFFICE,Other Drugs**,27,5.916545725294
2024,NOV,Office of Field Operations,Coastal/Interior,Other,LOS ANGELES FIELD OFFICE,Cocaine,6,40.14838253282
2024,NOV,Office of Field Operations,Coastal/Interior,Other,LOS ANGELES FIELD OFFICE,Ecstasy,6,6.401562701694
2024,NOV,Office of Field Operations,Coastal/Interior,Other,LOS ANGELES FIELD OFFICE,Heroin,2,0.0096342008494
2024,NOV,Office of Field Operations,Coastal/Interior,Other,LOS ANGELES FIELD OFFICE,Ketamine,18,90.546496550544
2024,NOV,Office of Field Operations,Coastal/Interior,Other,LOS ANGELES FIELD OFFICE,Lsd,8,0.2505333145368
2024,NOV,Office of Field Operations,Coastal/Interior,Other,LOS ANGELES FIELD OFFICE,Marijuana,49,1025.6880855598397
2024,NOV,Office of Field Operations,Coastal/Interior,Other,LOS ANGELES FIELD OFFICE,Methamphetamine,27,359.283600522946
2024,NOV,Office of Field Operations,Coastal/Interior,Other,LOS ANGELES FIELD OFFICE,Other Drugs**,201,406.0228567018394
2024,NOV,Office of Field Operations,Coastal/Interior,Other,MIAMI FIELD OFFICE,Cocaine,24,48.8675106713366
2024,NOV,Office of Field Operations,Coastal/Interior,Other,MIAMI FIELD OFFICE,Ecstasy,9,3.353010542758
2024,NOV,Office of Field Operations,Coastal/Interior,Other,MIAMI FIELD OFFICE,Fentanyl,4,5.96129956448
2024,NOV,Office of Field Operations,Coastal/Interior,Other,MIAMI FIELD OFFICE,Ketamine,9,35.1503266834704
2024,NOV,Office of Field Operations,Coastal/Interior,Other,MIAMI FIELD OFFICE,Lsd,2,0.026675933702
2024,NOV,Office of Field Operations,Coastal/Interior,Other,MIAMI FIELD OFFICE,Marijuana,69,252.1363617824806
2024,NOV,Office of Field Operations,Coastal/Interior,Other,MIAMI FIELD OFFICE,Methamphetamine,2,0.2271202223124
2024,NOV,Office of Field Operations,Coastal/Interior,Other,MIAMI FIELD OFFICE,Other Drugs**,469,773.2985228694522
2024,NOV,Office of Field Operations,Coastal/Interior,Other,NEW ORLEANS FIELD OFFICE,Cocaine,7,25.2323247641978
2024,NOV,Office of Field Operations,Coastal/Interior,Other,NEW ORLEANS FIELD OFFICE,Ecstasy,3,2.894008113274
2024,NOV,Office of Field Operations,Coastal/Interior,Other,NEW ORLEANS FIELD OFFICE,Heroin,1,1.486577032666
2024,NOV,Office of Field Operations,Coastal/Interior,Other,NEW ORLEANS FIELD OFFICE,Ketamine,15,173.429504411706
2024,NOV,Office of Field Operations,Coastal/Interior,Other,NEW ORLEANS FIELD OFFICE,Marijuana,347,3311.304814806412
2024,NOV,Office of Field Operations,Coastal/Interior,Other,NEW ORLEANS FIELD OFFICE,Methamphetamine,22,313.738963203152
2024,NOV,Office of Field Operations,Coastal/Interior,Other,NEW ORLEANS FIELD OFFICE,Other Drugs**,181,480.555040679382
2024,NOV,Office of Field Operations,Coastal/Interior,Other,NEW YORK FIELD OFFICE,Cocaine,5,28.24893194137
2024,NOV,Office of Field Operations,Coastal/Interior,Other,NEW YORK FIELD OFFICE,Ecstasy,41,13.957024882696
2024,NOV,Office of Field Operations,Coastal/Interior,Other,NEW YORK FIELD OFFICE,Heroin,2,0.020282528104
2024,NOV,Office of Field Operations,Coastal/Interior,Other,NEW YORK FIELD OFFICE,Ketamine,20,382.8554917146646
2024,NOV,Office of Field Operations,Coastal/Interior,Other,NEW YORK FIELD OFFICE,Lsd,13,0.037258122278
2024,NOV,Office of Field Operations,Coastal/Interior,Other,NEW YORK FIELD OFFICE,Marijuana,50,1275.982881975382
2024,NOV,Office of Field Operations,Coastal/Interior,Other,NEW YORK FIELD OFFICE,Methamphetamine,6,0.405430099818
2024,NOV,Office of Field Operations,Coastal/Interior,Other,NEW YORK FIELD OFFICE,Other Drugs**,406,549.5769688342704
2024,NOV,Office of Field Operations,Coastal/Interior,Other,PRECLEARANCE FIELD OFFICE,Cocaine,2,0.008377565956
2024,NOV,Office of Field Operations,Coastal/Interior,Other,PRECLEARANCE FIELD OFFICE,Ecstasy,1,0.00440924524
2024,NOV,Office of Field Operations,Coastal/Interior,Other,PRECLEARANCE FIELD OFFICE,Ketamine,2,11.64481667884
2024,NOV,Office of Field Operations,Coastal/Interior,Other,PRECLEARANCE FIELD OFFICE,Marijuana,42,2.132531460326
2024,NOV,Office of Field Operations,Coastal/Interior,Other,PRECLEARANCE FIELD OFFICE,Other Drugs**,7,1.921769537854
2024,NOV,Office of Field Operations,Coastal/Interior,Other,SAN FRANCISCO FIELD OFFICE,Cocaine,1,2.9321480846
2024,NOV,Office of Field Operations,Coastal/Interior,Other,SAN FRANCISCO FIELD OFFICE,Ecstasy,1,0.000881849048
2024,NOV,Office of Field Operations,Coastal/Interior,Other,SAN FRANCISCO FIELD OFFICE,Khat (Catha Edulis),1,33.289801562
2024,NOV,Office of Field Operations,Coastal/Interior,Other,SAN FRANCISCO FIELD OFFICE,Marijuana,28,367.6782743504773
2024,NOV,Office of Field Operations,Coastal/Interior,Other,SAN FRANCISCO FIELD OFFICE,Methamphetamine,26,244.462665690368
2024,NOV,Office of Field Operations,Coastal/Interior,Other,SAN FRANCISCO FIELD OFFICE,Other Drugs**,8,74.25389446422
2024,NOV,Office of Field Operations,Coastal/Interior,Other,SAN JUAN FIELD OFFICE,Cocaine,6,90.546937475068
2024,NOV,Office of Field Operations,Coastal/Interior,Other,SAN JUAN FIELD OFFICE,Marijuana,92,259.3304422236122
2024,NOV,Office of Field Operations,Coastal/Interior,Other,SAN JUAN FIELD OFFICE,Other Drugs**,6,14.658293291891802
2024,NOV,Office of Field Operations,Coastal/Interior,Other,TAMPA FIELD OFFICE,Cocaine,1,0.064154518242
2024,NOV,Office of Field Operations,Coastal/Interior,Other,TAMPA FIELD OFFICE,Ecstasy,1,0.000661386786
2024,NOV,Office of Field Operations,Coastal/Interior,Other,TAMPA FIELD OFFICE,Ketamine,1,0.0013668660244
2024,NOV,Office of Field Operations,Coastal/Interior,Other,TAMPA FIELD OFFICE,Marijuana,9,1.9836312485712
2024,NOV,Office of Field Operations,Coastal/Interior,Other,TAMPA FIELD OFFICE,Methamphetamine,2,0.025573622392
2024,NOV,Office of Field Operations,Coastal/Interior,Other,TAMPA FIELD OFFICE,Other Drugs**,8,1.0458068322494
2024,NOV,Office of Field Operations,Northern Border,Land Only,BOSTON FIELD OFFICE,Marijuana,20,0.776468086764
2024,NOV,Office of Field Operations,Northern Border,Land Only,BOSTON FIELD OFFICE,Other Drugs**,1,0.045415225972
2024,NOV,Office of Field Operations,Northern Border,Land Only,BUFFALO FIELD OFFICE,Cocaine,1,0.04188782978
2024,NOV,Office of Field Operations,Northern Border,Land Only,BUFFALO FIELD OFFICE,Marijuana,33,80.7488008876448
2024,NOV,Office of Field Operations,Northern Border,Land Only,BUFFALO FIELD OFFICE,Other Drugs**,4,2.1530344506920005
2024,NOV,Office of Field Operations,Northern Border,Land Only,DETROIT FIELD OFFICE,Cocaine,1,0.0102074027306
2024,NOV,Office of Field Operations,Northern Border,Land Only,DETROIT FIELD OFFICE,Ecstasy,1,0.0073634395508
2024,NOV,Office of Field Operations,Northern Border,Land Only,DETROIT FIELD OFFICE,Marijuana,110,11.8345024090648
2024,NOV,Office of Field Operations,Northern Border,Land Only,DETROIT FIELD OFFICE,Methamphetamine,1,0.0292553421674
2024,NOV,Office of Field Operations,Northern Border,Land Only,DETROIT FIELD OFFICE,Other Drugs**,62,4.3086262636232
2024,NOV,Office of Field Operations,Northern Border,Land Only,SEATTLE FIELD OFFICE,Cocaine,2,0.022266688462
2024,NOV,Office of Field Operations,Northern Border,Land Only,SEATTLE FIELD OFFICE,Heroin,1,0.0065477291814
2024,NOV,Office of Field Operations,Northern Border,Land Only,SEATTLE FIELD OFFICE,Ketamine,1,0.007495716908
2024,NOV,Office of Field Operations,Northern Border,Land Only,SEATTLE FIELD OFFICE,Marijuana,68,6.1840546340048
2024,NOV,Office of Field Operations,Northern Border,Land Only,SEATTLE FIELD OFFICE,Methamphetamine,1,0.019621141318
2024,NOV,Office of Field Operations,Northern Border,Land Only,SEATTLE FIELD OFFICE,Other Drugs**,10,1.5397966227128
2024,NOV,Office of Field Operations,Northern Border,Other,BOSTON FIELD OFFICE,Marijuana,1,5.1588169308
2024,NOV,Office of Field Operations,Northern Border,Other,BOSTON FIELD OFFICE,Other Drugs**,9,8.558565473102
2024,NOV,Office of Field Operations,Northern Border,Other,BUFFALO FIELD OFFICE,Marijuana,7,13.683210753292
2024,NOV,Office of Field Operations,Northern Border,Other,DETROIT FIELD OFFICE,Ketamine,1,33.620494955
2024,NOV,Office of Field Operations,Northern Border,Other,DETROIT FIELD OFFICE,Marijuana,9,1.955169570547
2024,NOV,Office of Field Operations,Northern Border,Other,DETROIT FIELD OFFICE,Other Drugs**,9,0.9083927043448
2024,NOV,Office of Field Operations,Northern Border,Other,PORTLAND FIELD OFFICE,Marijuana,1,2.1164377152
2024,NOV,Office of Field Operations,Northern Border,Other,PORTLAND FIELD OFFICE,Methamphetamine,1,10.1192178258
2024,NOV,Office of Field Operations,Northern Border,Other,PORTLAND FIELD OFFICE,Other Drugs**,5,3.16142883708
2024,NOV,Office of Field Operations,Northern Border,Other,SEATTLE FIELD OFFICE,Ecstasy,12,0.1679701974178
2024,NOV,Office of Field Operations,Northern Border,Other,SEATTLE FIELD OFFICE,Lsd,1,0.0011684499886
2024,NOV,Office of Field Operations,Northern Border,Other,SEATTLE FIELD OFFICE,Marijuana,10,36.5671274102134
2024,NOV,Office of Field Operations,Northern Border,Other,SEATTLE FIELD OFFICE,Methamphetamine,2,9.8781643885292
2024,NOV,Office of Field Operations,Northern Border,Other,SEATTLE FIELD OFFICE,Other Drugs**,19,1.6528937631188
2024,NOV,Office of Field Operations,Southwest Border,Land Only,EL PASO FIELD OFFICE,Cocaine,11,48.530137271798
2024,NOV,Office of Field Operations,Southwest Border,Land Only,EL PASO FIELD OFFICE,Fentanyl,3,18.836957052066
2024,NOV,Office of Field Operations,Southwest Border,Land Only,EL PASO FIELD OFFICE,Marijuana,51,4.7076850040694
2024,NOV,Office of Field Operations,Southwest Border,Land Only,EL PASO FIELD OFFICE,Methamphetamine,12,807.26886938802
2024,NOV,Office of Field Operations,Southwest Border,Land Only,EL PASO FIELD OFFICE,Other Drugs**,18,35.340034459921405
2024,NOV,Office of Field Operations,Southwest Border,Land Only,LAREDO FIELD OFFICE,Cocaine,10,215.3590897441288
2024,NOV,Office of Field Operations,Southwest Border,Land Only,LAREDO FIELD OFFICE,Marijuana,19,4.729246213293
2024,NOV,Office of Field Operations,Southwest Border,Land Only,LAREDO FIELD OFFICE,Methamphetamine,3,2023.2047757558548
2024,NOV,Office of Field Operations,Southwest Border,Land Only,LAREDO FIELD OFFICE,Other Drugs**,17,120.64202039842598
2024,NOV,Office of Field Operations,Southwest Border,Land Only,SAN DIEGO FIELD OFFICE,Cocaine,27,3132.0284307442043
2024,NOV,Office of Field Operations,Southwest Border,Land Only,SAN DIEGO FIELD OFFICE,Fentanyl,17,347.12089594444177
2024,NOV,Office of Field Operations,Southwest Border,Land Only,SAN DIEGO FIELD OFFICE,Heroin,5,21.7908647619254
2024,NOV,Office of Field Operations,Southwest Border,Land Only,SAN DIEGO FIELD OFFICE,Marijuana,52,3.1594667229482
2024,NOV,Office of Field Operations,Southwest Border,Land Only,SAN DIEGO FIELD OFFICE,Methamphetamine,80,10989.156422141676
2024,NOV,Office of Field Operations,Southwest Border,Land Only,SAN DIEGO FIELD OFFICE,Other Drugs**,35,62.139162473927
2024,NOV,Office of Field Operations,Southwest Border,Land Only,TUCSON FIELD OFFICE,Cocaine,8,86.3094764296184
2024,NOV,Office of Field Operations,Southwest Border,Land Only,TUCSON FIELD OFFICE,Fentanyl,24,1255.963144887686
2024,NOV,Office of Field Operations,Southwest Border,Land Only,TUCSON FIELD OFFICE,Heroin,4,17.797477486736
2024,NOV,Office of Field Operations,Southwest Border,Land Only,TUCSON FIELD OFFICE,Marijuana,5,0.1465192193252
2024,NOV,Office of Field Operations,Southwest Border,Land Only,TUCSON FIELD OFFICE,Methamphetamine,19,978.0725139357226
2024,NOV,Office of Field Operations,Southwest Border,Land Only,TUCSON FIELD OFFICE,Other Drugs**,3,0.116183612074
2024,NOV,Office of Field Operations,Southwest Border,Other,EL PASO FIELD OFFICE,Cocaine,1,0.00220462262
2024,NOV,Office of Field Operations,Southwest Border,Other,EL PASO FIELD OFFICE,Marijuana,1,0.010802650838
2024,NOV,Office of Field Operations,Southwest Border,Other,LAREDO FIELD OFFICE,Cocaine,1,20.8116375328
2024,NOV,Office of Field Operations,Southwest Border,Other,LAREDO FIELD OFFICE,Marijuana,2,0.0255956686182
2024,NOV,Office of Field Operations,Southwest Border,Other,SAN DIEGO FIELD OFFICE,Marijuana,3,0.71099079495
2024,NOV,Office of Field Operations,Southwest Border,Other,SAN DIEGO FIELD OFFICE,Other Drugs**,2,0.404107326246
2024,NOV,U.S. Border Patrol,Coastal/Interior,Other,MIAMI SECTOR,Cocaine,2,5.9491
2024,NOV,U.S. Border Patrol,Coastal/Interior,Other,MIAMI SECTOR,Marijuana,1,5.149900000000001
2024,NOV,U.S. Border Patrol,Coastal/Interior,Other,NEW ORLEANS SECTOR,Marijuana,2,0.0463
2024,NOV,U.S. Border Patrol,Northern Border,Land Only,BLAINE SECTOR,Marijuana,1,0.0022
2024,NOV,U.S. Border Patrol,Northern Border,Land Only,BLAINE SECTOR,Other Drugs**,1,0.0848
2024,NOV,U.S. Border Patrol,Northern Border,Land Only,BUFFALO SECTOR,Marijuana,2,232.92470000000003
2024,NOV,U.S. Border Patrol,Northern Border,Land Only,DETROIT SECTOR,Marijuana,2,16.2509
2024,NOV,U.S. Border Patrol,Northern Border,Land Only,HAVRE SECTOR,Marijuana,1,0.0595
2024,NOV,U.S. Border Patrol,Northern Border,Land Only,HAVRE SECTOR,Methamphetamine,1,0.0176
2024,NOV,U.S. Border Patrol,Northern Border,Land Only,HOULTON SECTOR,Methamphetamine,1,0.002
2024,NOV,U.S. Border Patrol,Northern Border,Land Only,HOULTON SECTOR,Other Drugs**,1,0.0289
2024,NOV,U.S. Border Patrol,Northern Border,Land Only,SWANTON SECTOR,Cocaine,1,0.0617
2024,NOV,U.S. Border Patrol,Northern Border,Land Only,SWANTON SECTOR,Marijuana,3,1.4541
2024,NOV,U.S. Border Patrol,Northern Border,Land Only,SWANTON SECTOR,Methamphetamine,1,0.0985
2024,NOV,U.S. Border Patrol,Southwest Border,Land Only,BIG BEND SECTOR,Cocaine,1,3.065
2024,NOV,U.S. Border Patrol,Southwest Border,Land Only,BIG BEND SECTOR,Fentanyl,1,2.4497
2024,NOV,U.S. Border Patrol,Southwest Border,Land Only,BIG BEND SECTOR,Marijuana,50,884.9445000000001
2024,NOV,U.S. Border Patrol,Southwest Border,Land Only,BIG BEND SECTOR,Methamphetamine,3,0.0397
2024,NOV,U.S. Border Patrol,Southwest Border,Land Only,BIG BEND SECTOR,Other Drugs**,4,0.2663
2024,NOV,U.S. Border Patrol,Southwest Border,Land Only,DEL RIO SECTOR,Cocaine,2,0.0104999999999999
2024,NOV,U.S. Border Patrol,Southwest Border,Land Only,DEL RIO SECTOR,Fentanyl,1,0.0131
2024,NOV,U.S. Border Patrol,Southwest Border,Land Only,DEL RIO SECTOR,Marijuana,9,0.6897
2024,NOV,U.S. Border Patrol,Southwest Border,Land Only,DEL RIO SECTOR,Methamphetamine,5,0.0648
2024,NOV,U.S. Border Patrol,Southwest Border,Land Only,DEL RIO SECTOR,Other Drugs**,2,0.0437
2024,NOV,U.S. Border Patrol,Southwest Border,Land Only,EL CENTRO SECTOR,Cocaine,2,10.7494
2024,NOV,U.S. Border Patrol,Southwest Border,Land Only,EL CENTRO SECTOR,Heroin,1,2.4802
2024,NOV,U.S. Border Patrol,Southwest Border,Land Only,EL CENTRO SECTOR,Marijuana,3,0.0573
2024,NOV,U.S. Border Patrol,Southwest Border,Land Only,EL CENTRO SECTOR,Methamphetamine,5,542.652
2024,NOV,U.S. Border Patrol,Southwest Border,Land Only,EL CENTRO SECTOR,Other Drugs**,2,4.074199999999999
2024,NOV,U.S. Border Patrol,Southwest Border,Land Only,EL PASO SECTOR,Fentanyl,3,0.1084
2024,NOV,U.S. Border Patrol,Southwest Border,Land Only,EL PASO SECTOR,Marijuana,5,2.814
2024,NOV,U.S. Border Patrol,Southwest Border,Land Only,EL PASO SECTOR,Methamphetamine,4,48.4121
2024,NOV,U.S. Border Patrol,Southwest Border,Land Only,EL PASO SECTOR,Other Drugs**,4,1.3263
2024,NOV,U.S. Border Patrol,Southwest Border,Land Only,LAREDO SECTOR,Cocaine,1,0.0465
2024,NOV,U.S. Border Patrol,Southwest Border,Land Only,LAREDO SECTOR,Marijuana,17,4174.217799999999
2024,NOV,U.S. Border Patrol,Southwest Border,Land Only,LAREDO SECTOR,Methamphetamine,2,111.783
2024,NOV,U.S. Border Patrol,Southwest Border,Land Only,LAREDO SECTOR,Other Drugs**,2,0.0075
2024,NOV,U.S. Border Patrol,Southwest Border,Land Only,RIO GRANDE VALLEY SECTOR,Cocaine,5,45.4836
2024,NOV,U.S. Border Patrol,Southwest Border,Land Only,RIO GRANDE VALLEY SECTOR,Marijuana,43,3481.3843
2024,NOV,U.S. Border Patrol,Southwest Border,Land Only,RIO GRANDE VALLEY SECTOR,Methamphetamine,3,0.0242
2024,NOV,U.S. Border Patrol,Southwest Border,Land Only,RIO GRANDE VALLEY SECTOR,Other Drugs**,7,21.4261
2024,NOV,U.S. Border Patrol,Southwest Border,Land Only,SAN DIEGO SECTOR,Cocaine,6,78.1673
2024,NOV,U.S. Border Patrol,Southwest Border,Land Only,SAN DIEGO SECTOR,Fentanyl,3,130.4903
2024,NOV,U.S. Border Patrol,Southwest Border,Land Only,SAN DIEGO SECTOR,Heroin,2,19.8413
2024,NOV,U.S. Border Patrol,Southwest Border,Land Only,SAN DIEGO SECTOR,Methamphetamine,11,750.267
2024,NOV,U.S. Border Patrol,Southwest Border,Land Only,SAN DIEGO SECTOR,Other Drugs**,1,14.9648
2024,NOV,U.S. Border Patrol,Southwest Border,Land Only,TUCSON SECTOR,Cocaine,4,0.0187
2024,NOV,U.S. Border Patrol,Southwest Border,Land Only,TUCSON SECTOR,Fentanyl,4,438.0629
2024,NOV,U.S. Border Patrol,Southwest Border,Land Only,TUCSON SECTOR,Marijuana,12,0.4271999999999999
2024,NOV,U.S. Border Patrol,Southwest Border,Land Only,TUCSON SECTOR,Methamphetamine,7,81.396
2024,NOV,U.S. Border Patrol,Southwest Border,Land Only,TUCSON SECTOR,Other Drugs**,1,0.0
2024,NOV,U.S. Border Patrol,Southwest Border,Land Only,YUMA SECTOR,Cocaine,2,0.016
2024,NOV,U.S. Border Patrol,Southwest Border,Land Only,YUMA SECTOR,Fentanyl,1,3.5715
2024,NOV,U.S. Border Patrol,Southwest Border,Land Only,YUMA SECTOR,Heroin,1,8.5758
2024,NOV,U.S. Border Patrol,Southwest Border,Land Only,YUMA SECTOR,Marijuana,5,0.1329
2024,NOV,U.S. Border Patrol,Southwest Border,Land Only,YUMA SECTOR,Methamphetamine,2,105.4453
2024,OCT,Office of Field Operations,Coastal/Interior,Other,ATLANTA FIELD OFFICE,Cocaine,1,14.6827866492
2024,OCT,Office of Field Operations,Coastal/Interior,Other,ATLANTA FIELD OFFICE,Marijuana,1,0.102955876354
2024,OCT,Office of Field Operations,Coastal/Interior,Other,ATLANTA FIELD OFFICE,Methamphetamine,1,4.9824471212
2024,OCT,Office of Field Operations,Coastal/Interior,Other,ATLANTA FIELD OFFICE,Other Drugs**,4,14.271404068308
2024,OCT,Office of Field Operations,Coastal/Interior,Other,BALTIMORE FIELD OFFICE,Ecstasy,2,0.302915147988
2024,OCT,Office of Field Operations,Coastal/Interior,Other,BALTIMORE FIELD OFFICE,Ketamine,6,52.76874472101
2024,OCT,Office of Field Operations,Coastal/Interior,Other,BALTIMORE FIELD OFFICE,Marijuana,38,368.3296521497824
2024,OCT,Office of Field Operations,Coastal/Interior,Other,BALTIMORE FIELD OFFICE,Methamphetamine,3,4.55585264423
2024,OCT,Office of Field Operations,Coastal/Interior,Other,BALTIMORE FIELD OFFICE,Other Drugs**,46,40.20349809832
2024,OCT,Office of Field Operations,Coastal/Interior,Other,CHICAGO FIELD OFFICE,Cocaine,21,106.7779644516154
2024,OCT,Office of Field Operations,Coastal/Interior,Other,CHICAGO FIELD OFFICE,Ecstasy,25,23.2624503607754
2024,OCT,Office of Field Operations,Coastal/Interior,Other,CHICAGO FIELD OFFICE,Fentanyl,1,1.1464037624
2024,OCT,Office of Field Operations,Coastal/Interior,Other,CHICAGO FIELD OFFICE,Heroin,4,0.0195329564132
2024,OCT,Office of Field Operations,Coastal/Interior,Other,CHICAGO FIELD OFFICE,Ketamine,34,90.5653901663974
2024,OCT,Office of Field Operations,Coastal/Interior,Other,CHICAGO FIELD OFFICE,Khat (Catha Edulis),7,128.749961008
2024,OCT,Office of Field Operations,Coastal/Interior,Other,CHICAGO FIELD OFFICE,Lsd,4,0.0061068046574
2024,OCT,Office of Field Operations,Coastal/Interior,Other,CHICAGO FIELD OFFICE,Marijuana,445,3547.275869412648
2024,OCT,Office of Field Operations,Coastal/Interior,Other,CHICAGO FIELD OFFICE,Methamphetamine,34,341.1326779377716
2024,OCT,Office of Field Operations,Coastal/Interior,Other,CHICAGO FIELD OFFICE,Other Drugs**,202,762.2575523262302
2024,OCT,Office of Field Operations,Coastal/Interior,Other,HOUSTON FIELD OFFICE,Cocaine,2,2.4129374113638
2024,OCT,Office of Field Operations,Coastal/Interior,Other,HOUSTON FIELD OFFICE,Ecstasy,1,0.0059745273002
2024,OCT,Office of Field Operations,Coastal/Interior,Other,HOUSTON FIELD OFFICE,Fentanyl,1,318.347506328
2024,OCT,Office of Field Operations,Coastal/Interior,Other,HOUSTON FIELD OFFICE,Ketamine,1,2.20462262
2024,OCT,Office of Field Operations,Coastal/Interior,Other,HOUSTON FIELD OFFICE,Marijuana,19,4.9576230704988
2024,OCT,Office of Field Operations,Coastal/Interior,Other,HOUSTON FIELD OFFICE,Other Drugs**,12,0.966175863215
2024,OCT,Office of Field Operations,Coastal/Interior,Other,LOS ANGELES FIELD OFFICE,Cocaine,8,18.742819666192
2024,OCT,Office of Field Operations,Coastal/Interior,Other,LOS ANGELES FIELD OFFICE,Ecstasy,5,7.642103849968
2024,OCT,Office of Field Operations,Coastal/Interior,Other,LOS ANGELES FIELD OFFICE,Ketamine,1,2.645547144
2024,OCT,Office of Field Operations,Coastal/Interior,Other,LOS ANGELES FIELD OFFICE,Khat (Catha Edulis),1,7.1429772888
2024,OCT,Office of Field Operations,Coastal/Interior,Other,LOS ANGELES FIELD OFFICE,Marijuana,35,623.341282753267
2024,OCT,Office of Field Operations,Coastal/Interior,Other,LOS ANGELES FIELD OFFICE,Methamphetamine,25,1176.176529496314
2024,OCT,Office of Field Operations,Coastal/Interior,Other,LOS ANGELES FIELD OFFICE,Other Drugs**,112,475.611857887044
2024,OCT,Office of Field Operations,Coastal/Interior,Other,MIAMI FIELD OFFICE,Cocaine,15,47.7741721754
2024,OCT,Office of Field Operations,Coastal/Interior,Other,MIAMI FIELD OFFICE,Ecstasy,3,0.797852926178
2024,OCT,Office of Field Operations,Coastal/Interior,Other,MIAMI FIELD OFFICE,Fentanyl,1,0.220462262
2024,OCT,Office of Field Operations,Coastal/Interior,Other,MIAMI FIELD OFFICE,Ketamine,9,32.201820299030004
2024,OCT,Office of Field Operations,Coastal/Interior,Other,MIAMI FIELD OFFICE,Lsd,2,0.076720867176
2024,OCT,Office of Field Operations,Coastal/Interior,Other,MIAMI FIELD OFFICE,Marijuana,73,503.6391591164256
2024,OCT,Office of Field Operations,Coastal/Interior,Other,MIAMI FIELD OFFICE,Methamphetamine,2,0.0661386786
2024,OCT,Office of Field Operations,Coastal/Interior,Other,MIAMI FIELD OFFICE,Other Drugs**,539,483.67877046966
2024,OCT,Office of Field Operations,Coastal/Interior,Other,NEW ORLEANS FIELD OFFICE,Cocaine,5,8.871180960618
2024,OCT,Office of Field Operations,Coastal/Interior,Other,NEW ORLEANS FIELD OFFICE,Ecstasy,1,2.425084882
2024,OCT,Office of Field Operations,Coastal/Interior,Other,NEW ORLEANS FIELD OFFICE,Ketamine,7,61.60928142721
2024,OCT,Office of Field Operations,Coastal/Interior,Other,NEW ORLEANS FIELD OFFICE,Lsd,1,0.028219169536
2024,OCT,Office of Field Operations,Coastal/Interior,Other,NEW ORLEANS FIELD OFFICE,Marijuana,361,3446.704138098594
2024,OCT,Office of Field Operations,Coastal/Interior,Other,NEW ORLEANS FIELD OFFICE,Methamphetamine,19,264.92398868885
2024,OCT,Office of Field Operations,Coastal/Interior,Other,NEW ORLEANS FIELD OFFICE,Other Drugs**,76,370.995878653958
2024,OCT,Office of Field Operations,Coastal/Interior,Other,NEW YORK FIELD OFFICE,Cocaine,7,9.9233591522392
2024,OCT,Office of Field Operations,Coastal/Interior,Other,NEW YORK FIELD OFFICE,Ecstasy,73,25.2772549731934
2024,OCT,Office of Field Operations,Coastal/Interior,Other,NEW YORK FIELD OFFICE,Fentanyl,1,0.005070632026
2024,OCT,Office of Field Operations,Coastal/Interior,Other,NEW YORK FIELD OFFICE,Heroin,4,0.013668660244
2024,OCT,Office of Field Operations,Coastal/Interior,Other,NEW YORK FIELD OFFICE,Ketamine,30,30.0032162987826
2024,OCT,Office of Field Operations,Coastal/Interior,Other,NEW YORK FIELD OFFICE,Khat (Catha Edulis),1,141.09584768
2024,OCT,Office of Field Operations,Coastal/Interior,Other,NEW YORK FIELD OFFICE,Lsd,45,0.146386941968
2024,OCT,Office of Field Operations,Coastal/Interior,Other,NEW YORK FIELD OFFICE,Marijuana,70,397.7620034673422
2024,OCT,Office of Field Operations,Coastal/Interior,Other,NEW YORK FIELD OFFICE,Methamphetamine,19,26.568568580406
2024,OCT,Office of Field Operations,Coastal/Interior,Other,NEW YORK FIELD OFFICE,Other Drugs**,654,861.7806548910806
2024,OCT,Office of Field Operations,Coastal/Interior,Other,PRECLEARANCE FIELD OFFICE,Cocaine,1,10.912881969
2024,OCT,Office of Field Operations,Coastal/Interior,Other,PRECLEARANCE FIELD OFFICE,Ecstasy,1,0.00440924524
2024,OCT,Office of Field Operations,Coastal/Interior,Other,PRECLEARANCE FIELD OFFICE,Ketamine,1,0.04629707502
2024,OCT,Office of Field Operations,Coastal/Interior,Other,PRECLEARANCE FIELD OFFICE,Marijuana,49,4.8182247822362
2024,OCT,Office of Field Operations,Coastal/Interior,Other,PRECLEARANCE FIELD OFFICE,Other Drugs**,11,1.0110178873058
2024,OCT,Office of Field Operations,Coastal/Interior,Other,SAN FRANCISCO FIELD OFFICE,Cocaine,2,0.00661386786
2024,OCT,Office of Field Operations,Coastal/Interior,Other,SAN FRANCISCO FIELD OFFICE,Ecstasy,4,0.105380961236
2024,OCT,Office of Field Operations,Coastal/Interior,Other,SAN FRANCISCO FIELD OFFICE,Ketamine,1,0.005291094288
2024,OCT,Office of Field Operations,Coastal/Interior,Other,SAN FRANCISCO FIELD OFFICE,Khat (Catha Edulis),1,106.92419707
2024,OCT,Office of Field Operations,Coastal/Interior,Other,SAN FRANCISCO FIELD OFFICE,Marijuana,28,54.161625292326
2024,OCT,Office of Field Operations,Coastal/Interior,Other,SAN FRANCISCO FIELD OFFICE,Methamphetamine,18,65.6460777217872
2024,OCT,Office of Field Operations,Coastal/Interior,Other,SAN FRANCISCO FIELD OFFICE,Other Drugs**,11,6.757388792562
2024,OCT,Office of Field Operations,Coastal/Interior,Other,SAN JUAN FIELD OFFICE,Cocaine,12,24.827137172868
2024,OCT,Office of Field Operations,Coastal/Interior,Other,SAN JUAN FIELD OFFICE,Ecstasy,2,0.022707612986
2024,OCT,Office of Field Operations,Coastal/Interior,Other,SAN JUAN FIELD OFFICE,Ketamine,1,0.169094554954
2024,OCT,Office of Field Operations,Coastal/Interior,Other,SAN JUAN FIELD OFFICE,Marijuana,86,174.519690297296
2024,OCT,Office of Field Operations,Coastal/Interior,Other,SAN JUAN FIELD OFFICE,Methamphetamine,1,0.0052690480618
2024,OCT,Office of Field Operations,Coastal/Interior,Other,SAN JUAN FIELD OFFICE,Other Drugs**,5,6.42316800337
2024,OCT,Office of Field Operations,Coastal/Interior,Other,TAMPA FIELD OFFICE,Marijuana,10,72.086309504236
2024,OCT,Office of Field Operations,Coastal/Interior,Other,TAMPA FIELD OFFICE,Other Drugs**,11,3.849712019044
2024,OCT,Office of Field Operations,Northern Border,Land Only,BOSTON FIELD OFFICE,Marijuana,37,3.49873609794
2024,OCT,Office of Field Operations,Northern Border,Land Only,BOSTON FIELD OFFICE,Other Drugs**,5,0.1236572827558
2024,OCT,Office of Field Operations,Northern Border,Land Only,BUFFALO FIELD OFFICE,Ketamine,1,0.110451593262
2024,OCT,Office of Field Operations,Northern Border,Land Only,BUFFALO FIELD OFFICE,Marijuana,57,17.8009828367018
2024,OCT,Office of Field Operations,Northern Border,Land Only,BUFFALO FIELD OFFICE,Other Drugs**,6,0.5496124191659999
2024,OCT,Office of Field Operations,Northern Border,Land Only,DETROIT FIELD OFFICE,Cocaine,1,0.0357369326702
2024,OCT,Office of Field Operations,Northern Border,Land Only,DETROIT FIELD OFFICE,Ecstasy,2,0.2183678705109999
2024,OCT,Office of Field Operations,Northern Border,Land Only,DETROIT FIELD OFFICE,Fentanyl,1,0.001322773572
2024,OCT,Office of Field Operations,Northern Border,Land Only,DETROIT FIELD OFFICE,Khat (Catha Edulis),1,0.3404598712066
2024,OCT,Office of Field Operations,Northern Border,Land Only,DETROIT FIELD OFFICE,Marijuana,129,14.8996994687818
2024,OCT,Office of Field Operations,Northern Border,Land Only,DETROIT FIELD OFFICE,Methamphetamine,1,0.0020723452628
2024,OCT,Office of Field Operations,Northern Border,Land Only,DETROIT FIELD OFFICE,Other Drugs**,90,15.8725773847616
2024,OCT,Office of Field Operations,Northern Border,Land Only,SEATTLE FIELD OFFICE,Ecstasy,1,0.0016975594174
2024,OCT,Office of Field Operations,Northern Border,Land Only,SEATTLE FIELD OFFICE,Lsd,2,0.0032407952514
2024,OCT,Office of Field Operations,Northern Border,Land Only,SEATTLE FIELD OFFICE,Marijuana,104,9.9336106474222
2024,OCT,Office of Field Operations,Northern Border,Land Only,SEATTLE FIELD OFFICE,Methamphetamine,1,0.001212542441
2024,OCT,Office of Field Operations,Northern Border,Land Only,SEATTLE FIELD OFFICE,Other Drugs**,16,1.7468547791832
2024,OCT,Office of Field Operations,Northern Border,Other,BOSTON FIELD OFFICE,Marijuana,1,42.3948929826
2024,OCT,Office of Field Operations,Northern Border,Other,BOSTON FIELD OFFICE,Other Drugs**,4,2.444706023318
2024,OCT,Office of Field Operations,Northern Border,Other,BUFFALO FIELD OFFICE,Cocaine,1,0.005952481074
2024,OCT,Office of Field Operations,Northern Border,Other,BUFFALO FIELD OFFICE,Ecstasy,1,0.046958461806
2024,OCT,Office of Field Operations,Northern Border,Other,BUFFALO FIELD OFFICE,Ketamine,1,0.016755131912
2024,OCT,Office of Field Operations,Northern Border,Other,BUFFALO FIELD OFFICE,Marijuana,1,0.162480687094
2024,OCT,Office of Field Operations,Northern Border,Other,BUFFALO FIELD OFFICE,Methamphetamine,1,0.003086471668
2024,OCT,Office of Field Operations,Northern Border,Other,BUFFALO FIELD OFFICE,Other Drugs**,5,0.14770971554
2024,OCT,Office of Field Operations,Northern Border,Other,DETROIT FIELD OFFICE,Cocaine,2,0.105601423498
2024,OCT,Office of Field Operations,Northern Border,Other,DETROIT FIELD OFFICE,Ecstasy,5,0.039462744898
2024,OCT,Office of Field Operations,Northern Border,Other,DETROIT FIELD OFFICE,Ketamine,2,0.020062065842
2024,OCT,Office of Field Operations,Northern Border,Other,DETROIT FIELD OFFICE,Lsd,5,0.052470018356
2024,OCT,Office of Field Operations,Northern Border,Other,DETROIT FIELD OFFICE,Marijuana,27,18.6170238994948
2024,OCT,Office of Field Operations,Northern Border,Other,DETROIT FIELD OFFICE,Other Drugs**,19,6.5419751163618
2024,OCT,Office of Field Operations,Northern Border,Other,PORTLAND FIELD OFFICE,Cocaine,1,8.8846291586
2024,OCT,Office of Field Operations,Northern Border,Other,PORTLAND FIELD OFFICE,Ketamine,2,101.3244556152
2024,OCT,Office of Field Operations,Northern Border,Other,PORTLAND FIELD OFFICE,Marijuana,2,0.2825444349792
2024,OCT,Office of Field Operations,Northern Border,Other,PORTLAND FIELD OFFICE,Methamphetamine,1,0.013999353637
2024,OCT,Office of Field Operations,Northern Border,Other,PORTLAND FIELD OFFICE,Other Drugs**,5,1.3086198947796
2024,OCT,Office of Field Operations,Northern Border,Other,SEATTLE FIELD OFFICE,Fentanyl,1,2.645547144
2024,OCT,Office of Field Operations,Northern Border,Other,SEATTLE FIELD OFFICE,Heroin,1,4.629707502
2024,OCT,Office of Field Operations,Northern Border,Other,SEATTLE FIELD OFFICE,Lsd,1,0.0064595442766
2024,OCT,Office of Field Operations,Northern Border,Other,SEATTLE FIELD OFFICE,Marijuana,6,0.6673392670739999
2024,OCT,Office of Field Operations,Northern Border,Other,SEATTLE FIELD OFFICE,Methamphetamine,2,0.0117285923384
2024,OCT,Office of Field Operations,Northern Border,Other,SEATTLE FIELD OFFICE,Other Drugs**,14,2.3149860283572
2024,OCT,Office of Field Operations,Southwest Border,Land Only,EL PASO FIELD OFFICE,Cocaine,18,265.91472404805177
2024,OCT,Office of Field Operations,Southwest Border,Land Only,EL PASO FIELD OFFICE,Fentanyl,5,27.660077239568
2024,OCT,Office of Field Operations,Southwest Border,Land Only,EL PASO FIELD OFFICE,Marijuana,51,333.64447879290583
2024,OCT,Office of Field Operations,Southwest Border,Land Only,EL PASO FIELD OFFICE,Methamphetamine,12,218.99012524549505
2024,OCT,Office of Field Operations,Southwest Border,Land Only,EL PASO FIELD OFFICE,Other Drugs**,14,117.2773033095558
2024,OCT,Office of Field Operations,Southwest Border,Land Only,LAREDO FIELD OFFICE,Cocaine,23,608.1574735674458
2024,OCT,Office of Field Operations,Southwest Border,Land Only,LAREDO FIELD OFFICE,Fentanyl,1,18.2101828412
2024,OCT,Office of Field Operations,Southwest Border,Land Only,LAREDO FIELD OFFICE,Heroin,4,35.714886444
2024,OCT,Office of Field Operations,Southwest Border,Land Only,LAREDO FIELD OFFICE,Marijuana,16,5.3258391404912
2024,OCT,Office of Field Operations,Southwest Border,Land Only,LAREDO FIELD OFFICE,Methamphetamine,10,2208.62972002789
2024,OCT,Office of Field Operations,Southwest Border,Land Only,LAREDO FIELD OFFICE,Other Drugs**,20,49.8303355081692
2024,OCT,Office of Field Operations,Southwest Border,Land Only,SAN DIEGO FIELD OFFICE,Cocaine,23,1355.88920837502
2024,OCT,Office of Field Operations,Southwest Border,Land Only,SAN DIEGO FIELD OFFICE,Fentanyl,22,408.995746212457
2024,OCT,Office of Field Operations,Southwest Border,Land Only,SAN DIEGO FIELD OFFICE,Heroin,5,13.110670258878
2024,OCT,Office of Field Operations,Southwest Border,Land Only,SAN DIEGO FIELD OFFICE,Marijuana,36,1721.0606724829777
2024,OCT,Office of Field Operations,Southwest Border,Land Only,SAN DIEGO FIELD OFFICE,Methamphetamine,82,5047.734595006418
2024,OCT,Office of Field Operations,Southwest Border,Land Only,SAN DIEGO FIELD OFFICE,Other Drugs**,19,8.9581974154294
2024,OCT,Office of Field Operations,Southwest Border,Land Only,TUCSON FIELD OFFICE,Cocaine,8,1442.8773999244315
2024,OCT,Office of Field Operations,Southwest Border,Land Only,TUCSON FIELD OFFICE,Fentanyl,15,607.3267276717773
2024,OCT,Office of Field Operations,Southwest Border,Land Only,TUCSON FIELD OFFICE,Heroin,2,13.8450300536
2024,OCT,Office of Field Operations,Southwest Border,Land Only,TUCSON FIELD OFFICE,Ketamine,1,13.007273458
2024,OCT,Office of Field Operations,Southwest Border,Land Only,TUCSON FIELD OFFICE,Marijuana,7,1.3300267804198
2024,OCT,Office of Field Operations,Southwest Border,Land Only,TUCSON FIELD OFFICE,Methamphetamine,16,1075.6086121793933
2024,OCT,Office of Field Operations,Southwest Border,Land Only,TUCSON FIELD OFFICE,Other Drugs**,4,0.435743660843
2024,OCT,Office of Field Operations,Southwest Border,Other,EL PASO FIELD OFFICE,Marijuana,1,0.013889122506
2024,OCT,Office of Field Operations,Southwest Border,Other,LAREDO FIELD OFFICE,Marijuana,1,0.0774263464144
2024,OCT,Office of Field Operations,Southwest Border,Other,SAN DIEGO FIELD OFFICE,Heroin,1,0.064154518242
2024,OCT,Office of Field Operations,Southwest Border,Other,SAN DIEGO FIELD OFFICE,Marijuana,1,1.07585583856
2024,OCT,Office of Field Operations,Southwest Border,Other,SAN DIEGO FIELD OFFICE,Methamphetamine,1,34.0834657052
2024,OCT,Office of Field Operations,Southwest Border,Other,TUCSON FIELD OFFICE,Marijuana,2,62.270006826424
2024,OCT,U.S. Border Patrol,Coastal/Interior,Other,MIAMI SECTOR,Cocaine,5,84.0642
2024,OCT,U.S. Border Patrol,Coastal/Interior,Other,MIAMI SECTOR,Marijuana,3,464.6350000000001
2024,OCT,U.S. Border Patrol,Coastal/Interior,Other,NEW ORLEANS SECTOR,Cocaine,1,0.0007
2024,OCT,U.S. Border Patrol,Coastal/Interior,Other,NEW ORLEANS SECTOR,Fentanyl,1,19.8414
2024,OCT,U.S. Border Patrol,Northern Border,Land Only,BLAINE SECTOR,Marijuana,2,0.0259
2024,OCT,U.S. Border Patrol,Northern Border,Land Only,BUFFALO SECTOR,Fentanyl,1,0.0551
2024,OCT,U.S. Border Patrol,Northern Border,Land Only,BUFFALO SECTOR,Marijuana,2,35.6549
2024,OCT,U.S. Border Patrol,Northern Border,Land Only,BUFFALO SECTOR,Methamphetamine,1,0.0617
2024,OCT,U.S. Border Patrol,Northern Border,Land Only,BUFFALO SECTOR,Other Drugs**,1,0.0242
2024,OCT,U.S. Border Patrol,Northern Border,Land Only,DETROIT SECTOR,Marijuana,6,26.9825
2024,OCT,U.S. Border Patrol,Northern Border,Land Only,DETROIT SECTOR,Other Drugs**,1,0.3654
2024,OCT,U.S. Border Patrol,Northern Border,Land Only,HOULTON SECTOR,Marijuana,2,0.3198
2024,OCT,U.S. Border Patrol,Northern Border,Land Only,HOULTON SECTOR,Methamphetamine,1,0.0022
2024,OCT,U.S. Border Patrol,Northern Border,Land Only,HOULTON SECTOR,Other Drugs**,2,0.2
2024,OCT,U.S. Border Patrol,Northern Border,Land Only,SWANTON SECTOR,Marijuana,3,0.1098
2024,OCT,U.S. Border Patrol,Northern Border,Land Only,SWANTON SECTOR,Methamphetamine,1,0.0031
2024,OCT,U.S. Border Patrol,Southwest Border,Land Only,BIG BEND SECTOR,Cocaine,4,0.1719
2024,OCT,U.S. Border Patrol,Southwest Border,Land Only,BIG BEND SECTOR,Ecstasy,1,0.0068
2024,OCT,U.S. Border Patrol,Southwest Border,Land Only,BIG BEND SECTOR,Fentanyl,1,0.0328
2024,OCT,U.S. Border Patrol,Southwest Border,Land Only,BIG BEND SECTOR,Marijuana,72,1402.3108
2024,OCT,U.S. Border Patrol,Southwest Border,Land Only,BIG BEND SECTOR,Methamphetamine,4,0.1211
2024,OCT,U.S. Border Patrol,Southwest Border,Land Only,BIG BEND SECTOR,Other Drugs**,9,9.0653
2024,OCT,U.S. Border Patrol,Southwest Border,Land Only,DEL RIO SECTOR,Cocaine,1,0.0132
2024,OCT,U.S. Border Patrol,Southwest Border,Land Only,DEL RIO SECTOR,Marijuana,6,0.1601
2024,OCT,U.S. Border Patrol,Southwest Border,Land Only,DEL RIO SECTOR,Methamphetamine,3,0.0348
2024,OCT,U.S. Border Patrol,Southwest Border,Land Only,DEL RIO SECTOR,Other Drugs**,1,0.0218
2024,OCT,U.S. Border Patrol,Southwest Border,Land Only,EL CENTRO SECTOR,Cocaine,1,7.1663
2024,OCT,U.S. Border Patrol,Southwest Border,Land Only,EL CENTRO SECTOR,Fentanyl,4,117.576
2024,OCT,U.S. Border Patrol,Southwest Border,Land Only,EL CENTRO SECTOR,Marijuana,2,0.1202
2024,OCT,U.S. Border Patrol,Southwest Border,Land Only,EL CENTRO SECTOR,Methamphetamine,2,1043.3597
2024,OCT,U.S. Border Patrol,Southwest Border,Land Only,EL PASO SECTOR,Cocaine,3,26.9451
2024,OCT,U.S. Border Patrol,Southwest Border,Land Only,EL PASO SECTOR,Marijuana,6,16.0708
2024,OCT,U.S. Border Patrol,Southwest Border,Land Only,EL PASO SECTOR,Methamphetamine,1,39.4056
2024,OCT,U.S. Border Patrol,Southwest Border,Land Only,EL PASO SECTOR,Other Drugs**,3,2.9154
2024,OCT,U.S. Border Patrol,Southwest Border,Land Only,LAREDO SECTOR,Cocaine,3,16.1256
2024,OCT,U.S. Border Patrol,Southwest Border,Land Only,LAREDO SECTOR,Marijuana,7,276.75600000000003
2024,OCT,U.S. Border Patrol,Southwest Border,Land Only,LAREDO SECTOR,Other Drugs**,1,0.0044
2024,OCT,U.S. Border Patrol,Southwest Border,Land Only,RIO GRANDE VALLEY SECTOR,Cocaine,10,148.3018
2024,OCT,U.S. Border Patrol,Southwest Border,Land Only,RIO GRANDE VALLEY SECTOR,Marijuana,31,1249.785
2024,OCT,U.S. Border Patrol,Southwest Border,Land Only,RIO GRANDE VALLEY SECTOR,Methamphetamine,4,0.0352
2024,OCT,U.S. Border Patrol,Southwest Border,Land Only,RIO GRANDE VALLEY SECTOR,Other Drugs**,6,0.497
2024,OCT,U.S. Border Patrol,Southwest Border,Land Only,SAN DIEGO SECTOR,Cocaine,4,381.7605
2024,OCT,U.S. Border Patrol,Southwest Border,Land Only,SAN DIEGO SECTOR,Ecstasy,1,0.0077
2024,OCT,U.S. Border Patrol,Southwest Border,Land Only,SAN DIEGO SECTOR,Fentanyl,1,0.2637
2024,OCT,U.S. Border Patrol,Southwest Border,Land Only,SAN DIEGO SECTOR,Marijuana,4,14.031300000000002
2024,OCT,U.S. Border Patrol,Southwest Border,Land Only,SAN DIEGO SECTOR,Methamphetamine,5,146.6372
2024,OCT,U.S. Border Patrol,Southwest Border,Land Only,TUCSON SECTOR,Cocaine,4,4.7231
2024,OCT,U.S. Border Patrol,Southwest Border,Land Only,TUCSON SECTOR,Fentanyl,8,223.6468
2024,OCT,U.S. Border Patrol,Southwest Border,Land Only,TUCSON SECTOR,Marijuana,16,229.102
2024,OCT,U.S. Border Patrol,Southwest Border,Land Only,TUCSON SECTOR,Methamphetamine,6,71.5377
2024,OCT,U.S. Border Patrol,Southwest Border,Land Only,TUCSON SECTOR,Other Drugs**,4,0.0892
2024,OCT,U.S. Border Patrol,Southwest Border,Land Only,YUMA SECTOR,Cocaine,1,0.0007
2024,OCT,U.S. Border Patrol,Southwest Border,Land Only,YUMA SECTOR,Fentanyl,1,26.4552
2024,OCT,U.S. Border Patrol,Southwest Border,Land Only,YUMA SECTOR,Marijuana,6,0.0833
2024,OCT,U.S. Border Patrol,Southwest Border,Land Only,YUMA SECTOR,Methamphetamine,3,0.0811
2024,SEP,Office of Field Operations,Coastal/Interior,Other,ATLANTA FIELD OFFICE,Cocaine,1,20.94391489
2024,SEP,Office of Field Operations,Coastal/Interior,Other,ATLANTA FIELD OFFICE,Marijuana,4,0.588413777278
2024,SEP,Office of Field Operations,Coastal/Interior,Other,ATLANTA FIELD OFFICE,Methamphetamine,1,0.00440924524
2024,SEP,Office of Field Operations,Coastal/Interior,Other,ATLANTA FIELD OFFICE,Other Drugs**,8,27884.986666317105
2024,SEP,Office of Field Operations,Coastal/Interior,Other,BALTIMORE FIELD OFFICE,Cocaine,8,37.833969706344
2024,SEP,Office of Field Operations,Coastal/Interior,Other,BALTIMORE FIELD OFFICE,Ecstasy,1,0.005732018812
2024,SEP,Office of Field Operations,Coastal/Interior,Other,BALTIMORE FIELD OFFICE,Fentanyl,6,0.269735577557
2024,SEP,Office of Field Operations,Coastal/Interior,Other,BALTIMORE FIELD OFFICE,Ketamine,1,0.0771617917
2024,SEP,Office of Field Operations,Coastal/Interior,Other,BALTIMORE FIELD OFFICE,Khat (Catha Edulis),1,40.234362815
2024,SEP,Office of Field Operations,Coastal/Interior,Other,BALTIMORE FIELD OFFICE,Lsd,1,0.004188782978
2024,SEP,Office of Field Operations,Coastal/Interior,Other,BALTIMORE FIELD OFFICE,Marijuana,19,78.998903729246
2024,SEP,Office of Field Operations,Coastal/Interior,Other,BALTIMORE FIELD OFFICE,Other Drugs**,25,41.90436444965
2024,SEP,Office of Field Operations,Coastal/Interior,Other,CHICAGO FIELD OFFICE,Cocaine,26,212.88056480982
2024,SEP,Office of Field Operations,Coastal/Interior,Other,CHICAGO FIELD OFFICE,Ecstasy,19,43.707194597155
2024,SEP,Office of Field Operations,Coastal/Interior,Other,CHICAGO FIELD OFFICE,Fentanyl,4,30.2915147988
2024,SEP,Office of Field Operations,Coastal/Interior,Other,CHICAGO FIELD OFFICE,Heroin,4,54.2377068189422
2024,SEP,Office of Field Operations,Coastal/Interior,Other,CHICAGO FIELD OFFICE,Ketamine,25,67.5117837064146
2024,SEP,Office of Field Operations,Coastal/Interior,Other,CHICAGO FIELD OFFICE,Khat (Catha Edulis),3,58.973655085
2024,SEP,Office of Field Operations,Coastal/Interior,Other,CHICAGO FIELD OFFICE,Lsd,2,0.145284630658
2024,SEP,Office of Field Operations,Coastal/Interior,Other,CHICAGO FIELD OFFICE,Marijuana,409,2969.1565113200586
2024,SEP,Office of Field Operations,Coastal/Interior,Other,CHICAGO FIELD OFFICE,Methamphetamine,34,1281.868651168901
2024,SEP,Office of Field Operations,Coastal/Interior,Other,CHICAGO FIELD OFFICE,Other Drugs**,397,1096.4637469164857
2024,SEP,Office of Field Operations,Coastal/Interior,Other,HOUSTON FIELD OFFICE,Cocaine,1,26.8082110592
2024,SEP,Office of Field Operations,Coastal/Interior,Other,HOUSTON FIELD OFFICE,Ecstasy,1,0.0093255536826
2024,SEP,Office of Field Operations,Coastal/Interior,Other,HOUSTON FIELD OFFICE,Marijuana,24,163.1803020362308
2024,SEP,Office of Field Operations,Coastal/Interior,Other,HOUSTON FIELD OFFICE,Methamphetamine,1,0.0022707612986
2024,SEP,Office of Field Operations,Coastal/Interior,Other,HOUSTON FIELD OFFICE,Other Drugs**,21,25.9888189700246
2024,SEP,Office of Field Operations,Coastal/Interior,Other,LOS ANGELES FIELD OFFICE,Cocaine,6,1.1428984124342
2024,SEP,Office of Field Operations,Coastal/Interior,Other,LOS ANGELES FIELD OFFICE,Ecstasy,16,1.4587326489754
2024,SEP,Office of Field Operations,Coastal/Interior,Other,LOS ANGELES FIELD OFFICE,Heroin,1,0.004629707502
2024,SEP,Office of Field Operations,Coastal/Interior,Other,LOS ANGELES FIELD OFFICE,Ketamine,6,5.1391296508034
2024,SEP,Office of Field Operations,Coastal/Interior,Other,LOS ANGELES FIELD OFFICE,Lsd,3,0.0571438183103999
2024,SEP,Office of Field Operations,Coastal/Interior,Other,LOS ANGELES FIELD OFFICE,Marijuana,45,567.7483944098108
2024,SEP,Office of Field Operations,Coastal/Interior,Other,LOS ANGELES FIELD OFFICE,Methamphetamine,13,146.271419742712
2024,SEP,Office of Field Operations,Coastal/Interior,Other,LOS ANGELES FIELD OFFICE,Other Drugs**,234,5752.164410993072
2024,SEP,Office of Field Operations,Coastal/Interior,Other,MIAMI FIELD OFFICE,Cocaine,23,219.778167601014
2024,SEP,Office of Field Operations,Coastal/Interior,Other,MIAMI FIELD OFFICE,Ecstasy,2,0.24581542213
2024,SEP,Office of Field Operations,Coastal/Interior,Other,MIAMI FIELD OFFICE,Fentanyl,1,0.251767903204
2024,SEP,Office of Field Operations,Coastal/Interior,Other,MIAMI FIELD OFFICE,Ketamine,2,62.5230975032
2024,SEP,Office of Field Operations,Coastal/Interior,Other,MIAMI FIELD OFFICE,Lsd,1,1.873267840214
2024,SEP,Office of Field Operations,Coastal/Interior,Other,MIAMI FIELD OFFICE,Marijuana,91,490.650338349755
2024,SEP,Office of Field Operations,Coastal/Interior,Other,MIAMI FIELD OFFICE,Methamphetamine,1,0.2499821588818
2024,SEP,Office of Field Operations,Coastal/Interior,Other,MIAMI FIELD OFFICE,Other Drugs**,346,1448.1394152400735
2024,SEP,Office of Field Operations,Coastal/Interior,Other,NEW ORLEANS FIELD OFFICE,Cocaine,14,199.711031126988
2024,SEP,Office of Field Operations,Coastal/Interior,Other,NEW ORLEANS FIELD OFFICE,Ecstasy,3,3.703545539338
2024,SEP,Office of Field Operations,Coastal/Interior,Other,NEW ORLEANS FIELD OFFICE,Fentanyl,1,0.149252951374
2024,SEP,Office of Field Operations,Coastal/Interior,Other,NEW ORLEANS FIELD OFFICE,Heroin,5,25.1216747549
2024,SEP,Office of Field Operations,Coastal/Interior,Other,NEW ORLEANS FIELD OFFICE,Ketamine,9,188.962173080916
2024,SEP,Office of Field Operations,Coastal/Interior,Other,NEW ORLEANS FIELD OFFICE,Marijuana,84,624.68202399962
2024,SEP,Office of Field Operations,Coastal/Interior,Other,NEW ORLEANS FIELD OFFICE,Methamphetamine,11,186.972280704104
2024,SEP,Office of Field Operations,Coastal/Interior,Other,NEW ORLEANS FIELD OFFICE,Other Drugs**,38,213.133655486596
2024,SEP,Office of Field Operations,Coastal/Interior,Other,NEW YORK FIELD OFFICE,Cocaine,13,82.51820895623061
2024,SEP,Office of Field Operations,Coastal/Interior,Other,NEW YORK FIELD OFFICE,Ecstasy,36,5.070191101476
2024,SEP,Office of Field Operations,Coastal/Interior,Other,NEW YORK FIELD OFFICE,Heroin,2,0.386470345286
2024,SEP,Office of Field Operations,Coastal/Interior,Other,NEW YORK FIELD OFFICE,Ketamine,9,69.0337228859054
2024,SEP,Office of Field Operations,Coastal/Interior,Other,NEW YORK FIELD OFFICE,Lsd,15,0.704597389352
2024,SEP,Office of Field Operations,Coastal/Interior,Other,NEW YORK FIELD OFFICE,Marijuana,85,449.7549855808266
2024,SEP,Office of Field Operations,Coastal/Interior,Other,NEW YORK FIELD OFFICE,Methamphetamine,4,0.042549216566
2024,SEP,Office of Field Operations,Coastal/Interior,Other,NEW YORK FIELD OFFICE,Other Drugs**,518,2696.5924029415987
2024,SEP,Office of Field Operations,Coastal/Interior,Other,PRECLEARANCE FIELD OFFICE,Cocaine,1,0.0033289801562
2024,SEP,Office of Field Operations,Coastal/Interior,Other,PRECLEARANCE FIELD OFFICE,Ecstasy,1,0.0038360433588
2024,SEP,Office of Field Operations,Coastal/Interior,Other,PRECLEARANCE FIELD OFFICE,Ketamine,1,0.0018077905484
2024,SEP,Office of Field Operations,Coastal/Interior,Other,PRECLEARANCE FIELD OFFICE,Marijuana,41,3.7457420162848
2024,SEP,Office of Field Operations,Coastal/Interior,Other,PRECLEARANCE FIELD OFFICE,Other Drugs**,10,0.214840474319
2024,SEP,Office of Field Operations,Coastal/Interior,Other,SAN FRANCISCO FIELD OFFICE,Cocaine,4,9.324892295814
2024,SEP,Office of Field Operations,Coastal/Interior,Other,SAN FRANCISCO FIELD OFFICE,Ecstasy,1,0.004188782978
2024,SEP,Office of Field Operations,Coastal/Interior,Other,SAN FRANCISCO FIELD OFFICE,Fentanyl,1,0.078484565272
2024,SEP,Office of Field Operations,Coastal/Interior,Other,SAN FRANCISCO FIELD OFFICE,Khat (Catha Edulis),1,9.2373687778
2024,SEP,Office of Field Operations,Coastal/Interior,Other,SAN FRANCISCO FIELD OFFICE,Marijuana,42,122.6504756976984
2024,SEP,Office of Field Operations,Coastal/Interior,Other,SAN FRANCISCO FIELD OFFICE,Methamphetamine,25,283.747277080672
2024,SEP,Office of Field Operations,Coastal/Interior,Other,SAN FRANCISCO FIELD OFFICE,Other Drugs**,13,147.10895587605
2024,SEP,Office of Field Operations,Coastal/Interior,Other,SAN JUAN FIELD OFFICE,Cocaine,8,29.926429292928
2024,SEP,Office of Field Operations,Coastal/Interior,Other,SAN JUAN FIELD OFFICE,Marijuana,106,258.501702534528
2024,SEP,Office of Field Operations,Coastal/Interior,Other,SAN JUAN FIELD OFFICE,Other Drugs**,1,0.05291094288
2024,SEP,Office of Field Operations,Coastal/Interior,Other,TAMPA FIELD OFFICE,Cocaine,1,0.59965735264
2024,SEP,Office of Field Operations,Coastal/Interior,Other,TAMPA FIELD OFFICE,Fentanyl,1,0.58863423954
2024,SEP,Office of Field Operations,Coastal/Interior,Other,TAMPA FIELD OFFICE,Ketamine,1,0.297844515962
2024,SEP,Office of Field Operations,Coastal/Interior,Other,TAMPA FIELD OFFICE,Khat (Catha Edulis),1,1.873929227
2024,SEP,Office of Field Operations,Coastal/Interior,Other,TAMPA FIELD OFFICE,Marijuana,9,51.96138987133981
2024,SEP,Office of Field Operations,Coastal/Interior,Other,TAMPA FIELD OFFICE,Methamphetamine,2,0.8359708512778
2024,SEP,Office of Field Operations,Coastal/Interior,Other,TAMPA FIELD OFFICE,Other Drugs**,13,1.176607092294
2024,SEP,Office of Field Operations,Northern Border,Land Only,BOSTON FIELD OFFICE,Cocaine,1,0.3196702799
2024,SEP,Office of Field Operations,Northern Border,Land Only,BOSTON FIELD OFFICE,Fentanyl,2,1.96542106573
2024,SEP,Office of Field Operations,Northern Border,Land Only,BOSTON FIELD OFFICE,Heroin,1,0.11353806493
2024,SEP,Office of Field Operations,Northern Border,Land Only,BOSTON FIELD OFFICE,Marijuana,25,2.6356924808886
2024,SEP,Office of Field Operations,Northern Border,Land Only,BOSTON FIELD OFFICE,Methamphetamine,4,3.957518065162
2024,SEP,Office of Field Operations,Northern Border,Land Only,BOSTON FIELD OFFICE,Other Drugs**,3,0.4256244430172
2024,SEP,Office of Field Operations,Northern Border,Land Only,BUFFALO FIELD OFFICE,Cocaine,2,0.074075320032
2024,SEP,Office of Field Operations,Northern Border,Land Only,BUFFALO FIELD OFFICE,Ecstasy,2,0.05291094288
2024,SEP,Office of Field Operations,Northern Border,Land Only,BUFFALO FIELD OFFICE,Marijuana,67,12.3937490290802
2024,SEP,Office of Field Operations,Northern Border,Land Only,BUFFALO FIELD OFFICE,Methamphetamine,1,0.009259415004
2024,SEP,Office of Field Operations,Northern Border,Land Only,BUFFALO FIELD OFFICE,Other Drugs**,9,1.6316852935144
2024,SEP,Office of Field Operations,Northern Border,Land Only,DETROIT FIELD OFFICE,Cocaine,3,0.1088863112018
2024,SEP,Office of Field Operations,Northern Border,Land Only,DETROIT FIELD OFFICE,Ecstasy,1,0.01984160358
2024,SEP,Office of Field Operations,Northern Border,Land Only,DETROIT FIELD OFFICE,Ketamine,1,0.0078705027534
2024,SEP,Office of Field Operations,Northern Border,Land Only,DETROIT FIELD OFFICE,Lsd,1,0.0006172943336
2024,SEP,Office of Field Operations,Northern Border,Land Only,DETROIT FIELD OFFICE,Marijuana,151,20.7006568301092
2024,SEP,Office of Field Operations,Northern Border,Land Only,DETROIT FIELD OFFICE,Methamphetamine,1,0.0141977696728
2024,SEP,Office of Field Operations,Northern Border,Land Only,DETROIT FIELD OFFICE,Other Drugs**,115,7.7067654314126
2024,SEP,Office of Field Operations,Northern Border,Land Only,SEATTLE FIELD OFFICE,Marijuana,88,7.9902358078922
2024,SEP,Office of Field Operations,Northern Border,Land Only,SEATTLE FIELD OFFICE,Methamphetamine,3,0.002645547144
2024,SEP,Office of Field Operations,Northern Border,Land Only,SEATTLE FIELD OFFICE,Other Drugs**,6,0.2437871693195999
2024,SEP,Office of Field Operations,Northern Border,Other,BOSTON FIELD OFFICE,Cocaine,1,0.000440924524
2024,SEP,Office of Field Operations,Northern Border,Other,BOSTON FIELD OFFICE,Marijuana,13,2.3479230903
2024,SEP,Office of Field Operations,Northern Border,Other,BOSTON FIELD OFFICE,Other Drugs**,12,35.159762468284
2024,SEP,Office of Field Operations,Northern Border,Other,BUFFALO FIELD OFFICE,Ecstasy,1,1.95660257525
2024,SEP,Office of Field Operations,Northern Border,Other,BUFFALO FIELD OFFICE,Marijuana,4,3.2454249589020003
2024,SEP,Office of Field Operations,Northern Border,Other,BUFFALO FIELD OFFICE,Other Drugs**,20,21.193919095108
2024,SEP,Office of Field Operations,Northern Border,Other,DETROIT FIELD OFFICE,Ketamine,1,0.033510263824
2024,SEP,Office of Field Operations,Northern Border,Other,DETROIT FIELD OFFICE,Marijuana,6,1.7423573490384
2024,SEP,Office of Field Operations,Northern Border,Other,DETROIT FIELD OFFICE,Other Drugs**,11,1.962003900669
2024,SEP,Office of Field Operations,Northern Border,Other,PORTLAND FIELD OFFICE,Marijuana,2,0.788593511174
2024,SEP,Office of Field Operations,Northern Border,Other,PORTLAND FIELD OFFICE,Other Drugs**,1,0.26014546916
2024,SEP,Office of Field Operations,Northern Border,Other,SEATTLE FIELD OFFICE,Marijuana,7,4.2968976712848
2024,SEP,Office of Field Operations,Northern Border,Other,SEATTLE FIELD OFFICE,Other Drugs**,12,1.6865363043
2024,SEP,Office of Field Operations,Southwest Border,Land Only,EL PASO FIELD OFFICE,Cocaine,9,32.8329376164574
2024,SEP,Office of Field Operations,Southwest Border,Land Only,EL PASO FIELD OFFICE,Fentanyl,7,42.1362025643692
2024,SEP,Office of Field Operations,Southwest Border,Land Only,EL PASO FIELD OFFICE,Heroin,1,0.0009038952742
2024,SEP,Office of Field Operations,Southwest Border,Land Only,EL PASO FIELD OFFICE,Marijuana,57,90.2219540546538
2024,SEP,Office of Field Operations,Southwest Border,Land Only,EL PASO FIELD OFFICE,Methamphetamine,8,180.9291675941958
2024,SEP,Office of Field Operations,Southwest Border,Land Only,EL PASO FIELD OFFICE,Other Drugs**,23,82.5491398115892
2024,SEP,Office of Field Operations,Southwest Border,Land Only,LAREDO FIELD OFFICE,Cocaine,22,1078.7470468025465
2024,SEP,Office of Field Operations,Southwest Border,Land Only,LAREDO FIELD OFFICE,Heroin,3,9.1932763254
2024,SEP,Office of Field Operations,Southwest Border,Land Only,LAREDO FIELD OFFICE,Marijuana,23,3.0693637964688
2024,SEP,Office of Field Operations,Southwest Border,Land Only,LAREDO FIELD OFFICE,Methamphetamine,9,2146.4975903001164
2024,SEP,Office of Field Operations,Southwest Border,Land Only,LAREDO FIELD OFFICE,Other Drugs**,25,6383.570159197846
2024,SEP,Office of Field Operations,Southwest Border,Land Only,SAN DIEGO FIELD OFFICE,Cocaine,28,1761.74149342475
2024,SEP,Office of Field Operations,Southwest Border,Land Only,SAN DIEGO FIELD OFFICE,Fentanyl,22,561.509885597092
2024,SEP,Office of Field Operations,Southwest Border,Land Only,SAN DIEGO FIELD OFFICE,Heroin,5,30.2915147988
2024,SEP,Office of Field Operations,Southwest Border,Land Only,SAN DIEGO FIELD OFFICE,Marijuana,29,1.731290143486
2024,SEP,Office of Field Operations,Southwest Border,Land Only,SAN DIEGO FIELD OFFICE,Methamphetamine,52,3489.101676628338
2024,SEP,Office of Field Operations,Southwest Border,Land Only,SAN DIEGO FIELD OFFICE,Other Drugs**,33,103.4488520180582
2024,SEP,Office of Field Operations,Southwest Border,Land Only,TUCSON FIELD OFFICE,Cocaine,4,156.0499572350434
2024,SEP,Office of Field Operations,Southwest Border,Land Only,TUCSON FIELD OFFICE,Fentanyl,20,991.4020811745404
2024,SEP,Office of Field Operations,Southwest Border,Land Only,TUCSON FIELD OFFICE,Marijuana,11,0.414138359167
2024,SEP,Office of Field Operations,Southwest Border,Land Only,TUCSON FIELD OFFICE,Methamphetamine,13,751.7445889004982
2024,SEP,Office of Field Operations,Southwest Border,Land Only,TUCSON FIELD OFFICE,Other Drugs**,4,0.3427967711838
2024,SEP,Office of Field Operations,Southwest Border,Other,EL PASO FIELD OFFICE,Fentanyl,1,0.500228872478
2024,SEP,Office of Field Operations,Southwest Border,Other,EL PASO FIELD OFFICE,Lsd,1,0.0274255053928
2024,SEP,Office of Field Operations,Southwest Border,Other,EL PASO FIELD OFFICE,Marijuana,1,0.000440924524
2024,SEP,Office of Field Operations,Southwest Border,Other,EL PASO FIELD OFFICE,Other Drugs**,1,0.69776305923
2024,SEP,Office of Field Operations,Southwest Border,Other,LAREDO FIELD OFFICE,Cocaine,1,0.0031526103466
2024,SEP,Office of Field Operations,Southwest Border,Other,LAREDO FIELD OFFICE,Marijuana,2,0.0580697598108
2024,SEP,Office of Field Operations,Southwest Border,Other,SAN DIEGO FIELD OFFICE,Other Drugs**,1,0.28549862929
2024,SEP,Office of Field Operations,Southwest Border,Other,TUCSON FIELD OFFICE,Marijuana,2,0.261468242732
2024,SEP,Office of Field Operations,Southwest Border,Other,TUCSON FIELD OFFICE,Methamphetamine,1,0.2535316013
2024,SEP,U.S. Border Patrol,Coastal/Interior,Other,MIAMI SECTOR,Cocaine,11,244.4055
2024,SEP,U.S. Border Patrol,Coastal/Interior,Other,MIAMI SECTOR,Marijuana,5,34.5938
2024,SEP,U.S. Border Patrol,Coastal/Interior,Other,NEW ORLEANS SECTOR,Cocaine,1,0.0066
2024,SEP,U.S. Border Patrol,Coastal/Interior,Other,NEW ORLEANS SECTOR,Marijuana,1,0.0265
2024,SEP,U.S. Border Patrol,Coastal/Interior,Other,RAMEY SECTOR,Cocaine,3,3176.3025
2024,SEP,U.S. Border Patrol,Northern Border,Land Only,BLAINE SECTOR,Marijuana,4,0.2026
2024,SEP,U.S. Border Patrol,Northern Border,Land Only,BUFFALO SECTOR,Marijuana,3,11.1457
2024,SEP,U.S. Border Patrol,Northern Border,Land Only,DETROIT SECTOR,Fentanyl,1,2.2487
2024,SEP,U.S. Border Patrol,Northern Border,Land Only,DETROIT SECTOR,Marijuana,8,71.8648
2024,SEP,U.S. Border Patrol,Northern Border,Land Only,HOULTON SECTOR,Marijuana,4,0.8196
2024,SEP,U.S. Border Patrol,Northern Border,Land Only,HOULTON SECTOR,Methamphetamine,1,0.0417
2024,SEP,U.S. Border Patrol,Northern Border,Land Only,HOULTON SECTOR,Other Drugs**,1,0.033
2024,SEP,U.S. Border Patrol,Northern Border,Land Only,SPOKANE SECTOR,Fentanyl,7,2.9463000000000004
2024,SEP,U.S. Border Patrol,Northern Border,Land Only,SPOKANE SECTOR,Heroin,1,0.0022
2024,SEP,U.S. Border Patrol,Northern Border,Land Only,SPOKANE SECTOR,Marijuana,2,0.5203
2024,SEP,U.S. Border Patrol,Northern Border,Land Only,SPOKANE SECTOR,Methamphetamine,2,3.2092
2024,SEP,U.S. Border Patrol,Northern Border,Land Only,SPOKANE SECTOR,Other Drugs**,1,0.0882
2024,SEP,U.S. Border Patrol,Northern Border,Land Only,SWANTON SECTOR,Marijuana,1,0.108
2024,SEP,U.S. Border Patrol,Southwest Border,Land Only,BIG BEND SECTOR,Cocaine,4,0.0325
2024,SEP,U.S. Border Patrol,Southwest Border,Land Only,BIG BEND SECTOR,Ecstasy,1,0.0009
2024,SEP,U.S. Border Patrol,Southwest Border,Land Only,BIG BEND SECTOR,Fentanyl,1,0.0022
2024,SEP,U.S. Border Patrol,Southwest Border,Land Only,BIG BEND SECTOR,Marijuana,64,61.0225
2024,SEP,U.S. Border Patrol,Southwest Border,Land Only,BIG BEND SECTOR,Methamphetamine,4,0.3082
2024,SEP,U.S. Border Patrol,Southwest Border,Land Only,BIG BEND SECTOR,Other Drugs**,5,41.1765
2024,SEP,U.S. Border Patrol,Southwest Border,Land Only,DEL RIO SECTOR,Cocaine,1,0.0022
2024,SEP,U.S. Border Patrol,Southwest Border,Land Only,DEL RIO SECTOR,Marijuana,20,0.5152
2024,SEP,U.S. Border Patrol,Southwest Border,Land Only,DEL RIO SECTOR,Methamphetamine,3,0.0081
2024,SEP,U.S. Border Patrol,Southwest Border,Land Only,DEL RIO SECTOR,Other Drugs**,8,0.7561
2024,SEP,U.S. Border Patrol,Southwest Border,Land Only,EL CENTRO SECTOR,Cocaine,1,0.0175
2024,SEP,U.S. Border Patrol,Southwest Border,Land Only,EL CENTRO SECTOR,Fentanyl,6,11.8685
2024,SEP,U.S. Border Patrol,Southwest Border,Land Only,EL CENTRO SECTOR,Heroin,1,0.0137
2024,SEP,U.S. Border Patrol,Southwest Border,Land Only,EL CENTRO SECTOR,Marijuana,9,1.9742
2024,SEP,U.S. Border Patrol,Southwest Border,Land Only,EL CENTRO SECTOR,Methamphetamine,8,33.4638
2024,SEP,U.S. Border Patrol,Southwest Border,Land Only,EL CENTRO SECTOR,Other Drugs**,2,0.0978
2024,SEP,U.S. Border Patrol,Southwest Border,Land Only,EL PASO SECTOR,Cocaine,1,14.9058
2024,SEP,U.S. Border Patrol,Southwest Border,Land Only,EL PASO SECTOR,Fentanyl,1,3.5274
2024,SEP,U.S. Border Patrol,Southwest Border,Land Only,EL PASO SECTOR,Heroin,2,0.0831
2024,SEP,U.S. Border Patrol,Southwest Border,Land Only,EL PASO SECTOR,Marijuana,10,34.6491
2024,SEP,U.S. Border Patrol,Southwest Border,Land Only,EL PASO SECTOR,Methamphetamine,4,52.6445
2024,SEP,U.S. Border Patrol,Southwest Border,Land Only,EL PASO SECTOR,Other Drugs**,6,4.263599999999999
2024,SEP,U.S. Border Patrol,Southwest Border,Land Only,LAREDO SECTOR,Marijuana,10,243.2419
2024,SEP,U.S. Border Patrol,Southwest Border,Land Only,LAREDO SECTOR,Methamphetamine,2,0.0143
2024,SEP,U.S. Border Patrol,Southwest Border,Land Only,LAREDO SECTOR,Other Drugs**,1,0.0794
2024,SEP,U.S. Border Patrol,Southwest Border,Land Only,RIO GRANDE VALLEY SECTOR,Cocaine,9,186.1659
2024,SEP,U.S. Border Patrol,Southwest Border,Land Only,RIO GRANDE VALLEY SECTOR,Ecstasy,1,0.0
2024,SEP,U.S. Border Patrol,Southwest Border,Land Only,RIO GRANDE VALLEY SECTOR,Marijuana,34,1416.669
2024,SEP,U.S. Border Patrol,Southwest Border,Land Only,RIO GRANDE VALLEY SECTOR,Other Drugs**,4,3.0246000000000004
2024,SEP,U.S. Border Patrol,Southwest Border,Land Only,SAN DIEGO SECTOR,Cocaine,6,173.9792
2024,SEP,U.S. Border Patrol,Southwest Border,Land Only,SAN DIEGO SECTOR,Fentanyl,4,305.7268
2024,SEP,U.S. Border Patrol,Southwest Border,Land Only,SAN DIEGO SECTOR,Heroin,2,9.4869
2024,SEP,U.S. Border Patrol,Southwest Border,Land Only,SAN DIEGO SECTOR,Marijuana,2,0.1901
2024,SEP,U.S. Border Patrol,Southwest Border,Land Only,SAN DIEGO SECTOR,Methamphetamine,11,259.24260000000004
2024,SEP,U.S. Border Patrol,Southwest Border,Land Only,SAN DIEGO SECTOR,Other Drugs**,3,4.9854
2024,SEP,U.S. Border Patrol,Southwest Border,Land Only,TUCSON SECTOR,Cocaine,8,19.9671
2024,SEP,U.S. Border Patrol,Southwest Border,Land Only,TUCSON SECTOR,Fentanyl,5,19.0731
2024,SEP,U.S. Border Patrol,Southwest Border,Land Only,TUCSON SECTOR,Heroin,3,2.8287
2024,SEP,U.S. Border Patrol,Southwest Border,Land Only,TUCSON SECTOR,Marijuana,17,0.9614
2024,SEP,U.S. Border Patrol,Southwest Border,Land Only,TUCSON SECTOR,Methamphetamine,8,49.4504
2024,SEP,U.S. Border Patrol,Southwest Border,Land Only,TUCSON SECTOR,Other Drugs**,3,0.0894
2024,SEP,U.S. Border Patrol,Southwest Border,Land Only,YUMA SECTOR,Cocaine,2,78.1049
2024,SEP,U.S. Border Patrol,Southwest Border,Land Only,YUMA SECTOR,Fentanyl,4,233.3134
2024,SEP,U.S. Border Patrol,Southwest Border,Land Only,YUMA SECTOR,Marijuana,10,0.3399999999999999
2024,SEP,U.S. Border Patrol,Southwest Border,Land Only,YUMA SECTOR,Methamphetamine,2,19.9553
2024,SEP,U.S. Border Patrol,Southwest Border,Land Only,YUMA SECTOR,Other Drugs**,2,0.0903
2025,APR,Office of Field Operations,Coastal/Interior,Other,ATLANTA FIELD OFFICE,Fentanyl,1,1.6580084875972
2025,APR,Office of Field Operations,Coastal/Interior,Other,ATLANTA FIELD OFFICE,Khat (Catha Edulis),3,115.20475963072
2025,APR,Office of Field Operations,Coastal/Interior,Other,ATLANTA FIELD OFFICE,Marijuana,9,150.76752711394
2025,APR,Office of Field Operations,Coastal/Interior,Other,ATLANTA FIELD OFFICE,Other Drugs**,8,10.65714574508
2025,APR,Office of Field Operations,Coastal/Interior,Other,BALTIMORE FIELD OFFICE,Cocaine,7,25.2140704889042
2025,APR,Office of Field Operations,Coastal/Interior,Other,BALTIMORE FIELD OFFICE,Ecstasy,1,2.032221131116
2025,APR,Office of Field Operations,Coastal/Interior,Other,BALTIMORE FIELD OFFICE,Fentanyl,1,0.00220462262
2025,APR,Office of Field Operations,Coastal/Interior,Other,BALTIMORE FIELD OFFICE,Heroin,1,0.616632946814
2025,APR,Office of Field Operations,Coastal/Interior,Other,BALTIMORE FIELD OFFICE,Ketamine,3,2.25753356288
2025,APR,Office of Field Operations,Coastal/Interior,Other,BALTIMORE FIELD OFFICE,Lsd,1,0.424610316612
2025,APR,Office of Field Operations,Coastal/Interior,Other,BALTIMORE FIELD OFFICE,Marijuana,29,224.73687093659663
2025,APR,Office of Field Operations,Coastal/Interior,Other,BALTIMORE FIELD OFFICE,Methamphetamine,1,0.0065697754076
2025,APR,Office of Field Operations,Coastal/Interior,Other,BALTIMORE FIELD OFFICE,Other Drugs**,32,24.7169501343204
2025,APR,Office of Field Operations,Coastal/Interior,Other,CHICAGO FIELD OFFICE,Cocaine,28,116.642834965746
2025,APR,Office of Field Operations,Coastal/Interior,Other,CHICAGO FIELD OFFICE,Ecstasy,32,17.056503824154
2025,APR,Office of Field Operations,Coastal/Interior,Other,CHICAGO FIELD OFFICE,Fentanyl,10,33.934433216088
2025,APR,Office of Field Operations,Coastal/Interior,Other,CHICAGO FIELD OFFICE,Heroin,4,2.2259413207354
2025,APR,Office of Field Operations,Coastal/Interior,Other,CHICAGO FIELD OFFICE,Ketamine,23,66.076728704378
2025,APR,Office of Field Operations,Coastal/Interior,Other,CHICAGO FIELD OFFICE,Khat (Catha Edulis),12,1557.9847593278
2025,APR,Office of Field Operations,Coastal/Interior,Other,CHICAGO FIELD OFFICE,Lsd,3,0.016314207388
2025,APR,Office of Field Operations,Coastal/Interior,Other,CHICAGO FIELD OFFICE,Marijuana,414,3104.749202062241
2025,APR,Office of Field Operations,Coastal/Interior,Other,CHICAGO FIELD OFFICE,Methamphetamine,29,598.542474981066
2025,APR,Office of Field Operations,Coastal/Interior,Other,CHICAGO FIELD OFFICE,Other Drugs**,263,1538.7369488042707
2025,APR,Office of Field Operations,Coastal/Interior,Other,HOUSTON FIELD OFFICE,Cocaine,4,5.120015572688001
2025,APR,Office of Field Operations,Coastal/Interior,Other,HOUSTON FIELD OFFICE,Fentanyl,1,0.1596587701404
2025,APR,Office of Field Operations,Coastal/Interior,Other,HOUSTON FIELD OFFICE,Ketamine,1,0.05732018812
2025,APR,Office of Field Operations,Coastal/Interior,Other,HOUSTON FIELD OFFICE,Marijuana,25,22.0155378531296
2025,APR,Office of Field Operations,Coastal/Interior,Other,HOUSTON FIELD OFFICE,Methamphetamine,1,0.000440924524
2025,APR,Office of Field Operations,Coastal/Interior,Other,HOUSTON FIELD OFFICE,Other Drugs**,88,90.5696671342802
2025,APR,Office of Field Operations,Coastal/Interior,Other,LOS ANGELES FIELD OFFICE,Cocaine,7,10.789864026804
2025,APR,Office of Field Operations,Coastal/Interior,Other,LOS ANGELES FIELD OFFICE,Ecstasy,7,0.1737242624559999
2025,APR,Office of Field Operations,Coastal/Interior,Other,LOS ANGELES FIELD OFFICE,Fentanyl,1,2.20462262
2025,APR,Office of Field Operations,Coastal/Interior,Other,LOS ANGELES FIELD OFFICE,Ketamine,6,141.527071864472
2025,APR,Office of Field Operations,Coastal/Interior,Other,LOS ANGELES FIELD OFFICE,Khat (Catha Edulis),1,37.6549543496
2025,APR,Office of Field Operations,Coastal/Interior,Other,LOS ANGELES FIELD OFFICE,Lsd,3,0.23699693165
2025,APR,Office of Field Operations,Coastal/Interior,Other,LOS ANGELES FIELD OFFICE,Marijuana,60,2588.4219767969653
2025,APR,Office of Field Operations,Coastal/Interior,Other,LOS ANGELES FIELD OFFICE,Methamphetamine,7,27.890239841096
2025,APR,Office of Field Operations,Coastal/Interior,Other,LOS ANGELES FIELD OFFICE,Other Drugs**,134,216.9294865288072
2025,APR,Office of Field Operations,Coastal/Interior,Other,MIAMI FIELD OFFICE,Cocaine,11,55.6695210257274
2025,APR,Office of Field Operations,Coastal/Interior,Other,MIAMI FIELD OFFICE,Ecstasy,8,1.9666777006234
2025,APR,Office of Field Operations,Coastal/Interior,Other,MIAMI FIELD OFFICE,Ketamine,3,22.3879427061
2025,APR,Office of Field Operations,Coastal/Interior,Other,MIAMI FIELD OFFICE,Lsd,2,0.2661199964602
2025,APR,Office of Field Operations,Coastal/Interior,Other,MIAMI FIELD OFFICE,Marijuana,330,2162.418867798554
2025,APR,Office of Field Operations,Coastal/Interior,Other,MIAMI FIELD OFFICE,Methamphetamine,2,3.2518183645
2025,APR,Office of Field Operations,Coastal/Interior,Other,MIAMI FIELD OFFICE,Other Drugs**,477,1386.8747163283697
2025,APR,Office of Field Operations,Coastal/Interior,Other,NEW ORLEANS FIELD OFFICE,Cocaine,7,58.576602551138
2025,APR,Office of Field Operations,Coastal/Interior,Other,NEW ORLEANS FIELD OFFICE,Fentanyl,1,18.298367746
2025,APR,Office of Field Operations,Coastal/Interior,Other,NEW ORLEANS FIELD OFFICE,Heroin,1,2.645547144
2025,APR,Office of Field Operations,Coastal/Interior,Other,NEW ORLEANS FIELD OFFICE,Ketamine,12,102.404720699
2025,APR,Office of Field Operations,Coastal/Interior,Other,NEW ORLEANS FIELD OFFICE,Lsd,1,0.023809924296
2025,APR,Office of Field Operations,Coastal/Interior,Other,NEW ORLEANS FIELD OFFICE,Marijuana,170,1405.686783191056
2025,APR,Office of Field Operations,Coastal/Interior,Other,NEW ORLEANS FIELD OFFICE,Methamphetamine,9,58.12046613106
2025,APR,Office of Field Operations,Coastal/Interior,Other,NEW ORLEANS FIELD OFFICE,Other Drugs**,32,329.039705572738
2025,APR,Office of Field Operations,Coastal/Interior,Other,NEW YORK FIELD OFFICE,Cocaine,4,0.128309036484
2025,APR,Office of Field Operations,Coastal/Interior,Other,NEW YORK FIELD OFFICE,Ecstasy,36,4.388962711896
2025,APR,Office of Field Operations,Coastal/Interior,Other,NEW YORK FIELD OFFICE,Fentanyl,5,27.177926272574
2025,APR,Office of Field Operations,Coastal/Interior,Other,NEW YORK FIELD OFFICE,Heroin,1,0.03858089585
2025,APR,Office of Field Operations,Coastal/Interior,Other,NEW YORK FIELD OFFICE,Ketamine,26,38.84104131916
2025,APR,Office of Field Operations,Coastal/Interior,Other,NEW YORK FIELD OFFICE,Khat (Catha Edulis),6,4239.48929826
2025,APR,Office of Field Operations,Coastal/Interior,Other,NEW YORK FIELD OFFICE,Lsd,5,0.041226442994
2025,APR,Office of Field Operations,Coastal/Interior,Other,NEW YORK FIELD OFFICE,Marijuana,83,3043.91363294352
2025,APR,Office of Field Operations,Coastal/Interior,Other,NEW YORK FIELD OFFICE,Methamphetamine,2,0.055776952286
2025,APR,Office of Field Operations,Coastal/Interior,Other,NEW YORK FIELD OFFICE,Other Drugs**,537,2352.69958157604
2025,APR,Office of Field Operations,Coastal/Interior,Other,PRECLEARANCE FIELD OFFICE,Cocaine,1,0.0039903669422
2025,APR,Office of Field Operations,Coastal/Interior,Other,PRECLEARANCE FIELD OFFICE,Marijuana,15,0.749681921931
2025,APR,Office of Field Operations,Coastal/Interior,Other,PRECLEARANCE FIELD OFFICE,Other Drugs**,6,0.070878617233
2025,APR,Office of Field Operations,Coastal/Interior,Other,SAN FRANCISCO FIELD OFFICE,Cocaine,1,1.325860043668
2025,APR,Office of Field Operations,Coastal/Interior,Other,SAN FRANCISCO FIELD OFFICE,Ketamine,2,0.7204706722159999
2025,APR,Office of Field Operations,Coastal/Interior,Other,SAN FRANCISCO FIELD OFFICE,Marijuana,37,891.876553524808
2025,APR,Office of Field Operations,Coastal/Interior,Other,SAN FRANCISCO FIELD OFFICE,Methamphetamine,19,431.61440267574
2025,APR,Office of Field Operations,Coastal/Interior,Other,SAN FRANCISCO FIELD OFFICE,Other Drugs**,33,98.144067023588
2025,APR,Office of Field Operations,Coastal/Interior,Other,SAN JUAN FIELD OFFICE,Cocaine,8,10.902520242686
2025,APR,Office of Field Operations,Coastal/Interior,Other,SAN JUAN FIELD OFFICE,Ketamine,1,0.015873282864
2025,APR,Office of Field Operations,Coastal/Interior,Other,SAN JUAN FIELD OFFICE,Marijuana,85,197.9898381551016
2025,APR,Office of Field Operations,Coastal/Interior,Other,SAN JUAN FIELD OFFICE,Other Drugs**,4,20.592498044372
2025,APR,Office of Field Operations,Coastal/Interior,Other,TAMPA FIELD OFFICE,Cocaine,3,0.0228839827956
2025,APR,Office of Field Operations,Coastal/Interior,Other,TAMPA FIELD OFFICE,Fentanyl,1,1.19490546004
2025,APR,Office of Field Operations,Coastal/Interior,Other,TAMPA FIELD OFFICE,Marijuana,11,7.946782696052
2025,APR,Office of Field Operations,Coastal/Interior,Other,TAMPA FIELD OFFICE,Methamphetamine,2,52.34766180059
2025,APR,Office of Field Operations,Coastal/Interior,Other,TAMPA FIELD OFFICE,Other Drugs**,15,2.86049784945
2025,APR,Office of Field Operations,Northern Border,Land Only,BOSTON FIELD OFFICE,Cocaine,1,0.000440924524
2025,APR,Office of Field Operations,Northern Border,Land Only,BOSTON FIELD OFFICE,Marijuana,14,0.3800989859142
2025,APR,Office of Field Operations,Northern Border,Land Only,BOSTON FIELD OFFICE,Other Drugs**,1,0.2236810110252
2025,APR,Office of Field Operations,Northern Border,Land Only,BUFFALO FIELD OFFICE,Ecstasy,1,0.007936641432
2025,APR,Office of Field Operations,Northern Border,Land Only,BUFFALO FIELD OFFICE,Marijuana,66,10.573590547782
2025,APR,Office of Field Operations,Northern Border,Land Only,BUFFALO FIELD OFFICE,Methamphetamine,1,0.000440924524
2025,APR,Office of Field Operations,Northern Border,Land Only,BUFFALO FIELD OFFICE,Other Drugs**,11,1.1581103085122
2025,APR,Office of Field Operations,Northern Border,Land Only,DETROIT FIELD OFFICE,Cocaine,4,532.7965278545928
2025,APR,Office of Field Operations,Northern Border,Land Only,DETROIT FIELD OFFICE,Ecstasy,1,0.0232367224148
2025,APR,Office of Field Operations,Northern Border,Land Only,DETROIT FIELD OFFICE,Marijuana,158,21.399500154423
2025,APR,Office of Field Operations,Northern Border,Land Only,DETROIT FIELD OFFICE,Methamphetamine,3,0.0106262810283999
2025,APR,Office of Field Operations,Northern Border,Land Only,DETROIT FIELD OFFICE,Other Drugs**,102,9.2424173635998
2025,APR,Office of Field Operations,Northern Border,Land Only,SEATTLE FIELD OFFICE,Cocaine,1,0.0100089866948
2025,APR,Office of Field Operations,Northern Border,Land Only,SEATTLE FIELD OFFICE,Lsd,1,0.175047036028
2025,APR,Office of Field Operations,Northern Border,Land Only,SEATTLE FIELD OFFICE,Marijuana,79,7.227083641753
2025,APR,Office of Field Operations,Northern Border,Land Only,SEATTLE FIELD OFFICE,Other Drugs**,16,3.720410902381
2025,APR,Office of Field Operations,Northern Border,Other,BOSTON FIELD OFFICE,Ecstasy,1,0.027778245012
2025,APR,Office of Field Operations,Northern Border,Other,BOSTON FIELD OFFICE,Marijuana,4,117.51630644779
2025,APR,Office of Field Operations,Northern Border,Other,BOSTON FIELD OFFICE,Other Drugs**,9,2.839333472298
2025,APR,Office of Field Operations,Northern Border,Other,BUFFALO FIELD OFFICE,Ecstasy,2,0.187172460438
2025,APR,Office of Field Operations,Northern Border,Other,BUFFALO FIELD OFFICE,Ketamine,1,0.003527396192
2025,APR,Office of Field Operations,Northern Border,Other,BUFFALO FIELD OFFICE,Lsd,1,0.08267334825
2025,APR,Office of Field Operations,Northern Border,Other,BUFFALO FIELD OFFICE,Marijuana,13,9.1111320865788
2025,APR,Office of Field Operations,Northern Border,Other,BUFFALO FIELD OFFICE,Other Drugs**,17,4.7793793316718
2025,APR,Office of Field Operations,Northern Border,Other,DETROIT FIELD OFFICE,Marijuana,12,9.6452680549524
2025,APR,Office of Field Operations,Northern Border,Other,DETROIT FIELD OFFICE,Other Drugs**,15,7.6277958491642
2025,APR,Office of Field Operations,Northern Border,Other,PORTLAND FIELD OFFICE,Cocaine,1,2.20462262
2025,APR,Office of Field Operations,Northern Border,Other,PORTLAND FIELD OFFICE,Ecstasy,1,0.00881849048
2025,APR,Office of Field Operations,Northern Border,Other,PORTLAND FIELD OFFICE,Marijuana,6,93.831604716606
2025,APR,Office of Field Operations,Northern Border,Other,PORTLAND FIELD OFFICE,Methamphetamine,1,26.4995638924
2025,APR,Office of Field Operations,Northern Border,Other,PORTLAND FIELD OFFICE,Other Drugs**,13,4.542404446248
2025,APR,Office of Field Operations,Northern Border,Other,SEATTLE FIELD OFFICE,Cocaine,1,0.071429772888
2025,APR,Office of Field Operations,Northern Border,Other,SEATTLE FIELD OFFICE,Ecstasy,8,0.1375904977142
2025,APR,Office of Field Operations,Northern Border,Other,SEATTLE FIELD OFFICE,Lsd,2,0.004188782978
2025,APR,Office of Field Operations,Northern Border,Other,SEATTLE FIELD OFFICE,Marijuana,11,3.5972165903754
2025,APR,Office of Field Operations,Northern Border,Other,SEATTLE FIELD OFFICE,Other Drugs**,16,1.3369492954466
2025,APR,Office of Field Operations,Southwest Border,Land Only,EL PASO FIELD OFFICE,Cocaine,5,165.9468168233902
2025,APR,Office of Field Operations,Southwest Border,Land Only,EL PASO FIELD OFFICE,Fentanyl,20,20.857052758772
2025,APR,Office of Field Operations,Southwest Border,Land Only,EL PASO FIELD OFFICE,Marijuana,43,0.3470516928404
2025,APR,Office of Field Operations,Southwest Border,Land Only,EL PASO FIELD OFFICE,Methamphetamine,10,232.808699827655
2025,APR,Office of Field Operations,Southwest Border,Land Only,EL PASO FIELD OFFICE,Other Drugs**,17,14.9083636356784
2025,APR,Office of Field Operations,Southwest Border,Land Only,LAREDO FIELD OFFICE,Cocaine,17,668.509150067303
2025,APR,Office of Field Operations,Southwest Border,Land Only,LAREDO FIELD OFFICE,Ecstasy,1,0.0056879263596
2025,APR,Office of Field Operations,Southwest Border,Land Only,LAREDO FIELD OFFICE,Fentanyl,1,0.0130293196842
2025,APR,Office of Field Operations,Southwest Border,Land Only,LAREDO FIELD OFFICE,Marijuana,25,0.6840503065336
2025,APR,Office of Field Operations,Southwest Border,Land Only,LAREDO FIELD OFFICE,Methamphetamine,13,10006.801274443023
2025,APR,Office of Field Operations,Southwest Border,Land Only,LAREDO FIELD OFFICE,Other Drugs**,57,28.4218184472304
2025,APR,Office of Field Operations,Southwest Border,Land Only,SAN DIEGO FIELD OFFICE,Cocaine,30,2748.965109255152
2025,APR,Office of Field Operations,Southwest Border,Land Only,SAN DIEGO FIELD OFFICE,Fentanyl,20,404.8960079420788
2025,APR,Office of Field Operations,Southwest Border,Land Only,SAN DIEGO FIELD OFFICE,Heroin,2,5.3792791928
2025,APR,Office of Field Operations,Southwest Border,Land Only,SAN DIEGO FIELD OFFICE,Marijuana,29,0.6873351942374001
2025,APR,Office of Field Operations,Southwest Border,Land Only,SAN DIEGO FIELD OFFICE,Methamphetamine,56,4413.005091601053
2025,APR,Office of Field Operations,Southwest Border,Land Only,SAN DIEGO FIELD OFFICE,Other Drugs**,35,124.682652736362
2025,APR,Office of Field Operations,Southwest Border,Land Only,TUCSON FIELD OFFICE,Cocaine,5,27.0799528433412
2025,APR,Office of Field Operations,Southwest Border,Land Only,TUCSON FIELD OFFICE,Fentanyl,7,116.072058169428
2025,APR,Office of Field Operations,Southwest Border,Land Only,TUCSON FIELD OFFICE,Heroin,2,7.267318004568001
2025,APR,Office of Field Operations,Southwest Border,Land Only,TUCSON FIELD OFFICE,Marijuana,11,1.5789066279916
2025,APR,Office of Field Operations,Southwest Border,Land Only,TUCSON FIELD OFFICE,Methamphetamine,18,1185.4204239570693
2025,APR,Office of Field Operations,Southwest Border,Land Only,TUCSON FIELD OFFICE,Other Drugs**,15,2100.358079658768
2025,APR,Office of Field Operations,Southwest Border,Other,EL PASO FIELD OFFICE,Marijuana,2,0.0875676104663999
2025,APR,Office of Field Operations,Southwest Border,Other,LAREDO FIELD OFFICE,Cocaine,2,0.006834330122
2025,APR,Office of Field Operations,Southwest Border,Other,LAREDO FIELD OFFICE,Marijuana,1,0.000440924524
2025,APR,Office of Field Operations,Southwest Border,Other,LAREDO FIELD OFFICE,Methamphetamine,1,0.0009700339528
2025,APR,Office of Field Operations,Southwest Border,Other,SAN DIEGO FIELD OFFICE,Marijuana,1,0.313938261088
2025,APR,Office of Field Operations,Southwest Border,Other,SAN DIEGO FIELD OFFICE,Methamphetamine,1,0.024691773344
2025,APR,Office of Field Operations,Southwest Border,Other,SAN DIEGO FIELD OFFICE,Other Drugs**,1,0.0264995638924
2025,APR,Office of Field Operations,Southwest Border,Other,TUCSON FIELD OFFICE,Cocaine,1,0.0022266688462
2025,APR,Office of Field Operations,Southwest Border,Other,TUCSON FIELD OFFICE,Marijuana,2,0.278664299168
2025,APR,U.S. Border Patrol,Coastal/Interior,Other,MIAMI SECTOR,Cocaine,2,2.5286
2025,APR,U.S. Border Patrol,Coastal/Interior,Other,MIAMI SECTOR,Ecstasy,1,0.0265
2025,APR,U.S. Border Patrol,Coastal/Interior,Other,MIAMI SECTOR,Fentanyl,2,6.6169
2025,APR,U.S. Border Patrol,Coastal/Interior,Other,MIAMI SECTOR,Marijuana,3,47.6721
2025,APR,U.S. Border Patrol,Coastal/Interior,Other,MIAMI SECTOR,Other Drugs**,2,0.7928
2025,APR,U.S. Border Patrol,Coastal/Interior,Other,NEW ORLEANS SECTOR,Fentanyl,1,0.1653
2025,APR,U.S. Border Patrol,Coastal/Interior,Other,NEW ORLEANS SECTOR,Marijuana,1,0.0044
2025,APR,U.S. Border Patrol,Coastal/Interior,Other,NEW ORLEANS SECTOR,Methamphetamine,2,6.2423
2025,APR,U.S. Border Patrol,Northern Border,Land Only,BLAINE SECTOR,Cocaine,1,0.0992
2025,APR,U.S. Border Patrol,Northern Border,Land Only,BLAINE SECTOR,Fentanyl,2,0.2216
2025,APR,U.S. Border Patrol,Northern Border,Land Only,BLAINE SECTOR,Marijuana,1,0.0078
2025,APR,U.S. Border Patrol,Northern Border,Land Only,BLAINE SECTOR,Methamphetamine,1,7.9997
2025,APR,U.S. Border Patrol,Northern Border,Land Only,BLAINE SECTOR,Other Drugs**,1,0.0424
2025,APR,U.S. Border Patrol,Northern Border,Land Only,BUFFALO SECTOR,Cocaine,1,0.001
2025,APR,U.S. Border Patrol,Northern Border,Land Only,BUFFALO SECTOR,Fentanyl,1,12.3744
2025,APR,U.S. Border Patrol,Northern Border,Land Only,BUFFALO SECTOR,Marijuana,1,48.8408
2025,APR,U.S. Border Patrol,Northern Border,Land Only,DETROIT SECTOR,Marijuana,13,15.5244
2025,APR,U.S. Border Patrol,Northern Border,Land Only,DETROIT SECTOR,Other Drugs**,6,44.3275
2025,APR,U.S. Border Patrol,Northern Border,Land Only,GRAND FORKS SECTOR,Fentanyl,1,1.6653
2025,APR,U.S. Border Patrol,Northern Border,Land Only,GRAND FORKS SECTOR,Marijuana,1,79.9974
2025,APR,U.S. Border Patrol,Northern Border,Land Only,GRAND FORKS SECTOR,Methamphetamine,1,13.9992
2025,APR,U.S. Border Patrol,Northern Border,Land Only,HAVRE SECTOR,Marijuana,1,0.0022
2025,APR,U.S. Border Patrol,Northern Border,Land Only,HOULTON SECTOR,Fentanyl,1,0.0439
2025,APR,U.S. Border Patrol,Northern Border,Land Only,HOULTON SECTOR,Marijuana,3,16.054199999999998
2025,APR,U.S. Border Patrol,Northern Border,Land Only,HOULTON SECTOR,Methamphetamine,1,0.2081
2025,APR,U.S. Border Patrol,Northern Border,Land Only,SPOKANE SECTOR,Fentanyl,3,12.5408
2025,APR,U.S. Border Patrol,Northern Border,Land Only,SPOKANE SECTOR,Marijuana,1,0.0176
2025,APR,U.S. Border Patrol,Northern Border,Land Only,SPOKANE SECTOR,Methamphetamine,3,0.2054
2025,APR,U.S. Border Patrol,Northern Border,Land Only,SWANTON SECTOR,Marijuana,1,3.0803
2025,APR,U.S. Border Patrol,Southwest Border,Land Only,BIG BEND SECTOR,Cocaine,3,0.0476
2025,APR,U.S. Border Patrol,Southwest Border,Land Only,BIG BEND SECTOR,Fentanyl,3,0.0153999999999999
2025,APR,U.S. Border Patrol,Southwest Border,Land Only,BIG BEND SECTOR,Marijuana,99,897.2543000000001
2025,APR,U.S. Border Patrol,Southwest Border,Land Only,BIG BEND SECTOR,Methamphetamine,5,0.0892
2025,APR,U.S. Border Patrol,Southwest Border,Land Only,BIG BEND SECTOR,Other Drugs**,7,0.7495
2025,APR,U.S. Border Patrol,Southwest Border,Land Only,DEL RIO SECTOR,Cocaine,1,0.0071
2025,APR,U.S. Border Patrol,Southwest Border,Land Only,DEL RIO SECTOR,Marijuana,11,0.5617
2025,APR,U.S. Border Patrol,Southwest Border,Land Only,DEL RIO SECTOR,Methamphetamine,5,0.1401
2025,APR,U.S. Border Patrol,Southwest Border,Land Only,DEL RIO SECTOR,Other Drugs**,4,0.0262
2025,APR,U.S. Border Patrol,Southwest Border,Land Only,EL CENTRO SECTOR,Cocaine,3,4.800000000000001
2025,APR,U.S. Border Patrol,Southwest Border,Land Only,EL CENTRO SECTOR,Fentanyl,9,0.3061
2025,APR,U.S. Border Patrol,Southwest Border,Land Only,EL CENTRO SECTOR,Heroin,1,0.0
2025,APR,U.S. Border Patrol,Southwest Border,Land Only,EL CENTRO SECTOR,Marijuana,1,0.0289
2025,APR,U.S. Border Patrol,Southwest Border,Land Only,EL CENTRO SECTOR,Methamphetamine,15,202.1875
2025,APR,U.S. Border Patrol,Southwest Border,Land Only,EL CENTRO SECTOR,Other Drugs**,2,0.03
2025,APR,U.S. Border Patrol,Southwest Border,Land Only,EL PASO SECTOR,Cocaine,5,24.7517
2025,APR,U.S. Border Patrol,Southwest Border,Land Only,EL PASO SECTOR,Fentanyl,1,63.6468
2025,APR,U.S. Border Patrol,Southwest Border,Land Only,EL PASO SECTOR,Marijuana,23,75.8494
2025,APR,U.S. Border Patrol,Southwest Border,Land Only,EL PASO SECTOR,Methamphetamine,2,26.933
2025,APR,U.S. Border Patrol,Southwest Border,Land Only,EL PASO SECTOR,Other Drugs**,2,2.5615
2025,APR,U.S. Border Patrol,Southwest Border,Land Only,LAREDO SECTOR,Cocaine,1,0.0
2025,APR,U.S. Border Patrol,Southwest Border,Land Only,LAREDO SECTOR,Marijuana,12,0.3643
2025,APR,U.S. Border Patrol,Southwest Border,Land Only,LAREDO SECTOR,Other Drugs**,3,0.2918
2025,APR,U.S. Border Patrol,Southwest Border,Land Only,RIO GRANDE VALLEY SECTOR,Cocaine,6,99.0265
2025,APR,U.S. Border Patrol,Southwest Border,Land Only,RIO GRANDE VALLEY SECTOR,Marijuana,46,2713.3526
2025,APR,U.S. Border Patrol,Southwest Border,Land Only,RIO GRANDE VALLEY SECTOR,Methamphetamine,2,206.4762
2025,APR,U.S. Border Patrol,Southwest Border,Land Only,RIO GRANDE VALLEY SECTOR,Other Drugs**,6,1.0075
2025,APR,U.S. Border Patrol,Southwest Border,Land Only,SAN DIEGO SECTOR,Cocaine,15,354.764
2025,APR,U.S. Border Patrol,Southwest Border,Land Only,SAN DIEGO SECTOR,Fentanyl,7,48.0916
2025,APR,U.S. Border Patrol,Southwest Border,Land Only,SAN DIEGO SECTOR,Marijuana,6,6.945
2025,APR,U.S. Border Patrol,Southwest Border,Land Only,SAN DIEGO SECTOR,Methamphetamine,12,1513.2036
2025,APR,U.S. Border Patrol,Southwest Border,Land Only,SAN DIEGO SECTOR,Other Drugs**,4,342.5412
2025,APR,U.S. Border Patrol,Southwest Border,Land Only,TUCSON SECTOR,Cocaine,8,14.8678
2025,APR,U.S. Border Patrol,Southwest Border,Land Only,TUCSON SECTOR,Fentanyl,3,0.0096
2025,APR,U.S. Border Patrol,Southwest Border,Land Only,TUCSON SECTOR,Marijuana,16,1.3517
2025,APR,U.S. Border Patrol,Southwest Border,Land Only,TUCSON SECTOR,Methamphetamine,10,59.1452
2025,APR,U.S. Border Patrol,Southwest Border,Land Only,TUCSON SECTOR,Other Drugs**,2,0.0063999999999999
2025,APR,U.S. Border Patrol,Southwest Border,Land Only,YUMA SECTOR,Cocaine,3,0.0165
2025,APR,U.S. Border Patrol,Southwest Border,Land Only,YUMA SECTOR,Fentanyl,1,0.0009
2025,APR,U.S. Border Patrol,Southwest Border,Land Only,YUMA SECTOR,Marijuana,11,342.88800000000003
2025,APR,U.S. Border Patrol,Southwest Border,Land Only,YUMA SECTOR,Methamphetamine,4,0.4556
2025,APR,U.S. Border Patrol,Southwest Border,Land Only,YUMA SECTOR,Other Drugs**,4,0.1673
2025,AUG,Office of Field Operations,Coastal/Interior,Other,ATLANTA FIELD OFFICE,Ecstasy,1,0.006172943336
2025,AUG,Office of Field Operations,Coastal/Interior,Other,ATLANTA FIELD OFFICE,Marijuana,5,34.625141482934
2025,AUG,Office of Field Operations,Coastal/Interior,Other,ATLANTA FIELD OFFICE,Methamphetamine,1,5.291094288
2025,AUG,Office of Field Operations,Coastal/Interior,Other,ATLANTA FIELD OFFICE,Other Drugs**,6,1.517221287084
2025,AUG,Office of Field Operations,Coastal/Interior,Other,BALTIMORE FIELD OFFICE,Ecstasy,4,0.07165023515
2025,AUG,Office of Field Operations,Coastal/Interior,Other,BALTIMORE FIELD OFFICE,Ketamine,3,0.477741721754
2025,AUG,Office of Field Operations,Coastal/Interior,Other,BALTIMORE FIELD OFFICE,Lsd,1,0.002645547144
2025,AUG,Office of Field Operations,Coastal/Interior,Other,BALTIMORE FIELD OFFICE,Marijuana,31,211.24272861919584
2025,AUG,Office of Field Operations,Coastal/Interior,Other,BALTIMORE FIELD OFFICE,Other Drugs**,24,133.755777128972
2025,AUG,Office of Field Operations,Coastal/Interior,Other,CHICAGO FIELD OFFICE,Cocaine,12,103.912241646556
2025,AUG,Office of Field Operations,Coastal/Interior,Other,CHICAGO FIELD OFFICE,Ecstasy,4,5.609552025459
2025,AUG,Office of Field Operations,Coastal/Interior,Other,CHICAGO FIELD OFFICE,Fentanyl,3,4.7730079723
2025,AUG,Office of Field Operations,Coastal/Interior,Other,CHICAGO FIELD OFFICE,Heroin,3,7.5699685978416
2025,AUG,Office of Field Operations,Coastal/Interior,Other,CHICAGO FIELD OFFICE,Ketamine,18,274.511010614182
2025,AUG,Office of Field Operations,Coastal/Interior,Other,CHICAGO FIELD OFFICE,Lsd,2,0.052470018356
2025,AUG,Office of Field Operations,Coastal/Interior,Other,CHICAGO FIELD OFFICE,Marijuana,276,2502.4637628893915
2025,AUG,Office of Field Operations,Coastal/Interior,Other,CHICAGO FIELD OFFICE,Methamphetamine,29,329.29676457023
2025,AUG,Office of Field Operations,Coastal/Interior,Other,CHICAGO FIELD OFFICE,Other Drugs**,542,578.4266383933642
2025,AUG,Office of Field Operations,Coastal/Interior,Other,HOUSTON FIELD OFFICE,Cocaine,1,0.020502990366
2025,AUG,Office of Field Operations,Coastal/Interior,Other,HOUSTON FIELD OFFICE,Heroin,1,4.5415225972
2025,AUG,Office of Field Operations,Coastal/Interior,Other,HOUSTON FIELD OFFICE,Marijuana,29,5.2633601354404
2025,AUG,Office of Field Operations,Coastal/Interior,Other,HOUSTON FIELD OFFICE,Methamphetamine,1,0.0290128336792
2025,AUG,Office of Field Operations,Coastal/Interior,Other,HOUSTON FIELD OFFICE,Other Drugs**,29,10.3718014393734
2025,AUG,Office of Field Operations,Coastal/Interior,Other,LOS ANGELES FIELD OFFICE,Cocaine,1,2.4912235606
2025,AUG,Office of Field Operations,Coastal/Interior,Other,LOS ANGELES FIELD OFFICE,Ecstasy,1,0.000881849048
2025,AUG,Office of Field Operations,Coastal/Interior,Other,LOS ANGELES FIELD OFFICE,Ketamine,16,213.142694439338
2025,AUG,Office of Field Operations,Coastal/Interior,Other,LOS ANGELES FIELD OFFICE,Lsd,3,0.019621141318
2025,AUG,Office of Field Operations,Coastal/Interior,Other,LOS ANGELES FIELD OFFICE,Marijuana,60,2834.656144947408
2025,AUG,Office of Field Operations,Coastal/Interior,Other,LOS ANGELES FIELD OFFICE,Methamphetamine,31,380.04838982507096
2025,AUG,Office of Field Operations,Coastal/Interior,Other,LOS ANGELES FIELD OFFICE,Other Drugs**,83,967.07534924396
2025,AUG,Office of Field Operations,Coastal/Interior,Other,MIAMI FIELD OFFICE,Cocaine,23,756.8428228017007
2025,AUG,Office of Field Operations,Coastal/Interior,Other,MIAMI FIELD OFFICE,Ecstasy,5,58.940806207962
2025,AUG,Office of Field Operations,Coastal/Interior,Other,MIAMI FIELD OFFICE,Fentanyl,1,66.9984814218
2025,AUG,Office of Field Operations,Coastal/Interior,Other,MIAMI FIELD OFFICE,Ketamine,4,3.69053826588
2025,AUG,Office of Field Operations,Coastal/Interior,Other,MIAMI FIELD OFFICE,Lsd,1,0.0001984160358
2025,AUG,Office of Field Operations,Coastal/Interior,Other,MIAMI FIELD OFFICE,Marijuana,224,811.848862649939
2025,AUG,Office of Field Operations,Coastal/Interior,Other,MIAMI FIELD OFFICE,Methamphetamine,5,15.237469700392
2025,AUG,Office of Field Operations,Coastal/Interior,Other,MIAMI FIELD OFFICE,Other Drugs**,393,5425.930550675034
2025,AUG,Office of Field Operations,Coastal/Interior,Other,NEW ORLEANS FIELD OFFICE,Cocaine,11,34.114771346404
2025,AUG,Office of Field Operations,Coastal/Interior,Other,NEW ORLEANS FIELD OFFICE,Ecstasy,3,2.881000839816
2025,AUG,Office of Field Operations,Coastal/Interior,Other,NEW ORLEANS FIELD OFFICE,Fentanyl,1,0.276459676548
2025,AUG,Office of Field Operations,Coastal/Interior,Other,NEW ORLEANS FIELD OFFICE,Ketamine,26,312.475714441892
2025,AUG,Office of Field Operations,Coastal/Interior,Other,NEW ORLEANS FIELD OFFICE,Marijuana,319,2141.880052314979
2025,AUG,Office of Field Operations,Coastal/Interior,Other,NEW ORLEANS FIELD OFFICE,Methamphetamine,7,48.942622164
2025,AUG,Office of Field Operations,Coastal/Interior,Other,NEW ORLEANS FIELD OFFICE,Other Drugs**,51,223.7241775360996
2025,AUG,Office of Field Operations,Coastal/Interior,Other,NEW YORK FIELD OFFICE,Cocaine,5,29.8805070037534
2025,AUG,Office of Field Operations,Coastal/Interior,Other,NEW YORK FIELD OFFICE,Ecstasy,8,0.118167772432
2025,AUG,Office of Field Operations,Coastal/Interior,Other,NEW YORK FIELD OFFICE,Fentanyl,1,0.084216584084
2025,AUG,Office of Field Operations,Coastal/Interior,Other,NEW YORK FIELD OFFICE,Ketamine,16,80.688526505214
2025,AUG,Office of Field Operations,Coastal/Interior,Other,NEW YORK FIELD OFFICE,Khat (Catha Edulis),2,1221.36093148
2025,AUG,Office of Field Operations,Coastal/Interior,Other,NEW YORK FIELD OFFICE,Marijuana,63,2341.4093784456268
2025,AUG,Office of Field Operations,Coastal/Interior,Other,NEW YORK FIELD OFFICE,Other Drugs**,459,1355.8581011498518
2025,AUG,Office of Field Operations,Coastal/Interior,Other,PRECLEARANCE FIELD OFFICE,Cocaine,1,0.00330693393
2025,AUG,Office of Field Operations,Coastal/Interior,Other,PRECLEARANCE FIELD OFFICE,Ecstasy,2,0.014109584768
2025,AUG,Office of Field Operations,Coastal/Interior,Other,PRECLEARANCE FIELD OFFICE,Ketamine,3,0.115301763026
2025,AUG,Office of Field Operations,Coastal/Interior,Other,PRECLEARANCE FIELD OFFICE,Lsd,1,0.011464037624
2025,AUG,Office of Field Operations,Coastal/Interior,Other,PRECLEARANCE FIELD OFFICE,Marijuana,37,4.1408765284674
2025,AUG,Office of Field Operations,Coastal/Interior,Other,PRECLEARANCE FIELD OFFICE,Methamphetamine,2,0.007495716908
2025,AUG,Office of Field Operations,Coastal/Interior,Other,PRECLEARANCE FIELD OFFICE,Other Drugs**,19,0.8847591498584
2025,AUG,Office of Field Operations,Coastal/Interior,Other,SAN FRANCISCO FIELD OFFICE,Cocaine,1,49.1189919736
2025,AUG,Office of Field Operations,Coastal/Interior,Other,SAN FRANCISCO FIELD OFFICE,Fentanyl,1,0.50044933474
2025,AUG,Office of Field Operations,Coastal/Interior,Other,SAN FRANCISCO FIELD OFFICE,Ketamine,1,0.01653466965
2025,AUG,Office of Field Operations,Coastal/Interior,Other,SAN FRANCISCO FIELD OFFICE,Khat (Catha Edulis),1,14.881202685
2025,AUG,Office of Field Operations,Coastal/Interior,Other,SAN FRANCISCO FIELD OFFICE,Marijuana,38,445.84413937653
2025,AUG,Office of Field Operations,Coastal/Interior,Other,SAN FRANCISCO FIELD OFFICE,Methamphetamine,15,113.910866615042
2025,AUG,Office of Field Operations,Coastal/Interior,Other,SAN FRANCISCO FIELD OFFICE,Other Drugs**,8,17.566212573898
2025,AUG,Office of Field Operations,Coastal/Interior,Other,SAN JUAN FIELD OFFICE,Marijuana,96,377.3843458972892
2025,AUG,Office of Field Operations,Coastal/Interior,Other,SAN JUAN FIELD OFFICE,Other Drugs**,8,6.7337331918494
2025,AUG,Office of Field Operations,Coastal/Interior,Other,TAMPA FIELD OFFICE,Cocaine,2,0.0016975594174
2025,AUG,Office of Field Operations,Coastal/Interior,Other,TAMPA FIELD OFFICE,Fentanyl,1,1.568809456392
2025,AUG,Office of Field Operations,Coastal/Interior,Other,TAMPA FIELD OFFICE,Ketamine,1,0.00330693393
2025,AUG,Office of Field Operations,Coastal/Interior,Other,TAMPA FIELD OFFICE,Marijuana,16,1.6797681128566
2025,AUG,Office of Field Operations,Coastal/Interior,Other,TAMPA FIELD OFFICE,Other Drugs**,21,7.656433896998
2025,AUG,Office of Field Operations,Northern Border,Land Only,BOSTON FIELD OFFICE,Cocaine,3,28.710579917998
2025,AUG,Office of Field Operations,Northern Border,Land Only,BOSTON FIELD OFFICE,Marijuana,45,4.9833730627004
2025,AUG,Office of Field Operations,Northern Border,Land Only,BOSTON FIELD OFFICE,Methamphetamine,2,0.007054792384
2025,AUG,Office of Field Operations,Northern Border,Land Only,BOSTON FIELD OFFICE,Other Drugs**,5,2.4346308979446003
2025,AUG,Office of Field Operations,Northern Border,Land Only,BUFFALO FIELD OFFICE,Cocaine,5,240.186359194354
2025,AUG,Office of Field Operations,Northern Border,Land Only,BUFFALO FIELD OFFICE,Ecstasy,1,0.000881849048
2025,AUG,Office of Field Operations,Northern Border,Land Only,BUFFALO FIELD OFFICE,Fentanyl,1,0.020502990366
2025,AUG,Office of Field Operations,Northern Border,Land Only,BUFFALO FIELD OFFICE,Marijuana,106,17.5145803121376
2025,AUG,Office of Field Operations,Northern Border,Land Only,BUFFALO FIELD OFFICE,Methamphetamine,2,0.031305641204
2025,AUG,Office of Field Operations,Northern Border,Land Only,BUFFALO FIELD OFFICE,Other Drugs**,8,0.313276874302
2025,AUG,Office of Field Operations,Northern Border,Land Only,DETROIT FIELD OFFICE,Cocaine,2,0.005291094288
2025,AUG,Office of Field Operations,Northern Border,Land Only,DETROIT FIELD OFFICE,Ecstasy,1,0.0221785035572
2025,AUG,Office of Field Operations,Northern Border,Land Only,DETROIT FIELD OFFICE,Khat (Catha Edulis),2,1.0175215240348
2025,AUG,Office of Field Operations,Northern Border,Land Only,DETROIT FIELD OFFICE,Marijuana,207,19.8448884677038
2025,AUG,Office of Field Operations,Northern Border,Land Only,DETROIT FIELD OFFICE,Other Drugs**,133,45.010236796706
2025,AUG,Office of Field Operations,Northern Border,Land Only,SEATTLE FIELD OFFICE,Cocaine,7,0.052359787225
2025,AUG,Office of Field Operations,Northern Border,Land Only,SEATTLE FIELD OFFICE,Ecstasy,2,0.0264113789876
2025,AUG,Office of Field Operations,Northern Border,Land Only,SEATTLE FIELD OFFICE,Heroin,1,0.010802650838
2025,AUG,Office of Field Operations,Northern Border,Land Only,SEATTLE FIELD OFFICE,Ketamine,6,0.1439618570859999
2025,AUG,Office of Field Operations,Northern Border,Land Only,SEATTLE FIELD OFFICE,Lsd,5,0.2425525806524
2025,AUG,Office of Field Operations,Northern Border,Land Only,SEATTLE FIELD OFFICE,Marijuana,155,19.7823874164268
2025,AUG,Office of Field Operations,Northern Border,Land Only,SEATTLE FIELD OFFICE,Methamphetamine,4,0.0614648786456
2025,AUG,Office of Field Operations,Northern Border,Land Only,SEATTLE FIELD OFFICE,Other Drugs**,24,1.2944882637854
2025,AUG,Office of Field Operations,Northern Border,Other,BOSTON FIELD OFFICE,Marijuana,9,128.679854008684
2025,AUG,Office of Field Operations,Northern Border,Other,BOSTON FIELD OFFICE,Other Drugs**,8,1.8040867823984
2025,AUG,Office of Field Operations,Northern Border,Other,BUFFALO FIELD OFFICE,Ecstasy,1,0.022266688462
2025,AUG,Office of Field Operations,Northern Border,Other,BUFFALO FIELD OFFICE,Ketamine,1,0.015211896078
2025,AUG,Office of Field Operations,Northern Border,Other,BUFFALO FIELD OFFICE,Lsd,2,0.1773839360052
2025,AUG,Office of Field Operations,Northern Border,Other,BUFFALO FIELD OFFICE,Marijuana,10,25.4076363549402
2025,AUG,Office of Field Operations,Northern Border,Other,BUFFALO FIELD OFFICE,Methamphetamine,1,0.372140298256
2025,AUG,Office of Field Operations,Northern Border,Other,BUFFALO FIELD OFFICE,Other Drugs**,12,10.9942766361304
2025,AUG,Office of Field Operations,Northern Border,Other,DETROIT FIELD OFFICE,Marijuana,7,2.6254189394794003
2025,AUG,Office of Field Operations,Northern Border,Other,DETROIT FIELD OFFICE,Other Drugs**,3,0.2986381801052
2025,AUG,Office of Field Operations,Northern Border,Other,PORTLAND FIELD OFFICE,Marijuana,5,17.875300665222
2025,AUG,Office of Field Operations,Northern Border,Other,SEATTLE FIELD OFFICE,Marijuana,13,2.3710936740362
2025,AUG,Office of Field Operations,Northern Border,Other,SEATTLE FIELD OFFICE,Other Drugs**,1,0.0135804753392
2025,AUG,Office of Field Operations,Southwest Border,Land Only,EL PASO FIELD OFFICE,Cocaine,13,427.9334986107094
2025,AUG,Office of Field Operations,Southwest Border,Land Only,EL PASO FIELD OFFICE,Fentanyl,6,1.1921937742174
2025,AUG,Office of Field Operations,Southwest Border,Land Only,EL PASO FIELD OFFICE,Marijuana,38,119.5063972406378
2025,AUG,Office of Field Operations,Southwest Border,Land Only,EL PASO FIELD OFFICE,Methamphetamine,11,309.08740789098783
2025,AUG,Office of Field Operations,Southwest Border,Land Only,EL PASO FIELD OFFICE,Other Drugs**,16,32.2843393236966
2025,AUG,Office of Field Operations,Southwest Border,Land Only,LAREDO FIELD OFFICE,Cocaine,26,1578.6974754436403
2025,AUG,Office of Field Operations,Southwest Border,Land Only,LAREDO FIELD OFFICE,Fentanyl,4,33.7458497971732
2025,AUG,Office of Field Operations,Southwest Border,Land Only,LAREDO FIELD OFFICE,Heroin,1,19.0038469844
2025,AUG,Office of Field Operations,Southwest Border,Land Only,LAREDO FIELD OFFICE,Marijuana,16,5.1405847017326005
2025,AUG,Office of Field Operations,Southwest Border,Land Only,LAREDO FIELD OFFICE,Methamphetamine,13,8422.091528559931
2025,AUG,Office of Field Operations,Southwest Border,Land Only,LAREDO FIELD OFFICE,Other Drugs**,42,11.4426968770384
2025,AUG,Office of Field Operations,Southwest Border,Land Only,SAN DIEGO FIELD OFFICE,Cocaine,34,1516.9016168041
2025,AUG,Office of Field Operations,Southwest Border,Land Only,SAN DIEGO FIELD OFFICE,Fentanyl,20,276.810652469104
2025,AUG,Office of Field Operations,Southwest Border,Land Only,SAN DIEGO FIELD OFFICE,Heroin,6,24.143704160668
2025,AUG,Office of Field Operations,Southwest Border,Land Only,SAN DIEGO FIELD OFFICE,Ketamine,1,0.031746565728
2025,AUG,Office of Field Operations,Southwest Border,Land Only,SAN DIEGO FIELD OFFICE,Marijuana,29,0.9781249178154
2025,AUG,Office of Field Operations,Southwest Border,Land Only,SAN DIEGO FIELD OFFICE,Methamphetamine,68,8240.872894015723
2025,AUG,Office of Field Operations,Southwest Border,Land Only,SAN DIEGO FIELD OFFICE,Other Drugs**,26,120.2135740384552
2025,AUG,Office of Field Operations,Southwest Border,Land Only,TUCSON FIELD OFFICE,Cocaine,8,92.171303421484
2025,AUG,Office of Field Operations,Southwest Border,Land Only,TUCSON FIELD OFFICE,Fentanyl,15,272.1828409425572
2025,AUG,Office of Field Operations,Southwest Border,Land Only,TUCSON FIELD OFFICE,Heroin,1,5.9083886216
2025,AUG,Office of Field Operations,Southwest Border,Land Only,TUCSON FIELD OFFICE,Marijuana,15,0.8419674248042
2025,AUG,Office of Field Operations,Southwest Border,Land Only,TUCSON FIELD OFFICE,Methamphetamine,12,2469.113356251568
2025,AUG,Office of Field Operations,Southwest Border,Land Only,TUCSON FIELD OFFICE,Other Drugs**,4,0.8299742777514
2025,AUG,Office of Field Operations,Southwest Border,Other,EL PASO FIELD OFFICE,Cocaine,2,0.0050044933474
2025,AUG,Office of Field Operations,Southwest Border,Other,EL PASO FIELD OFFICE,Marijuana,2,0.3681499313137999
2025,AUG,Office of Field Operations,Southwest Border,Other,EL PASO FIELD OFFICE,Methamphetamine,2,0.023809924296
2025,AUG,Office of Field Operations,Southwest Border,Other,LAREDO FIELD OFFICE,Cocaine,1,15.7850979592
2025,AUG,Office of Field Operations,Southwest Border,Other,TUCSON FIELD OFFICE,Ketamine,1,0.026896395964
2025,AUG,Office of Field Operations,Southwest Border,Other,TUCSON FIELD OFFICE,Marijuana,6,5.055640592184
2025,AUG,Office of Field Operations,Southwest Border,Other,TUCSON FIELD OFFICE,Other Drugs**,1,2.2707612986
2025,AUG,U.S. Border Patrol,Coastal/Interior,Other,MIAMI SECTOR,Cocaine,2,130.353
2025,AUG,U.S. Border Patrol,Coastal/Interior,Other,MIAMI SECTOR,Fentanyl,1,0.1257
2025,AUG,U.S. Border Patrol,Coastal/Interior,Other,MIAMI SECTOR,Marijuana,6,84.3392
2025,AUG,U.S. Border Patrol,Coastal/Interior,Other,NEW ORLEANS SECTOR,Cocaine,1,0.0039
2025,AUG,U.S. Border Patrol,Coastal/Interior,Other,NEW ORLEANS SECTOR,Fentanyl,1,0.0077
2025,AUG,U.S. Border Patrol,Coastal/Interior,Other,NEW ORLEANS SECTOR,Heroin,1,0.0029
2025,AUG,U.S. Border Patrol,Coastal/Interior,Other,NEW ORLEANS SECTOR,Marijuana,2,0.16
2025,AUG,U.S. Border Patrol,Coastal/Interior,Other,NEW ORLEANS SECTOR,Methamphetamine,1,0.5313
2025,AUG,U.S. Border Patrol,Northern Border,Land Only,BLAINE SECTOR,Marijuana,1,0.0291
2025,AUG,U.S. Border Patrol,Northern Border,Land Only,BUFFALO SECTOR,Fentanyl,1,2.2046
2025,AUG,U.S. Border Patrol,Northern Border,Land Only,BUFFALO SECTOR,Marijuana,5,502.9827
2025,AUG,U.S. Border Patrol,Northern Border,Land Only,DETROIT SECTOR,Cocaine,1,2.7673
2025,AUG,U.S. Border Patrol,Northern Border,Land Only,DETROIT SECTOR,Marijuana,5,238.3647
2025,AUG,U.S. Border Patrol,Northern Border,Land Only,DETROIT SECTOR,Other Drugs**,1,0.2563
2025,AUG,U.S. Border Patrol,Northern Border,Land Only,GRAND FORKS SECTOR,Fentanyl,1,0.0154
2025,AUG,U.S. Border Patrol,Northern Border,Land Only,GRAND FORKS SECTOR,Methamphetamine,1,0.882
2025,AUG,U.S. Border Patrol,Northern Border,Land Only,HAVRE SECTOR,Marijuana,1,0.1079
2025,AUG,U.S. Border Patrol,Northern Border,Land Only,HOULTON SECTOR,Marijuana,2,12.0095
2025,AUG,U.S. Border Patrol,Northern Border,Land Only,SPOKANE SECTOR,Cocaine,1,0.5024
2025,AUG,U.S. Border Patrol,Northern Border,Land Only,SPOKANE SECTOR,Fentanyl,1,0.0059
2025,AUG,U.S. Border Patrol,Northern Border,Land Only,SPOKANE SECTOR,Heroin,1,0.0897
2025,AUG,U.S. Border Patrol,Northern Border,Land Only,SPOKANE SECTOR,Marijuana,1,608.4257
2025,AUG,U.S. Border Patrol,Northern Border,Land Only,SPOKANE SECTOR,Methamphetamine,3,3.2331
2025,AUG,U.S. Border Patrol,Southwest Border,Land Only,BIG BEND SECTOR,Cocaine,5,3.5947
2025,AUG,U.S. Border Patrol,Southwest Border,Land Only,BIG BEND SECTOR,Fentanyl,1,0.3638
2025,AUG,U.S. Border Patrol,Southwest Border,Land Only,BIG BEND SECTOR,Heroin,1,0.0055
2025,AUG,U.S. Border Patrol,Southwest Border,Land Only,BIG BEND SECTOR,Marijuana,78,247.7131
2025,AUG,U.S. Border Patrol,Southwest Border,Land Only,BIG BEND SECTOR,Methamphetamine,2,0.1296
2025,AUG,U.S. Border Patrol,Southwest Border,Land Only,BIG BEND SECTOR,Other Drugs**,6,1.1269
2025,AUG,U.S. Border Patrol,Southwest Border,Land Only,DEL RIO SECTOR,Cocaine,3,0.0402
2025,AUG,U.S. Border Patrol,Southwest Border,Land Only,DEL RIO SECTOR,Marijuana,9,0.3202
2025,AUG,U.S. Border Patrol,Southwest Border,Land Only,DEL RIO SECTOR,Methamphetamine,1,0.0075
2025,AUG,U.S. Border Patrol,Southwest Border,Land Only,DEL RIO SECTOR,Other Drugs**,3,0.2826
2025,AUG,U.S. Border Patrol,Southwest Border,Land Only,EL CENTRO SECTOR,Fentanyl,8,2.4254
2025,AUG,U.S. Border Patrol,Southwest Border,Land Only,EL CENTRO SECTOR,Marijuana,2,239.797
2025,AUG,U.S. Border Patrol,Southwest Border,Land Only,EL CENTRO SECTOR,Methamphetamine,13,264.5447
2025,AUG,U.S. Border Patrol,Southwest Border,Land Only,EL PASO SECTOR,Cocaine,7,214.3376
2025,AUG,U.S. Border Patrol,Southwest Border,Land Only,EL PASO SECTOR,Marijuana,15,108.3456
2025,AUG,U.S. Border Patrol,Southwest Border,Land Only,EL PASO SECTOR,Methamphetamine,4,0.1167
2025,AUG,U.S. Border Patrol,Southwest Border,Land Only,LAREDO SECTOR,Cocaine,1,0.0026
2025,AUG,U.S. Border Patrol,Southwest Border,Land Only,LAREDO SECTOR,Marijuana,10,447.7599
2025,AUG,U.S. Border Patrol,Southwest Border,Land Only,LAREDO SECTOR,Other Drugs**,2,0.5391999999999999
2025,AUG,U.S. Border Patrol,Southwest Border,Land Only,RIO GRANDE VALLEY SECTOR,Cocaine,4,100.1977
2025,AUG,U.S. Border Patrol,Southwest Border,Land Only,RIO GRANDE VALLEY SECTOR,Marijuana,41,1709.9189
2025,AUG,U.S. Border Patrol,Southwest Border,Land Only,RIO GRANDE VALLEY SECTOR,Methamphetamine,2,312.0075
2025,AUG,U.S. Border Patrol,Southwest Border,Land Only,RIO GRANDE VALLEY SECTOR,Other Drugs**,2,0.0476
2025,AUG,U.S. Border Patrol,Southwest Border,Land Only,SAN DIEGO SECTOR,Cocaine,5,23.0106
2025,AUG,U.S. Border Patrol,Southwest Border,Land Only,SAN DIEGO SECTOR,Fentanyl,1,0.0379
2025,AUG,U.S. Border Patrol,Southwest Border,Land Only,SAN DIEGO SECTOR,Marijuana,6,24.4118
2025,AUG,U.S. Border Patrol,Southwest Border,Land Only,SAN DIEGO SECTOR,Methamphetamine,13,231.1647
2025,AUG,U.S. Border Patrol,Southwest Border,Land Only,SAN DIEGO SECTOR,Other Drugs**,4,5.3389
2025,AUG,U.S. Border Patrol,Southwest Border,Land Only,TUCSON SECTOR,Cocaine,4,0.0506
2025,AUG,U.S. Border Patrol,Southwest Border,Land Only,TUCSON SECTOR,Fentanyl,3,0.0098
2025,AUG,U.S. Border Patrol,Southwest Border,Land Only,TUCSON SECTOR,Heroin,1,7.5838
2025,AUG,U.S. Border Patrol,Southwest Border,Land Only,TUCSON SECTOR,Marijuana,11,22.2838
2025,AUG,U.S. Border Patrol,Southwest Border,Land Only,TUCSON SECTOR,Methamphetamine,7,178.74009999999998
2025,AUG,U.S. Border Patrol,Southwest Border,Land Only,TUCSON SECTOR,Other Drugs**,1,0.0009
2025,AUG,U.S. Border Patrol,Southwest Border,Land Only,YUMA SECTOR,Cocaine,1,0.0024
2025,AUG,U.S. Border Patrol,Southwest Border,Land Only,YUMA SECTOR,Fentanyl,2,91.7995
2025,AUG,U.S. Border Patrol,Southwest Border,Land Only,YUMA SECTOR,Marijuana,13,0.7462
2025,AUG,U.S. Border Patrol,Southwest Border,Land Only,YUMA SECTOR,Methamphetamine,3,59.718
2025,AUG,U.S. Border Patrol,Southwest Border,Land Only,YUMA SECTOR,Other Drugs**,1,0.0001
2025,DEC,Office of Field Operations,Coastal/Interior,Other,ATLANTA FIELD OFFICE,Ecstasy,1,0.825190246666
2025,DEC,Office of Field Operations,Coastal/Interior,Other,ATLANTA FIELD OFFICE,Marijuana,5,3.457289192684
2025,DEC,Office of Field Operations,Coastal/Interior,Other,ATLANTA FIELD OFFICE,Other Drugs**,5,21.730744703078003
2025,DEC,Office of Field Operations,Coastal/Interior,Other,BALTIMORE FIELD OFFICE,Cocaine,3,0.7766003641212
2025,DEC,Office of Field Operations,Coastal/Interior,Other,BALTIMORE FIELD OFFICE,Fentanyl,4,7.4766248761108
2025,DEC,Office of Field Operations,Coastal/Interior,Other,BALTIMORE FIELD OFFICE,Ketamine,1,0.001763698096
2025,DEC,Office of Field Operations,Coastal/Interior,Other,BALTIMORE FIELD OFFICE,Marijuana,33,302.3154244966816
2025,DEC,Office of Field Operations,Coastal/Interior,Other,BALTIMORE FIELD OFFICE,Methamphetamine,2,4.495247568406199
2025,DEC,Office of Field Operations,Coastal/Interior,Other,BALTIMORE FIELD OFFICE,Other Drugs**,14,24.101154944102
2025,DEC,Office of Field Operations,Coastal/Interior,Other,CHICAGO FIELD OFFICE,Cocaine,26,87.5744668427482
2025,DEC,Office of Field Operations,Coastal/Interior,Other,CHICAGO FIELD OFFICE,Ecstasy,25,29.409401196085604
2025,DEC,Office of Field Operations,Coastal/Interior,Other,CHICAGO FIELD OFFICE,Fentanyl,4,5.816014933822
2025,DEC,Office of Field Operations,Coastal/Interior,Other,CHICAGO FIELD OFFICE,Heroin,2,2.930384386504
2025,DEC,Office of Field Operations,Coastal/Interior,Other,CHICAGO FIELD OFFICE,Ketamine,30,79.7931410743272
2025,DEC,Office of Field Operations,Coastal/Interior,Other,CHICAGO FIELD OFFICE,Khat (Catha Edulis),16,331.95002789340003
2025,DEC,Office of Field Operations,Coastal/Interior,Other,CHICAGO FIELD OFFICE,Lsd,5,0.0204588979135999
2025,DEC,Office of Field Operations,Coastal/Interior,Other,CHICAGO FIELD OFFICE,Marijuana,438,3736.4868562024567
2025,DEC,Office of Field Operations,Coastal/Interior,Other,CHICAGO FIELD OFFICE,Methamphetamine,33,566.4191612935342
2025,DEC,Office of Field Operations,Coastal/Interior,Other,CHICAGO FIELD OFFICE,Other Drugs**,628,938.24219230829
2025,DEC,Office of Field Operations,Coastal/Interior,Other,HOUSTON FIELD OFFICE,Cocaine,2,4.104345931654
2025,DEC,Office of Field Operations,Coastal/Interior,Other,HOUSTON FIELD OFFICE,Ecstasy,2,0.0071429772887999
2025,DEC,Office of Field Operations,Coastal/Interior,Other,HOUSTON FIELD OFFICE,Ketamine,1,0.00110231131
2025,DEC,Office of Field Operations,Coastal/Interior,Other,HOUSTON FIELD OFFICE,Marijuana,17,6.7264579372034
2025,DEC,Office of Field Operations,Coastal/Interior,Other,HOUSTON FIELD OFFICE,Other Drugs**,31,61.6250885713954
2025,DEC,Office of Field Operations,Coastal/Interior,Other,LOS ANGELES FIELD OFFICE,Cocaine,3,12.873232402704
2025,DEC,Office of Field Operations,Coastal/Interior,Other,LOS ANGELES FIELD OFFICE,Ecstasy,7,16.437886716982
2025,DEC,Office of Field Operations,Coastal/Interior,Other,LOS ANGELES FIELD OFFICE,Ketamine,3,15.199550191328
2025,DEC,Office of Field Operations,Coastal/Interior,Other,LOS ANGELES FIELD OFFICE,Khat (Catha Edulis),2,54.0793928686
2025,DEC,Office of Field Operations,Coastal/Interior,Other,LOS ANGELES FIELD OFFICE,Lsd,5,0.019400679056
2025,DEC,Office of Field Operations,Coastal/Interior,Other,LOS ANGELES FIELD OFFICE,Marijuana,30,898.1456845457186
2025,DEC,Office of Field Operations,Coastal/Interior,Other,LOS ANGELES FIELD OFFICE,Methamphetamine,7,48.105306492924
2025,DEC,Office of Field Operations,Coastal/Interior,Other,LOS ANGELES FIELD OFFICE,Other Drugs**,157,595.300577418356
2025,DEC,Office of Field Operations,Coastal/Interior,Other,MIAMI FIELD OFFICE,Cocaine,19,17.615067011157198
2025,DEC,Office of Field Operations,Coastal/Interior,Other,MIAMI FIELD OFFICE,Ecstasy,8,6.62378866179
2025,DEC,Office of Field Operations,Coastal/Interior,Other,MIAMI FIELD OFFICE,Fentanyl,1,0.110231131
2025,DEC,Office of Field Operations,Coastal/Interior,Other,MIAMI FIELD OFFICE,Ketamine,4,6.1070030734358
2025,DEC,Office of Field Operations,Coastal/Interior,Other,MIAMI FIELD OFFICE,Lsd,5,0.466718608654
2025,DEC,Office of Field Operations,Coastal/Interior,Other,MIAMI FIELD OFFICE,Marijuana,89,142.4405131546166
2025,DEC,Office of Field Operations,Coastal/Interior,Other,MIAMI FIELD OFFICE,Methamphetamine,1,0.0330693393
2025,DEC,Office of Field Operations,Coastal/Interior,Other,MIAMI FIELD OFFICE,Other Drugs**,293,378.9403244500328
2025,DEC,Office of Field Operations,Coastal/Interior,Other,NEW ORLEANS FIELD OFFICE,Cocaine,37,220.410012443906
2025,DEC,Office of Field Operations,Coastal/Interior,Other,NEW ORLEANS FIELD OFFICE,Ecstasy,1,1.296759025084
2025,DEC,Office of Field Operations,Coastal/Interior,Other,NEW ORLEANS FIELD OFFICE,Fentanyl,12,0.727966389124
2025,DEC,Office of Field Operations,Coastal/Interior,Other,NEW ORLEANS FIELD OFFICE,Heroin,85,3.997862659108
2025,DEC,Office of Field Operations,Coastal/Interior,Other,NEW ORLEANS FIELD OFFICE,Ketamine,2,22.376919593
2025,DEC,Office of Field Operations,Coastal/Interior,Other,NEW ORLEANS FIELD OFFICE,Marijuana,152,1751.513367241522
2025,DEC,Office of Field Operations,Coastal/Interior,Other,NEW ORLEANS FIELD OFFICE,Methamphetamine,26,226.25049868881
2025,DEC,Office of Field Operations,Coastal/Interior,Other,NEW ORLEANS FIELD OFFICE,Other Drugs**,76,317.783784324066
2025,DEC,Office of Field Operations,Coastal/Interior,Other,NEW YORK FIELD OFFICE,Cocaine,6,14.477095358754
2025,DEC,Office of Field Operations,Coastal/Interior,Other,NEW YORK FIELD OFFICE,Ecstasy,14,5.3579604920646
2025,DEC,Office of Field Operations,Coastal/Interior,Other,NEW YORK FIELD OFFICE,Fentanyl,1,2.20462262
2025,DEC,Office of Field Operations,Coastal/Interior,Other,NEW YORK FIELD OFFICE,Ketamine,10,343.188532623374
2025,DEC,Office of Field Operations,Coastal/Interior,Other,NEW YORK FIELD OFFICE,Khat (Catha Edulis),2,1560.87281496
2025,DEC,Office of Field Operations,Coastal/Interior,Other,NEW YORK FIELD OFFICE,Lsd,4,0.004629707502
2025,DEC,Office of Field Operations,Coastal/Interior,Other,NEW YORK FIELD OFFICE,Marijuana,60,659.261970718844
2025,DEC,Office of Field Operations,Coastal/Interior,Other,NEW YORK FIELD OFFICE,Methamphetamine,2,0.0343921128719999
2025,DEC,Office of Field Operations,Coastal/Interior,Other,NEW YORK FIELD OFFICE,Other Drugs**,634,2590.412089636039
2025,DEC,Office of Field Operations,Coastal/Interior,Other,PRECLEARANCE FIELD OFFICE,Cocaine,1,0.0028439631798
2025,DEC,Office of Field Operations,Coastal/Interior,Other,PRECLEARANCE FIELD OFFICE,Ketamine,1,0.0009700339528
2025,DEC,Office of Field Operations,Coastal/Interior,Other,PRECLEARANCE FIELD OFFICE,Marijuana,22,4.2263497474448
2025,DEC,Office of Field Operations,Coastal/Interior,Other,PRECLEARANCE FIELD OFFICE,Methamphetamine,1,0.000440924524
2025,DEC,Office of Field Operations,Coastal/Interior,Other,PRECLEARANCE FIELD OFFICE,Other Drugs**,2,0.0033730726086
2025,DEC,Office of Field Operations,Coastal/Interior,Other,SAN FRANCISCO FIELD OFFICE,Cocaine,8,201.283588441834
2025,DEC,Office of Field Operations,Coastal/Interior,Other,SAN FRANCISCO FIELD OFFICE,Lsd,1,0.03968320716
2025,DEC,Office of Field Operations,Coastal/Interior,Other,SAN FRANCISCO FIELD OFFICE,Marijuana,37,305.359192624532
2025,DEC,Office of Field Operations,Coastal/Interior,Other,SAN FRANCISCO FIELD OFFICE,Methamphetamine,42,156.236534447374
2025,DEC,Office of Field Operations,Coastal/Interior,Other,SAN FRANCISCO FIELD OFFICE,Other Drugs**,22,433.0595768956024
2025,DEC,Office of Field Operations,Coastal/Interior,Other,SAN JUAN FIELD OFFICE,Cocaine,13,849.087474017752
2025,DEC,Office of Field Operations,Coastal/Interior,Other,SAN JUAN FIELD OFFICE,Ecstasy,1,0.000440924524
2025,DEC,Office of Field Operations,Coastal/Interior,Other,SAN JUAN FIELD OFFICE,Ketamine,3,0.03968320716
2025,DEC,Office of Field Operations,Coastal/Interior,Other,SAN JUAN FIELD OFFICE,Marijuana,113,362.42121943573
2025,DEC,Office of Field Operations,Coastal/Interior,Other,SAN JUAN FIELD OFFICE,Methamphetamine,1,0.040344593946
2025,DEC,Office of Field Operations,Coastal/Interior,Other,TAMPA FIELD OFFICE,Marijuana,8,30.710172634338
2025,DEC,Office of Field Operations,Coastal/Interior,Other,TAMPA FIELD OFFICE,Methamphetamine,1,0.027998707274
2025,DEC,Office of Field Operations,Coastal/Interior,Other,TAMPA FIELD OFFICE,Other Drugs**,1,1.616208842722
2025,DEC,Office of Field Operations,Northern Border,Land Only,BOSTON FIELD OFFICE,Cocaine,1,0.012345886672
2025,DEC,Office of Field Operations,Northern Border,Land Only,BOSTON FIELD OFFICE,Marijuana,16,0.3313988722384
2025,DEC,Office of Field Operations,Northern Border,Land Only,BOSTON FIELD OFFICE,Other Drugs**,1,0.001322773572
2025,DEC,Office of Field Operations,Northern Border,Land Only,BUFFALO FIELD OFFICE,Cocaine,1,0.001984160358
2025,DEC,Office of Field Operations,Northern Border,Land Only,BUFFALO FIELD OFFICE,Ecstasy,1,0.001763698096
2025,DEC,Office of Field Operations,Northern Border,Land Only,BUFFALO FIELD OFFICE,Heroin,1,0.010141264052
2025,DEC,Office of Field Operations,Northern Border,Land Only,BUFFALO FIELD OFFICE,Ketamine,1,0.001543235834
2025,DEC,Office of Field Operations,Northern Border,Land Only,BUFFALO FIELD OFFICE,Marijuana,52,14.432782444092
2025,DEC,Office of Field Operations,Northern Border,Land Only,BUFFALO FIELD OFFICE,Methamphetamine,1,0.003968320716
2025,DEC,Office of Field Operations,Northern Border,Land Only,BUFFALO FIELD OFFICE,Other Drugs**,5,0.287262327386
2025,DEC,Office of Field Operations,Northern Border,Land Only,DETROIT FIELD OFFICE,Cocaine,6,1077.5199538522545
2025,DEC,Office of Field Operations,Northern Border,Land Only,DETROIT FIELD OFFICE,Ecstasy,2,0.1531771796376
2025,DEC,Office of Field Operations,Northern Border,Land Only,DETROIT FIELD OFFICE,Heroin,1,0.0367951515278
2025,DEC,Office of Field Operations,Northern Border,Land Only,DETROIT FIELD OFFICE,Ketamine,1,0.0013668660244
2025,DEC,Office of Field Operations,Northern Border,Land Only,DETROIT FIELD OFFICE,Khat (Catha Edulis),1,0.161047682391
2025,DEC,Office of Field Operations,Northern Border,Land Only,DETROIT FIELD OFFICE,Marijuana,139,13.5164971907676
2025,DEC,Office of Field Operations,Northern Border,Land Only,DETROIT FIELD OFFICE,Methamphetamine,5,0.1563297899842
2025,DEC,Office of Field Operations,Northern Border,Land Only,DETROIT FIELD OFFICE,Other Drugs**,91,6.8616013038094
2025,DEC,Office of Field Operations,Northern Border,Land Only,SEATTLE FIELD OFFICE,Cocaine,3,0.0072091159674
2025,DEC,Office of Field Operations,Northern Border,Land Only,SEATTLE FIELD OFFICE,Ketamine,1,0.012786811196
2025,DEC,Office of Field Operations,Northern Border,Land Only,SEATTLE FIELD OFFICE,Marijuana,68,40.0312288867932
2025,DEC,Office of Field Operations,Northern Border,Land Only,SEATTLE FIELD OFFICE,Methamphetamine,1,0.0096782933018
2025,DEC,Office of Field Operations,Northern Border,Land Only,SEATTLE FIELD OFFICE,Other Drugs**,2,0.0408516571486
2025,DEC,Office of Field Operations,Northern Border,Other,BOSTON FIELD OFFICE,Ecstasy,1,0.121915630886
2025,DEC,Office of Field Operations,Northern Border,Other,BOSTON FIELD OFFICE,Ketamine,1,0.00110231131
2025,DEC,Office of Field Operations,Northern Border,Other,BOSTON FIELD OFFICE,Marijuana,2,0.039242282636
2025,DEC,Office of Field Operations,Northern Border,Other,BOSTON FIELD OFFICE,Other Drugs**,8,3.611833238346
2025,DEC,Office of Field Operations,Northern Border,Other,BUFFALO FIELD OFFICE,Marijuana,1,0.34943268527
2025,DEC,Office of Field Operations,Northern Border,Other,BUFFALO FIELD OFFICE,Other Drugs**,2,0.076500404914
2025,DEC,Office of Field Operations,Northern Border,Other,DETROIT FIELD OFFICE,Marijuana,5,10.758007229945
2025,DEC,Office of Field Operations,Northern Border,Other,DETROIT FIELD OFFICE,Other Drugs**,29,3.9655428914988
2025,DEC,Office of Field Operations,Northern Border,Other,PORTLAND FIELD OFFICE,Marijuana,8,85.32046067606021
2025,DEC,Office of Field Operations,Northern Border,Other,SEATTLE FIELD OFFICE,Cocaine,1,0.06724098991
2025,DEC,Office of Field Operations,Northern Border,Other,SEATTLE FIELD OFFICE,Ecstasy,1,0.06393405598
2025,DEC,Office of Field Operations,Northern Border,Other,SEATTLE FIELD OFFICE,Ketamine,1,0.064595442766
2025,DEC,Office of Field Operations,Northern Border,Other,SEATTLE FIELD OFFICE,Lsd,4,0.0090389527419999
2025,DEC,Office of Field Operations,Northern Border,Other,SEATTLE FIELD OFFICE,Marijuana,11,46.4432855921584
2025,DEC,Office of Field Operations,Northern Border,Other,SEATTLE FIELD OFFICE,Other Drugs**,9,2.801524194365
2025,DEC,Office of Field Operations,Southwest Border,Land Only,EL PASO FIELD OFFICE,Cocaine,4,78.09037874754401
2025,DEC,Office of Field Operations,Southwest Border,Land Only,EL PASO FIELD OFFICE,Fentanyl,3,4.4643608055
2025,DEC,Office of Field Operations,Southwest Border,Land Only,EL PASO FIELD OFFICE,Marijuana,29,0.1721589803958
2025,DEC,Office of Field Operations,Southwest Border,Land Only,EL PASO FIELD OFFICE,Methamphetamine,4,77.47374580073
2025,DEC,Office of Field Operations,Southwest Border,Land Only,EL PASO FIELD OFFICE,Other Drugs**,18,7.2379083388172
2025,DEC,Office of Field Operations,Southwest Border,Land Only,LAREDO FIELD OFFICE,Cocaine,12,986.3245927721922
2025,DEC,Office of Field Operations,Southwest Border,Land Only,LAREDO FIELD OFFICE,Fentanyl,1,25.683853523
2025,DEC,Office of Field Operations,Southwest Border,Land Only,LAREDO FIELD OFFICE,Heroin,4,45.133916125688
2025,DEC,Office of Field Operations,Southwest Border,Land Only,LAREDO FIELD OFFICE,Ketamine,1,0.025573622392
2025,DEC,Office of Field Operations,Southwest Border,Land Only,LAREDO FIELD OFFICE,Marijuana,14,2818.309044589918
2025,DEC,Office of Field Operations,Southwest Border,Land Only,LAREDO FIELD OFFICE,Methamphetamine,7,2441.995638222746
2025,DEC,Office of Field Operations,Southwest Border,Land Only,LAREDO FIELD OFFICE,Other Drugs**,29,23.1924315463642
2025,DEC,Office of Field Operations,Southwest Border,Land Only,SAN DIEGO FIELD OFFICE,Cocaine,27,1286.286626714476
2025,DEC,Office of Field Operations,Southwest Border,Land Only,SAN DIEGO FIELD OFFICE,Fentanyl,21,491.146709132648
2025,DEC,Office of Field Operations,Southwest Border,Land Only,SAN DIEGO FIELD OFFICE,Heroin,6,59.2602560256
2025,DEC,Office of Field Operations,Southwest Border,Land Only,SAN DIEGO FIELD OFFICE,Marijuana,21,0.4058930705682
2025,DEC,Office of Field Operations,Southwest Border,Land Only,SAN DIEGO FIELD OFFICE,Methamphetamine,52,3029.975347353094
2025,DEC,Office of Field Operations,Southwest Border,Land Only,SAN DIEGO FIELD OFFICE,Other Drugs**,32,56.5693597943066
2025,DEC,Office of Field Operations,Southwest Border,Land Only,TUCSON FIELD OFFICE,Cocaine,4,21.850455711344
2025,DEC,Office of Field Operations,Southwest Border,Land Only,TUCSON FIELD OFFICE,Fentanyl,10,591.8254528286762
2025,DEC,Office of Field Operations,Southwest Border,Land Only,TUCSON FIELD OFFICE,Heroin,3,52.4259259036
2025,DEC,Office of Field Operations,Southwest Border,Land Only,TUCSON FIELD OFFICE,Marijuana,14,1.3427474529372
2025,DEC,Office of Field Operations,Southwest Border,Land Only,TUCSON FIELD OFFICE,Methamphetamine,10,653.134663071078
2025,DEC,Office of Field Operations,Southwest Border,Land Only,TUCSON FIELD OFFICE,Other Drugs**,5,7.204045335374
2025,DEC,Office of Field Operations,Southwest Border,Other,EL PASO FIELD OFFICE,Fentanyl,1,0.285939553814
2025,DEC,Office of Field Operations,Southwest Border,Other,EL PASO FIELD OFFICE,Marijuana,1,0.088846291586
2025,DEC,Office of Field Operations,Southwest Border,Other,EL PASO FIELD OFFICE,Methamphetamine,1,0.328268308118
2025,DEC,Office of Field Operations,Southwest Border,Other,LAREDO FIELD OFFICE,Cocaine,1,0.006172943336
2025,DEC,Office of Field Operations,Southwest Border,Other,LAREDO FIELD OFFICE,Marijuana,1,0.0175708422814
2025,DEC,Office of Field Operations,Southwest Border,Other,SAN DIEGO FIELD OFFICE,Fentanyl,1,0.046517537282
2025,DEC,Office of Field Operations,Southwest Border,Other,TUCSON FIELD OFFICE,Fentanyl,2,0.035053499658
2025,DEC,Office of Field Operations,Southwest Border,Other,TUCSON FIELD OFFICE,Lsd,1,0.03417165061
2025,DEC,Office of Field Operations,Southwest Border,Other,TUCSON FIELD OFFICE,Marijuana,5,134.18700131344397
2025,DEC,Office of Field Operations,Southwest Border,Other,TUCSON FIELD OFFICE,Methamphetamine,1,0.005952481074
2025,DEC,Office of Field Operations,Southwest Border,Other,TUCSON FIELD OFFICE,Other Drugs**,2,1.307561675922
2025,DEC,U.S. Border Patrol,Coastal/Interior,Other,MIAMI SECTOR,Cocaine,3,35.9702
2025,DEC,U.S. Border Patrol,Coastal/Interior,Other,MIAMI SECTOR,Marijuana,1,1.0297
2025,DEC,U.S. Border Patrol,Coastal/Interior,Other,MIAMI SECTOR,Methamphetamine,1,0.0485
2025,DEC,U.S. Border Patrol,Coastal/Interior,Other,NEW ORLEANS SECTOR,Cocaine,1,0.001
2025,DEC,U.S. Border Patrol,Coastal/Interior,Other,NEW ORLEANS SECTOR,Fentanyl,1,0.0029
2025,DEC,U.S. Border Patrol,Coastal/Interior,Other,NEW ORLEANS SECTOR,Marijuana,2,0.0781
2025,DEC,U.S. Border Patrol,Coastal/Interior,Other,NEW ORLEANS SECTOR,Methamphetamine,3,12.2881
2025,DEC,U.S. Border Patrol,Coastal/Interior,Other,NEW ORLEANS SECTOR,Other Drugs**,1,0.0816
2025,DEC,U.S. Border Patrol,Coastal/Interior,Other,RAMEY SECTOR,Cocaine,1,5274.5805
2025,DEC,U.S. Border Patrol,Northern Border,Land Only,BLAINE SECTOR,Cocaine,1,77.519
2025,DEC,U.S. Border Patrol,Northern Border,Land Only,BLAINE SECTOR,Ecstasy,1,1.4308
2025,DEC,U.S. Border Patrol,Northern Border,Land Only,DETROIT SECTOR,Cocaine,1,0.0101
2025,DEC,U.S. Border Patrol,Northern Border,Land Only,DETROIT SECTOR,Fentanyl,2,0.6296999999999999
2025,DEC,U.S. Border Patrol,Northern Border,Land Only,DETROIT SECTOR,Marijuana,7,15.3332
2025,DEC,U.S. Border Patrol,Northern Border,Land Only,DETROIT SECTOR,Other Drugs**,2,0.3524
2025,DEC,U.S. Border Patrol,Northern Border,Land Only,GRAND FORKS SECTOR,Marijuana,1,0.0088
2025,DEC,U.S. Border Patrol,Northern Border,Land Only,GRAND FORKS SECTOR,Methamphetamine,1,0.9259
2025,DEC,U.S. Border Patrol,Northern Border,Land Only,HOULTON SECTOR,Marijuana,1,0.0022
2025,DEC,U.S. Border Patrol,Northern Border,Land Only,HOULTON SECTOR,Methamphetamine,2,0.2311
2025,DEC,U.S. Border Patrol,Northern Border,Land Only,HOULTON SECTOR,Other Drugs**,1,0.804
2025,DEC,U.S. Border Patrol,Northern Border,Land Only,SPOKANE SECTOR,Cocaine,1,0.1235
2025,DEC,U.S. Border Patrol,Northern Border,Land Only,SPOKANE SECTOR,Fentanyl,3,0.3604
2025,DEC,U.S. Border Patrol,Northern Border,Land Only,SPOKANE SECTOR,Marijuana,2,1.5619
2025,DEC,U.S. Border Patrol,Northern Border,Land Only,SPOKANE SECTOR,Methamphetamine,2,0.1114
2025,DEC,U.S. Border Patrol,Northern Border,Land Only,SPOKANE SECTOR,Other Drugs**,2,0.0873
2025,DEC,U.S. Border Patrol,Northern Border,Land Only,SWANTON SECTOR,Marijuana,2,0.1087
2025,DEC,U.S. Border Patrol,Southwest Border,Land Only,BIG BEND SECTOR,Cocaine,2,0.0106
2025,DEC,U.S. Border Patrol,Southwest Border,Land Only,BIG BEND SECTOR,Ecstasy,2,0.0042
2025,DEC,U.S. Border Patrol,Southwest Border,Land Only,BIG BEND SECTOR,Fentanyl,1,5.3056
2025,DEC,U.S. Border Patrol,Southwest Border,Land Only,BIG BEND SECTOR,Marijuana,85,480.7906
2025,DEC,U.S. Border Patrol,Southwest Border,Land Only,BIG BEND SECTOR,Methamphetamine,7,0.1471
2025,DEC,U.S. Border Patrol,Southwest Border,Land Only,BIG BEND SECTOR,Other Drugs**,9,1.1677
2025,DEC,U.S. Border Patrol,Southwest Border,Land Only,DEL RIO SECTOR,Cocaine,1,49.0613
2025,DEC,U.S. Border Patrol,Southwest Border,Land Only,DEL RIO SECTOR,Fentanyl,1,0.0
2025,DEC,U.S. Border Patrol,Southwest Border,Land Only,DEL RIO SECTOR,Marijuana,14,0.2889
2025,DEC,U.S. Border Patrol,Southwest Border,Land Only,DEL RIO SECTOR,Methamphetamine,2,0.0148
2025,DEC,U.S. Border Patrol,Southwest Border,Land Only,DEL RIO SECTOR,Other Drugs**,3,2.6873
2025,DEC,U.S. Border Patrol,Southwest Border,Land Only,EL CENTRO SECTOR,Cocaine,2,7.506399999999999
2025,DEC,U.S. Border Patrol,Southwest Border,Land Only,EL CENTRO SECTOR,Fentanyl,3,13.8722
2025,DEC,U.S. Border Patrol,Southwest Border,Land Only,EL CENTRO SECTOR,Marijuana,1,0.621
2025,DEC,U.S. Border Patrol,Southwest Border,Land Only,EL CENTRO SECTOR,Methamphetamine,6,68.70700000000001
2025,DEC,U.S. Border Patrol,Southwest Border,Land Only,EL CENTRO SECTOR,Other Drugs**,1,0.0331
2025,DEC,U.S. Border Patrol,Southwest Border,Land Only,EL PASO SECTOR,Cocaine,2,7.6094
2025,DEC,U.S. Border Patrol,Southwest Border,Land Only,EL PASO SECTOR,Marijuana,12,22.6955
2025,DEC,U.S. Border Patrol,Southwest Border,Land Only,EL PASO SECTOR,Methamphetamine,4,70.4853
2025,DEC,U.S. Border Patrol,Southwest Border,Land Only,EL PASO SECTOR,Other Drugs**,2,0.3545
2025,DEC,U.S. Border Patrol,Southwest Border,Land Only,LAREDO SECTOR,Cocaine,5,2.29
2025,DEC,U.S. Border Patrol,Southwest Border,Land Only,LAREDO SECTOR,Heroin,2,0.0596
2025,DEC,U.S. Border Patrol,Southwest Border,Land Only,LAREDO SECTOR,Marijuana,7,257.64320000000004
2025,DEC,U.S. Border Patrol,Southwest Border,Land Only,LAREDO SECTOR,Methamphetamine,1,0.0595
2025,DEC,U.S. Border Patrol,Southwest Border,Land Only,RIO GRANDE VALLEY SECTOR,Cocaine,2,4.1807
2025,DEC,U.S. Border Patrol,Southwest Border,Land Only,RIO GRANDE VALLEY SECTOR,Marijuana,39,1309.2999
2025,DEC,U.S. Border Patrol,Southwest Border,Land Only,RIO GRANDE VALLEY SECTOR,Methamphetamine,1,241.6239
2025,DEC,U.S. Border Patrol,Southwest Border,Land Only,RIO GRANDE VALLEY SECTOR,Other Drugs**,3,1.8827
2025,DEC,U.S. Border Patrol,Southwest Border,Land Only,SAN DIEGO SECTOR,Cocaine,7,373.4256
2025,DEC,U.S. Border Patrol,Southwest Border,Land Only,SAN DIEGO SECTOR,Fentanyl,2,4.7875
2025,DEC,U.S. Border Patrol,Southwest Border,Land Only,SAN DIEGO SECTOR,Marijuana,9,35.113299999999995
2025,DEC,U.S. Border Patrol,Southwest Border,Land Only,SAN DIEGO SECTOR,Methamphetamine,4,120.0415
2025,DEC,U.S. Border Patrol,Southwest Border,Land Only,SAN DIEGO SECTOR,Other Drugs**,5,5.9586
2025,DEC,U.S. Border Patrol,Southwest Border,Land Only,TUCSON SECTOR,Cocaine,4,5.6784
2025,DEC,U.S. Border Patrol,Southwest Border,Land Only,TUCSON SECTOR,Fentanyl,2,0.008
2025,DEC,U.S. Border Patrol,Southwest Border,Land Only,TUCSON SECTOR,Heroin,1,3.2628
2025,DEC,U.S. Border Patrol,Southwest Border,Land Only,TUCSON SECTOR,Marijuana,18,3.3374
2025,DEC,U.S. Border Patrol,Southwest Border,Land Only,TUCSON SECTOR,Methamphetamine,10,116.3435
2025,DEC,U.S. Border Patrol,Southwest Border,Land Only,TUCSON SECTOR,Other Drugs**,2,2.692
2025,DEC,U.S. Border Patrol,Southwest Border,Land Only,YUMA SECTOR,Marijuana,1,0.0066
2025,DEC,U.S. Border Patrol,Southwest Border,Land Only,YUMA SECTOR,Methamphetamine,4,75.9906
2025,FEB,Office of Field Operations,Coastal/Interior,Other,ATLANTA FIELD OFFICE,Cocaine,2,35.5385166344
2025,FEB,Office of Field Operations,Coastal/Interior,Other,ATLANTA FIELD OFFICE,Heroin,1,4.1226442994
2025,FEB,Office of Field Operations,Coastal/Interior,Other,ATLANTA FIELD OFFICE,Marijuana,1,0.108687895166
2025,FEB,Office of Field Operations,Coastal/Interior,Other,ATLANTA FIELD OFFICE,Other Drugs**,5,3422.17559501338
2025,FEB,Office of Field Operations,Coastal/Interior,Other,BALTIMORE FIELD OFFICE,Cocaine,4,4.044269965259
2025,FEB,Office of Field Operations,Coastal/Interior,Other,BALTIMORE FIELD OFFICE,Ecstasy,2,0.307324393228
2025,FEB,Office of Field Operations,Coastal/Interior,Other,BALTIMORE FIELD OFFICE,Marijuana,25,125.3836345446172
2025,FEB,Office of Field Operations,Coastal/Interior,Other,BALTIMORE FIELD OFFICE,Methamphetamine,1,8.9066753848
2025,FEB,Office of Field Operations,Coastal/Interior,Other,BALTIMORE FIELD OFFICE,Other Drugs**,33,349.93313460474
2025,FEB,Office of Field Operations,Coastal/Interior,Other,CHICAGO FIELD OFFICE,Cocaine,13,98.5100564247342
2025,FEB,Office of Field Operations,Coastal/Interior,Other,CHICAGO FIELD OFFICE,Ecstasy,16,3.3162153912301995
2025,FEB,Office of Field Operations,Coastal/Interior,Other,CHICAGO FIELD OFFICE,Fentanyl,6,7.602861567332
2025,FEB,Office of Field Operations,Coastal/Interior,Other,CHICAGO FIELD OFFICE,Heroin,6,0.0409839345058
2025,FEB,Office of Field Operations,Coastal/Interior,Other,CHICAGO FIELD OFFICE,Ketamine,23,324.418816561218
2025,FEB,Office of Field Operations,Coastal/Interior,Other,CHICAGO FIELD OFFICE,Khat (Catha Edulis),7,338.4536646224
2025,FEB,Office of Field Operations,Coastal/Interior,Other,CHICAGO FIELD OFFICE,Lsd,1,0.00110231131
2025,FEB,Office of Field Operations,Coastal/Interior,Other,CHICAGO FIELD OFFICE,Marijuana,590,3681.119544845479
2025,FEB,Office of Field Operations,Coastal/Interior,Other,CHICAGO FIELD OFFICE,Methamphetamine,30,304.4721847596012
2025,FEB,Office of Field Operations,Coastal/Interior,Other,CHICAGO FIELD OFFICE,Other Drugs**,279,277.2228287141392
2025,FEB,Office of Field Operations,Coastal/Interior,Other,HOUSTON FIELD OFFICE,Ecstasy,3,0.002314853751
2025,FEB,Office of Field Operations,Coastal/Interior,Other,HOUSTON FIELD OFFICE,Marijuana,32,11.887435398171
2025,FEB,Office of Field Operations,Coastal/Interior,Other,HOUSTON FIELD OFFICE,Other Drugs**,32,42.0547638047864
2025,FEB,Office of Field Operations,Coastal/Interior,Other,LOS ANGELES FIELD OFFICE,Cocaine,8,107.120628945442
2025,FEB,Office of Field Operations,Coastal/Interior,Other,LOS ANGELES FIELD OFFICE,Ecstasy,12,25.0271405369544
2025,FEB,Office of Field Operations,Coastal/Interior,Other,LOS ANGELES FIELD OFFICE,Fentanyl,2,1.211219667428
2025,FEB,Office of Field Operations,Coastal/Interior,Other,LOS ANGELES FIELD OFFICE,Heroin,4,0.031526103466
2025,FEB,Office of Field Operations,Coastal/Interior,Other,LOS ANGELES FIELD OFFICE,Ketamine,2,0.035053499658
2025,FEB,Office of Field Operations,Coastal/Interior,Other,LOS ANGELES FIELD OFFICE,Khat (Catha Edulis),1,35.4723779558
2025,FEB,Office of Field Operations,Coastal/Interior,Other,LOS ANGELES FIELD OFFICE,Lsd,5,0.0679685153746
2025,FEB,Office of Field Operations,Coastal/Interior,Other,LOS ANGELES FIELD OFFICE,Marijuana,75,1631.198049869154
2025,FEB,Office of Field Operations,Coastal/Interior,Other,LOS ANGELES FIELD OFFICE,Methamphetamine,10,90.36527657118
2025,FEB,Office of Field Operations,Coastal/Interior,Other,LOS ANGELES FIELD OFFICE,Other Drugs**,133,366.3848443055494
2025,FEB,Office of Field Operations,Coastal/Interior,Other,MIAMI FIELD OFFICE,Cocaine,28,198.403248988804
2025,FEB,Office of Field Operations,Coastal/Interior,Other,MIAMI FIELD OFFICE,Ecstasy,23,0.7631742123654001
2025,FEB,Office of Field Operations,Coastal/Interior,Other,MIAMI FIELD OFFICE,Fentanyl,1,0.0661386786
2025,FEB,Office of Field Operations,Coastal/Interior,Other,MIAMI FIELD OFFICE,Ketamine,22,1.0626721952924
2025,FEB,Office of Field Operations,Coastal/Interior,Other,MIAMI FIELD OFFICE,Lsd,5,0.0740312275796
2025,FEB,Office of Field Operations,Coastal/Interior,Other,MIAMI FIELD OFFICE,Marijuana,308,1336.013653606672
2025,FEB,Office of Field Operations,Coastal/Interior,Other,MIAMI FIELD OFFICE,Methamphetamine,6,0.177251658648
2025,FEB,Office of Field Operations,Coastal/Interior,Other,MIAMI FIELD OFFICE,Other Drugs**,465,750.4174722219368
2025,FEB,Office of Field Operations,Coastal/Interior,Other,NEW ORLEANS FIELD OFFICE,Cocaine,5,66.412492729404
2025,FEB,Office of Field Operations,Coastal/Interior,Other,NEW ORLEANS FIELD OFFICE,Ecstasy,3,9.9097786769
2025,FEB,Office of Field Operations,Coastal/Interior,Other,NEW ORLEANS FIELD OFFICE,Fentanyl,1,2.6014546916
2025,FEB,Office of Field Operations,Coastal/Interior,Other,NEW ORLEANS FIELD OFFICE,Ketamine,2,11.16420894768
2025,FEB,Office of Field Operations,Coastal/Interior,Other,NEW ORLEANS FIELD OFFICE,Marijuana,100,743.362591653032
2025,FEB,Office of Field Operations,Coastal/Interior,Other,NEW ORLEANS FIELD OFFICE,Methamphetamine,8,164.388567509348
2025,FEB,Office of Field Operations,Coastal/Interior,Other,NEW ORLEANS FIELD OFFICE,Other Drugs**,39,1016.1781151950768
2025,FEB,Office of Field Operations,Coastal/Interior,Other,NEW YORK FIELD OFFICE,Cocaine,12,119.9301036619756
2025,FEB,Office of Field Operations,Coastal/Interior,Other,NEW YORK FIELD OFFICE,Ecstasy,40,3.89667048085
2025,FEB,Office of Field Operations,Coastal/Interior,Other,NEW YORK FIELD OFFICE,Fentanyl,3,0.1915817056779999
2025,FEB,Office of Field Operations,Coastal/Interior,Other,NEW YORK FIELD OFFICE,Heroin,5,0.323859062878
2025,FEB,Office of Field Operations,Coastal/Interior,Other,NEW YORK FIELD OFFICE,Ketamine,20,54.2041304164396
2025,FEB,Office of Field Operations,Coastal/Interior,Other,NEW YORK FIELD OFFICE,Khat (Catha Edulis),11,7381.577201557002
2025,FEB,Office of Field Operations,Coastal/Interior,Other,NEW YORK FIELD OFFICE,Lsd,2,0.020502990366
2025,FEB,Office of Field Operations,Coastal/Interior,Other,NEW YORK FIELD OFFICE,Marijuana,92,2190.1094570151827
2025,FEB,Office of Field Operations,Coastal/Interior,Other,NEW YORK FIELD OFFICE,Methamphetamine,4,11.433834294106
2025,FEB,Office of Field Operations,Coastal/Interior,Other,NEW YORK FIELD OFFICE,Other Drugs**,401,500.3183581101458
2025,FEB,Office of Field Operations,Coastal/Interior,Other,PRECLEARANCE FIELD OFFICE,Cocaine,2,0.0016314207388
2025,FEB,Office of Field Operations,Coastal/Interior,Other,PRECLEARANCE FIELD OFFICE,Marijuana,18,2.0696335769774
2025,FEB,Office of Field Operations,Coastal/Interior,Other,PRECLEARANCE FIELD OFFICE,Methamphetamine,1,0.001763698096
2025,FEB,Office of Field Operations,Coastal/Interior,Other,PRECLEARANCE FIELD OFFICE,Other Drugs**,10,1.042235343605
2025,FEB,Office of Field Operations,Coastal/Interior,Other,SAN FRANCISCO FIELD OFFICE,Lsd,1,0.395950222552
2025,FEB,Office of Field Operations,Coastal/Interior,Other,SAN FRANCISCO FIELD OFFICE,Marijuana,40,551.2247478729108
2025,FEB,Office of Field Operations,Coastal/Interior,Other,SAN FRANCISCO FIELD OFFICE,Methamphetamine,29,189.817346195214
2025,FEB,Office of Field Operations,Coastal/Interior,Other,SAN FRANCISCO FIELD OFFICE,Other Drugs**,21,230.035394802826
2025,FEB,Office of Field Operations,Coastal/Interior,Other,SAN JUAN FIELD OFFICE,Cocaine,7,10.9297032395906
2025,FEB,Office of Field Operations,Coastal/Interior,Other,SAN JUAN FIELD OFFICE,Ketamine,2,0.004188782978
2025,FEB,Office of Field Operations,Coastal/Interior,Other,SAN JUAN FIELD OFFICE,Marijuana,125,312.7990443953412
2025,FEB,Office of Field Operations,Coastal/Interior,Other,SAN JUAN FIELD OFFICE,Methamphetamine,1,0.003086471668
2025,FEB,Office of Field Operations,Coastal/Interior,Other,SAN JUAN FIELD OFFICE,Other Drugs**,2,0.389336354692
2025,FEB,Office of Field Operations,Coastal/Interior,Other,TAMPA FIELD OFFICE,Cocaine,1,12.6545338388
2025,FEB,Office of Field Operations,Coastal/Interior,Other,TAMPA FIELD OFFICE,Marijuana,10,105.2868899888046
2025,FEB,Office of Field Operations,Coastal/Interior,Other,TAMPA FIELD OFFICE,Other Drugs**,12,14.444026019454
2025,FEB,Office of Field Operations,Northern Border,Land Only,BOSTON FIELD OFFICE,Cocaine,1,0.000881849048
2025,FEB,Office of Field Operations,Northern Border,Land Only,BOSTON FIELD OFFICE,Marijuana,20,2.3155371840122
2025,FEB,Office of Field Operations,Northern Border,Land Only,BOSTON FIELD OFFICE,Other Drugs**,4,0.093916923612
2025,FEB,Office of Field Operations,Northern Border,Land Only,BUFFALO FIELD OFFICE,Cocaine,1,0.003527396192
2025,FEB,Office of Field Operations,Northern Border,Land Only,BUFFALO FIELD OFFICE,Heroin,1,0.001322773572
2025,FEB,Office of Field Operations,Northern Border,Land Only,BUFFALO FIELD OFFICE,Marijuana,41,13.259923210252
2025,FEB,Office of Field Operations,Northern Border,Land Only,BUFFALO FIELD OFFICE,Methamphetamine,2,0.150575724946
2025,FEB,Office of Field Operations,Northern Border,Land Only,BUFFALO FIELD OFFICE,Other Drugs**,9,0.5271914071206001
2025,FEB,Office of Field Operations,Northern Border,Land Only,DETROIT FIELD OFFICE,Cocaine,3,243.51514093451817
2025,FEB,Office of Field Operations,Northern Border,Land Only,DETROIT FIELD OFFICE,Marijuana,107,7.130124338925399
2025,FEB,Office of Field Operations,Northern Border,Land Only,DETROIT FIELD OFFICE,Methamphetamine,3,0.008928721611
2025,FEB,Office of Field Operations,Northern Border,Land Only,DETROIT FIELD OFFICE,Other Drugs**,66,4.253598883028
2025,FEB,Office of Field Operations,Northern Border,Land Only,SEATTLE FIELD OFFICE,Lsd,1,0.000771617917
2025,FEB,Office of Field Operations,Northern Border,Land Only,SEATTLE FIELD OFFICE,Marijuana,90,11.941117958968
2025,FEB,Office of Field Operations,Northern Border,Land Only,SEATTLE FIELD OFFICE,Methamphetamine,1,0.556226287026
2025,FEB,Office of Field Operations,Northern Border,Land Only,SEATTLE FIELD OFFICE,Other Drugs**,9,2.890039792558
2025,FEB,Office of Field Operations,Northern Border,Other,BOSTON FIELD OFFICE,Cocaine,1,0.001322773572
2025,FEB,Office of Field Operations,Northern Border,Other,BOSTON FIELD OFFICE,Marijuana,2,0.463632136986
2025,FEB,Office of Field Operations,Northern Border,Other,BOSTON FIELD OFFICE,Other Drugs**,16,28.692722474776
2025,FEB,Office of Field Operations,Northern Border,Other,BUFFALO FIELD OFFICE,Ecstasy,1,0.029101018584
2025,FEB,Office of Field Operations,Northern Border,Other,BUFFALO FIELD OFFICE,Ketamine,1,4.4974301448
2025,FEB,Office of Field Operations,Northern Border,Other,BUFFALO FIELD OFFICE,Marijuana,6,2.497176041674
2025,FEB,Office of Field Operations,Northern Border,Other,BUFFALO FIELD OFFICE,Methamphetamine,1,0.20502990366
2025,FEB,Office of Field Operations,Northern Border,Other,BUFFALO FIELD OFFICE,Other Drugs**,5,10.624517330304
2025,FEB,Office of Field Operations,Northern Border,Other,DETROIT FIELD OFFICE,Ecstasy,1,2.2266688462
2025,FEB,Office of Field Operations,Northern Border,Other,DETROIT FIELD OFFICE,Marijuana,13,13.0294078691048
2025,FEB,Office of Field Operations,Northern Border,Other,DETROIT FIELD OFFICE,Methamphetamine,1,0.010582188576
2025,FEB,Office of Field Operations,Northern Border,Other,DETROIT FIELD OFFICE,Other Drugs**,2,0.5337832287544
2025,FEB,Office of Field Operations,Northern Border,Other,PORTLAND FIELD OFFICE,Ketamine,1,4.4533376924
2025,FEB,Office of Field Operations,Northern Border,Other,PORTLAND FIELD OFFICE,Marijuana,3,7.942219127228601
2025,FEB,Office of Field Operations,Northern Border,Other,PORTLAND FIELD OFFICE,Methamphetamine,2,28.3073544408
2025,FEB,Office of Field Operations,Northern Border,Other,PORTLAND FIELD OFFICE,Other Drugs**,5,77.471100253586
2025,FEB,Office of Field Operations,Northern Border,Other,SEATTLE FIELD OFFICE,Cocaine,2,0.0132497819462
2025,FEB,Office of Field Operations,Northern Border,Other,SEATTLE FIELD OFFICE,Fentanyl,1,1.1133344231
2025,FEB,Office of Field Operations,Northern Border,Other,SEATTLE FIELD OFFICE,Marijuana,13,2.2323126801072
2025,FEB,Office of Field Operations,Northern Border,Other,SEATTLE FIELD OFFICE,Methamphetamine,3,18.9783395006866
2025,FEB,Office of Field Operations,Northern Border,Other,SEATTLE FIELD OFFICE,Other Drugs**,5,1.39883305239
2025,FEB,Office of Field Operations,Southwest Border,Land Only,EL PASO FIELD OFFICE,Cocaine,7,21.051720936118
2025,FEB,Office of Field Operations,Southwest Border,Land Only,EL PASO FIELD OFFICE,Fentanyl,8,1.4567484886174
2025,FEB,Office of Field Operations,Southwest Border,Land Only,EL PASO FIELD OFFICE,Marijuana,41,79.4637704548992
2025,FEB,Office of Field Operations,Southwest Border,Land Only,EL PASO FIELD OFFICE,Methamphetamine,8,122.3984652860062
2025,FEB,Office of Field Operations,Southwest Border,Land Only,EL PASO FIELD OFFICE,Other Drugs**,20,34.5792191937594
2025,FEB,Office of Field Operations,Southwest Border,Land Only,LAREDO FIELD OFFICE,Cocaine,18,885.2922055616898
2025,FEB,Office of Field Operations,Southwest Border,Land Only,LAREDO FIELD OFFICE,Fentanyl,2,9.260142529464598
2025,FEB,Office of Field Operations,Southwest Border,Land Only,LAREDO FIELD OFFICE,Heroin,1,7.5398093604
2025,FEB,Office of Field Operations,Southwest Border,Land Only,LAREDO FIELD OFFICE,Marijuana,19,1.0613273754942
2025,FEB,Office of Field Operations,Southwest Border,Land Only,LAREDO FIELD OFFICE,Methamphetamine,4,2693.499449683096
2025,FEB,Office of Field Operations,Southwest Border,Land Only,LAREDO FIELD OFFICE,Other Drugs**,26,32.7020271252818
2025,FEB,Office of Field Operations,Southwest Border,Land Only,SAN DIEGO FIELD OFFICE,Cocaine,19,966.275732619686
2025,FEB,Office of Field Operations,Southwest Border,Land Only,SAN DIEGO FIELD OFFICE,Ecstasy,2,0.003086471668
2025,FEB,Office of Field Operations,Southwest Border,Land Only,SAN DIEGO FIELD OFFICE,Fentanyl,13,223.889127400528
2025,FEB,Office of Field Operations,Southwest Border,Land Only,SAN DIEGO FIELD OFFICE,Heroin,4,31.08738356462
2025,FEB,Office of Field Operations,Southwest Border,Land Only,SAN DIEGO FIELD OFFICE,Marijuana,30,1.2332879398542
2025,FEB,Office of Field Operations,Southwest Border,Land Only,SAN DIEGO FIELD OFFICE,Methamphetamine,37,3711.4076424792174
2025,FEB,Office of Field Operations,Southwest Border,Land Only,SAN DIEGO FIELD OFFICE,Other Drugs**,44,35.3881834179422
2025,FEB,Office of Field Operations,Southwest Border,Land Only,TUCSON FIELD OFFICE,Cocaine,8,25.5094017350794
2025,FEB,Office of Field Operations,Southwest Border,Land Only,TUCSON FIELD OFFICE,Fentanyl,8,330.246515994926
2025,FEB,Office of Field Operations,Southwest Border,Land Only,TUCSON FIELD OFFICE,Heroin,1,13.2718281724
2025,FEB,Office of Field Operations,Southwest Border,Land Only,TUCSON FIELD OFFICE,Marijuana,13,1.5335134482458
2025,FEB,Office of Field Operations,Southwest Border,Land Only,TUCSON FIELD OFFICE,Methamphetamine,14,746.0520548796223
2025,FEB,Office of Field Operations,Southwest Border,Other,EL PASO FIELD OFFICE,Cocaine,1,0.001543235834
2025,FEB,Office of Field Operations,Southwest Border,Other,EL PASO FIELD OFFICE,Marijuana,2,0.004629707502
2025,FEB,Office of Field Operations,Southwest Border,Other,LAREDO FIELD OFFICE,Marijuana,1,0.022487150724
2025,FEB,Office of Field Operations,Southwest Border,Other,LAREDO FIELD OFFICE,Other Drugs**,1,1.9911931041578
2025,FEB,Office of Field Operations,Southwest Border,Other,SAN DIEGO FIELD OFFICE,Ecstasy,1,0.069666074792
2025,FEB,Office of Field Operations,Southwest Border,Other,SAN DIEGO FIELD OFFICE,Ketamine,1,0.01543235834
2025,FEB,Office of Field Operations,Southwest Border,Other,SAN DIEGO FIELD OFFICE,Methamphetamine,1,0.020723452628
2025,FEB,Office of Field Operations,Southwest Border,Other,TUCSON FIELD OFFICE,Marijuana,4,0.839079369172
2025,FEB,U.S. Border Patrol,Coastal/Interior,Other,MIAMI SECTOR,Cocaine,3,87.1901
2025,FEB,U.S. Border Patrol,Coastal/Interior,Other,MIAMI SECTOR,Marijuana,1,0.0847
2025,FEB,U.S. Border Patrol,Coastal/Interior,Other,RAMEY SECTOR,Marijuana,1,0.0397
2025,FEB,U.S. Border Patrol,Northern Border,Land Only,BUFFALO SECTOR,Marijuana,1,0.7518
2025,FEB,U.S. Border Patrol,Northern Border,Land Only,BUFFALO SECTOR,Other Drugs**,1,0.0066
2025,FEB,U.S. Border Patrol,Northern Border,Land Only,DETROIT SECTOR,Cocaine,1,2.3192
2025,FEB,U.S. Border Patrol,Northern Border,Land Only,DETROIT SECTOR,Marijuana,8,12.0838
2025,FEB,U.S. Border Patrol,Northern Border,Land Only,DETROIT SECTOR,Other Drugs**,2,0.3081
2025,FEB,U.S. Border Patrol,Northern Border,Land Only,GRAND FORKS SECTOR,Cocaine,1,0.0653
2025,FEB,U.S. Border Patrol,Northern Border,Land Only,GRAND FORKS SECTOR,Methamphetamine,1,1.5631
2025,FEB,U.S. Border Patrol,Northern Border,Land Only,HAVRE SECTOR,Methamphetamine,1,0.0243
2025,FEB,U.S. Border Patrol,Northern Border,Land Only,HOULTON SECTOR,Marijuana,3,0.1413
2025,FEB,U.S. Border Patrol,Northern Border,Land Only,SPOKANE SECTOR,Fentanyl,4,0.0264
2025,FEB,U.S. Border Patrol,Northern Border,Land Only,SPOKANE SECTOR,Marijuana,1,0.0204
2025,FEB,U.S. Border Patrol,Northern Border,Land Only,SPOKANE SECTOR,Methamphetamine,6,1.6462
2025,FEB,U.S. Border Patrol,Northern Border,Land Only,SPOKANE SECTOR,Other Drugs**,1,0.011
2025,FEB,U.S. Border Patrol,Northern Border,Land Only,SWANTON SECTOR,Marijuana,1,0.7031000000000001
2025,FEB,U.S. Border Patrol,Northern Border,Land Only,SWANTON SECTOR,Other Drugs**,1,0.0869
2025,FEB,U.S. Border Patrol,Southwest Border,Land Only,BIG BEND SECTOR,Ecstasy,1,0.0044
2025,FEB,U.S. Border Patrol,Southwest Border,Land Only,BIG BEND SECTOR,Fentanyl,1,0.1208
2025,FEB,U.S. Border Patrol,Southwest Border,Land Only,BIG BEND SECTOR,Marijuana,93,2048.6763
2025,FEB,U.S. Border Patrol,Southwest Border,Land Only,BIG BEND SECTOR,Methamphetamine,3,0.1533999999999999
2025,FEB,U.S. Border Patrol,Southwest Border,Land Only,BIG BEND SECTOR,Other Drugs**,5,0.292
2025,FEB,U.S. Border Patrol,Southwest Border,Land Only,DEL RIO SECTOR,Marijuana,9,0.1409
2025,FEB,U.S. Border Patrol,Southwest Border,Land Only,DEL RIO SECTOR,Methamphetamine,4,0.0481
2025,FEB,U.S. Border Patrol,Southwest Border,Land Only,DEL RIO SECTOR,Other Drugs**,3,0.0699
2025,FEB,U.S. Border Patrol,Southwest Border,Land Only,EL CENTRO SECTOR,Cocaine,1,17.5077
2025,FEB,U.S. Border Patrol,Southwest Border,Land Only,EL CENTRO SECTOR,Fentanyl,6,5.058999999999999
2025,FEB,U.S. Border Patrol,Southwest Border,Land Only,EL CENTRO SECTOR,Heroin,2,0.0004
2025,FEB,U.S. Border Patrol,Southwest Border,Land Only,EL CENTRO SECTOR,Marijuana,7,2.63
2025,FEB,U.S. Border Patrol,Southwest Border,Land Only,EL CENTRO SECTOR,Methamphetamine,6,102.9072
2025,FEB,U.S. Border Patrol,Southwest Border,Land Only,EL CENTRO SECTOR,Other Drugs**,3,0.783
2025,FEB,U.S. Border Patrol,Southwest Border,Land Only,EL PASO SECTOR,Cocaine,7,50.7525
2025,FEB,U.S. Border Patrol,Southwest Border,Land Only,EL PASO SECTOR,Fentanyl,2,0.0286
2025,FEB,U.S. Border Patrol,Southwest Border,Land Only,EL PASO SECTOR,Marijuana,9,10.661
2025,FEB,U.S. Border Patrol,Southwest Border,Land Only,EL PASO SECTOR,Methamphetamine,1,0.0011
2025,FEB,U.S. Border Patrol,Southwest Border,Land Only,EL PASO SECTOR,Other Drugs**,2,0.252
2025,FEB,U.S. Border Patrol,Southwest Border,Land Only,LAREDO SECTOR,Cocaine,2,0.2006
2025,FEB,U.S. Border Patrol,Southwest Border,Land Only,LAREDO SECTOR,Fentanyl,1,0.0231
2025,FEB,U.S. Border Patrol,Southwest Border,Land Only,LAREDO SECTOR,Marijuana,16,3.2317
2025,FEB,U.S. Border Patrol,Southwest Border,Land Only,LAREDO SECTOR,Methamphetamine,1,0.123
2025,FEB,U.S. Border Patrol,Southwest Border,Land Only,LAREDO SECTOR,Other Drugs**,3,0.2843
2025,FEB,U.S. Border Patrol,Southwest Border,Land Only,RIO GRANDE VALLEY SECTOR,Cocaine,4,589.0403
2025,FEB,U.S. Border Patrol,Southwest Border,Land Only,RIO GRANDE VALLEY SECTOR,Marijuana,31,764.6849
2025,FEB,U.S. Border Patrol,Southwest Border,Land Only,RIO GRANDE VALLEY SECTOR,Other Drugs**,3,1.8011
2025,FEB,U.S. Border Patrol,Southwest Border,Land Only,SAN DIEGO SECTOR,Cocaine,9,508.5238
2025,FEB,U.S. Border Patrol,Southwest Border,Land Only,SAN DIEGO SECTOR,Fentanyl,4,20.1394
2025,FEB,U.S. Border Patrol,Southwest Border,Land Only,SAN DIEGO SECTOR,Marijuana,6,114.3435
2025,FEB,U.S. Border Patrol,Southwest Border,Land Only,SAN DIEGO SECTOR,Methamphetamine,5,1.0399
2025,FEB,U.S. Border Patrol,Southwest Border,Land Only,SAN DIEGO SECTOR,Other Drugs**,3,3.1975
2025,FEB,U.S. Border Patrol,Southwest Border,Land Only,TUCSON SECTOR,Cocaine,1,0.0011
2025,FEB,U.S. Border Patrol,Southwest Border,Land Only,TUCSON SECTOR,Fentanyl,3,3.5948
2025,FEB,U.S. Border Patrol,Southwest Border,Land Only,TUCSON SECTOR,Heroin,1,44.8854
2025,FEB,U.S. Border Patrol,Southwest Border,Land Only,TUCSON SECTOR,Marijuana,17,30.9833
2025,FEB,U.S. Border Patrol,Southwest Border,Land Only,TUCSON SECTOR,Methamphetamine,9,108.3929
2025,FEB,U.S. Border Patrol,Southwest Border,Land Only,TUCSON SECTOR,Other Drugs**,3,36.113600000000005
2025,FEB,U.S. Border Patrol,Southwest Border,Land Only,YUMA SECTOR,Cocaine,1,0.001
2025,FEB,U.S. Border Patrol,Southwest Border,Land Only,YUMA SECTOR,Fentanyl,1,4.5988
2025,FEB,U.S. Border Patrol,Southwest Border,Land Only,YUMA SECTOR,Marijuana,7,1.7484000000000002
2025,FEB,U.S. Border Patrol,Southwest Border,Land Only,YUMA SECTOR,Methamphetamine,4,239.9902
2025,JAN,Office of Field Operations,Coastal/Interior,Other,ATLANTA FIELD OFFICE,Cocaine,1,4.8281235378
2025,JAN,Office of Field Operations,Coastal/Interior,Other,ATLANTA FIELD OFFICE,Khat (Catha Edulis),1,1.700645889068
2025,JAN,Office of Field Operations,Coastal/Interior,Other,ATLANTA FIELD OFFICE,Marijuana,7,153.783009933576
2025,JAN,Office of Field Operations,Coastal/Interior,Other,ATLANTA FIELD OFFICE,Other Drugs**,10,17.885221467012
2025,JAN,Office of Field Operations,Coastal/Interior,Other,BALTIMORE FIELD OFFICE,Cocaine,4,0.6174707034096
2025,JAN,Office of Field Operations,Coastal/Interior,Other,BALTIMORE FIELD OFFICE,Fentanyl,1,0.00661386786
2025,JAN,Office of Field Operations,Coastal/Interior,Other,BALTIMORE FIELD OFFICE,Marijuana,19,64.2411378647398
2025,JAN,Office of Field Operations,Coastal/Interior,Other,BALTIMORE FIELD OFFICE,Other Drugs**,12,74.82500195393101
2025,JAN,Office of Field Operations,Coastal/Interior,Other,CHICAGO FIELD OFFICE,Cocaine,29,220.89447826465096
2025,JAN,Office of Field Operations,Coastal/Interior,Other,CHICAGO FIELD OFFICE,Ecstasy,13,7.1041097920094
2025,JAN,Office of Field Operations,Coastal/Interior,Other,CHICAGO FIELD OFFICE,Fentanyl,13,37.15670963748
2025,JAN,Office of Field Operations,Coastal/Interior,Other,CHICAGO FIELD OFFICE,Heroin,3,1.391998722268
2025,JAN,Office of Field Operations,Coastal/Interior,Other,CHICAGO FIELD OFFICE,Ketamine,29,43.3387801111268
2025,JAN,Office of Field Operations,Coastal/Interior,Other,CHICAGO FIELD OFFICE,Khat (Catha Edulis),14,392.1141791932
2025,JAN,Office of Field Operations,Coastal/Interior,Other,CHICAGO FIELD OFFICE,Lsd,2,0.002645547144
2025,JAN,Office of Field Operations,Coastal/Interior,Other,CHICAGO FIELD OFFICE,Marijuana,407,2224.7675355600595
2025,JAN,Office of Field Operations,Coastal/Interior,Other,CHICAGO FIELD OFFICE,Methamphetamine,27,313.901223427984
2025,JAN,Office of Field Operations,Coastal/Interior,Other,CHICAGO FIELD OFFICE,Other Drugs**,526,681.4568766683368
2025,JAN,Office of Field Operations,Coastal/Interior,Other,HOUSTON FIELD OFFICE,Cocaine,2,0.0390218203739999
2025,JAN,Office of Field Operations,Coastal/Interior,Other,HOUSTON FIELD OFFICE,Ecstasy,2,0.002645547144
2025,JAN,Office of Field Operations,Coastal/Interior,Other,HOUSTON FIELD OFFICE,Ketamine,3,0.004850169764
2025,JAN,Office of Field Operations,Coastal/Interior,Other,HOUSTON FIELD OFFICE,Marijuana,26,17.9597597577942
2025,JAN,Office of Field Operations,Coastal/Interior,Other,HOUSTON FIELD OFFICE,Methamphetamine,1,25.904315785
2025,JAN,Office of Field Operations,Coastal/Interior,Other,HOUSTON FIELD OFFICE,Other Drugs**,29,20.6345622439616
2025,JAN,Office of Field Operations,Coastal/Interior,Other,LOS ANGELES FIELD OFFICE,Ecstasy,11,1.5720282054172
2025,JAN,Office of Field Operations,Coastal/Interior,Other,LOS ANGELES FIELD OFFICE,Fentanyl,1,0.045856150496
2025,JAN,Office of Field Operations,Coastal/Interior,Other,LOS ANGELES FIELD OFFICE,Heroin,1,0.014991433816
2025,JAN,Office of Field Operations,Coastal/Interior,Other,LOS ANGELES FIELD OFFICE,Ketamine,5,20.761592599326
2025,JAN,Office of Field Operations,Coastal/Interior,Other,LOS ANGELES FIELD OFFICE,Marijuana,48,1530.402064342194
2025,JAN,Office of Field Operations,Coastal/Interior,Other,LOS ANGELES FIELD OFFICE,Methamphetamine,6,72.23937645274259
2025,JAN,Office of Field Operations,Coastal/Interior,Other,LOS ANGELES FIELD OFFICE,Other Drugs**,187,687.7137720337064
2025,JAN,Office of Field Operations,Coastal/Interior,Other,MIAMI FIELD OFFICE,Cocaine,19,66.13131516044919
2025,JAN,Office of Field Operations,Coastal/Interior,Other,MIAMI FIELD OFFICE,Ecstasy,19,0.41667367518
2025,JAN,Office of Field Operations,Coastal/Interior,Other,MIAMI FIELD OFFICE,Fentanyl,3,0.23368999772
2025,JAN,Office of Field Operations,Coastal/Interior,Other,MIAMI FIELD OFFICE,Heroin,1,0.064374980504
2025,JAN,Office of Field Operations,Coastal/Interior,Other,MIAMI FIELD OFFICE,Ketamine,7,3.0943201245272
2025,JAN,Office of Field Operations,Coastal/Interior,Other,MIAMI FIELD OFFICE,Lsd,5,0.570666565187
2025,JAN,Office of Field Operations,Coastal/Interior,Other,MIAMI FIELD OFFICE,Marijuana,134,549.7506049118216
2025,JAN,Office of Field Operations,Coastal/Interior,Other,MIAMI FIELD OFFICE,Methamphetamine,1,0.0012566348934
2025,JAN,Office of Field Operations,Coastal/Interior,Other,MIAMI FIELD OFFICE,Other Drugs**,382,442.5576863906698
2025,JAN,Office of Field Operations,Coastal/Interior,Other,NEW ORLEANS FIELD OFFICE,Cocaine,7,20.280764405904
2025,JAN,Office of Field Operations,Coastal/Interior,Other,NEW ORLEANS FIELD OFFICE,Ecstasy,4,0.255074837134
2025,JAN,Office of Field Operations,Coastal/Interior,Other,NEW ORLEANS FIELD OFFICE,Fentanyl,1,0.043651527876
2025,JAN,Office of Field Operations,Coastal/Interior,Other,NEW ORLEANS FIELD OFFICE,Ketamine,3,0.090609989682
2025,JAN,Office of Field Operations,Coastal/Interior,Other,NEW ORLEANS FIELD OFFICE,Lsd,1,0.018518830008
2025,JAN,Office of Field Operations,Coastal/Interior,Other,NEW ORLEANS FIELD OFFICE,Marijuana,99,902.4439270368016
2025,JAN,Office of Field Operations,Coastal/Interior,Other,NEW ORLEANS FIELD OFFICE,Methamphetamine,11,166.573348525768
2025,JAN,Office of Field Operations,Coastal/Interior,Other,NEW ORLEANS FIELD OFFICE,Other Drugs**,47,632.309356878034
2025,JAN,Office of Field Operations,Coastal/Interior,Other,NEW YORK FIELD OFFICE,Ecstasy,30,4.930197565106
2025,JAN,Office of Field Operations,Coastal/Interior,Other,NEW YORK FIELD OFFICE,Fentanyl,1,0.158512366378
2025,JAN,Office of Field Operations,Coastal/Interior,Other,NEW YORK FIELD OFFICE,Heroin,3,0.020282528104
2025,JAN,Office of Field Operations,Coastal/Interior,Other,NEW YORK FIELD OFFICE,Ketamine,12,44.389635529176
2025,JAN,Office of Field Operations,Coastal/Interior,Other,NEW YORK FIELD OFFICE,Khat (Catha Edulis),10,6662.3695576400005
2025,JAN,Office of Field Operations,Coastal/Interior,Other,NEW YORK FIELD OFFICE,Lsd,1,0.001322773572
2025,JAN,Office of Field Operations,Coastal/Interior,Other,NEW YORK FIELD OFFICE,Marijuana,81,2116.065354439482
2025,JAN,Office of Field Operations,Coastal/Interior,Other,NEW YORK FIELD OFFICE,Methamphetamine,2,3.111604365868
2025,JAN,Office of Field Operations,Coastal/Interior,Other,NEW YORK FIELD OFFICE,Other Drugs**,338,1523.9768680860136
2025,JAN,Office of Field Operations,Coastal/Interior,Other,PRECLEARANCE FIELD OFFICE,Cocaine,3,27.0902263847504
2025,JAN,Office of Field Operations,Coastal/Interior,Other,PRECLEARANCE FIELD OFFICE,Marijuana,23,81.3228625716666
2025,JAN,Office of Field Operations,Coastal/Interior,Other,PRECLEARANCE FIELD OFFICE,Other Drugs**,11,0.9816302677812
2025,JAN,Office of Field Operations,Coastal/Interior,Other,SAN FRANCISCO FIELD OFFICE,Cocaine,3,63.346964976294
2025,JAN,Office of Field Operations,Coastal/Interior,Other,SAN FRANCISCO FIELD OFFICE,Ecstasy,1,0.1483490560998
2025,JAN,Office of Field Operations,Coastal/Interior,Other,SAN FRANCISCO FIELD OFFICE,Ketamine,2,0.097444319804
2025,JAN,Office of Field Operations,Coastal/Interior,Other,SAN FRANCISCO FIELD OFFICE,Marijuana,22,94.464331408546
2025,JAN,Office of Field Operations,Coastal/Interior,Other,SAN FRANCISCO FIELD OFFICE,Methamphetamine,30,91.860231169802
2025,JAN,Office of Field Operations,Coastal/Interior,Other,SAN FRANCISCO FIELD OFFICE,Other Drugs**,17,543.7745784682401
2025,JAN,Office of Field Operations,Coastal/Interior,Other,SAN JUAN FIELD OFFICE,Cocaine,5,76.053748371188
2025,JAN,Office of Field Operations,Coastal/Interior,Other,SAN JUAN FIELD OFFICE,Ecstasy,1,0.000661386786
2025,JAN,Office of Field Operations,Coastal/Interior,Other,SAN JUAN FIELD OFFICE,Marijuana,127,374.313284541403
2025,JAN,Office of Field Operations,Coastal/Interior,Other,SAN JUAN FIELD OFFICE,Methamphetamine,1,4.2108292042
2025,JAN,Office of Field Operations,Coastal/Interior,Other,SAN JUAN FIELD OFFICE,Other Drugs**,6,2.879016679458
2025,JAN,Office of Field Operations,Coastal/Interior,Other,TAMPA FIELD OFFICE,Marijuana,12,3.5867887253828
2025,JAN,Office of Field Operations,Coastal/Interior,Other,TAMPA FIELD OFFICE,Other Drugs**,16,8.595382670856
2025,JAN,Office of Field Operations,Northern Border,Land Only,BOSTON FIELD OFFICE,Marijuana,17,4.1212994796018005
2025,JAN,Office of Field Operations,Northern Border,Land Only,BOSTON FIELD OFFICE,Methamphetamine,1,0.000440924524
2025,JAN,Office of Field Operations,Northern Border,Land Only,BOSTON FIELD OFFICE,Other Drugs**,1,0.0037919509064
2025,JAN,Office of Field Operations,Northern Border,Land Only,BUFFALO FIELD OFFICE,Cocaine,3,0.016755131912
2025,JAN,Office of Field Operations,Northern Border,Land Only,BUFFALO FIELD OFFICE,Ecstasy,1,0.001322773572
2025,JAN,Office of Field Operations,Northern Border,Land Only,BUFFALO FIELD OFFICE,Marijuana,43,42.4278961832214
2025,JAN,Office of Field Operations,Northern Border,Land Only,BUFFALO FIELD OFFICE,Methamphetamine,1,0.04188782978
2025,JAN,Office of Field Operations,Northern Border,Land Only,BUFFALO FIELD OFFICE,Other Drugs**,9,1.6373952661002
2025,JAN,Office of Field Operations,Northern Border,Land Only,DETROIT FIELD OFFICE,Cocaine,5,0.2481082296547999
2025,JAN,Office of Field Operations,Northern Border,Land Only,DETROIT FIELD OFFICE,Ecstasy,1,0.0093475999088
2025,JAN,Office of Field Operations,Northern Border,Land Only,DETROIT FIELD OFFICE,Fentanyl,1,0.0111994829096
2025,JAN,Office of Field Operations,Northern Border,Land Only,DETROIT FIELD OFFICE,Marijuana,136,13.660613371437
2025,JAN,Office of Field Operations,Northern Border,Land Only,DETROIT FIELD OFFICE,Methamphetamine,2,0.0379415552902
2025,JAN,Office of Field Operations,Northern Border,Land Only,DETROIT FIELD OFFICE,Other Drugs**,89,7.5144121078176
2025,JAN,Office of Field Operations,Northern Border,Land Only,SEATTLE FIELD OFFICE,Cocaine,3,2.914070179116
2025,JAN,Office of Field Operations,Northern Border,Land Only,SEATTLE FIELD OFFICE,Ecstasy,1,0.004299014109
2025,JAN,Office of Field Operations,Northern Border,Land Only,SEATTLE FIELD OFFICE,Ketamine,1,0.010141264052
2025,JAN,Office of Field Operations,Northern Border,Land Only,SEATTLE FIELD OFFICE,Lsd,2,0.0126104413863999
2025,JAN,Office of Field Operations,Northern Border,Land Only,SEATTLE FIELD OFFICE,Marijuana,91,8.015015766141
2025,JAN,Office of Field Operations,Northern Border,Land Only,SEATTLE FIELD OFFICE,Methamphetamine,1,0.000440924524
2025,JAN,Office of Field Operations,Northern Border,Land Only,SEATTLE FIELD OFFICE,Other Drugs**,7,0.9619209415584
2025,JAN,Office of Field Operations,Northern Border,Other,BOSTON FIELD OFFICE,Cocaine,1,0.00661386786
2025,JAN,Office of Field Operations,Northern Border,Other,BOSTON FIELD OFFICE,Marijuana,4,32.987547800798005
2025,JAN,Office of Field Operations,Northern Border,Other,BOSTON FIELD OFFICE,Other Drugs**,16,6.137007987294
2025,JAN,Office of Field Operations,Northern Border,Other,BUFFALO FIELD OFFICE,Marijuana,4,1.281326666744
2025,JAN,Office of Field Operations,Northern Border,Other,BUFFALO FIELD OFFICE,Other Drugs**,38,8.0976670681648
2025,JAN,Office of Field Operations,Northern Border,Other,DETROIT FIELD OFFICE,Cocaine,1,5.2029093832
2025,JAN,Office of Field Operations,Northern Border,Other,DETROIT FIELD OFFICE,Khat (Catha Edulis),1,0.38139971326
2025,JAN,Office of Field Operations,Northern Border,Other,DETROIT FIELD OFFICE,Lsd,2,0.0733477945674
2025,JAN,Office of Field Operations,Northern Border,Other,DETROIT FIELD OFFICE,Marijuana,10,152.794898075292
2025,JAN,Office of Field Operations,Northern Border,Other,DETROIT FIELD OFFICE,Other Drugs**,9,1.9212845208776
2025,JAN,Office of Field Operations,Northern Border,Other,PORTLAND FIELD OFFICE,Marijuana,5,4.77080334968
2025,JAN,Office of Field Operations,Northern Border,Other,PORTLAND FIELD OFFICE,Other Drugs**,5,0.447317929598
2025,JAN,Office of Field Operations,Northern Border,Other,SEATTLE FIELD OFFICE,Cocaine,1,0.000440924524
2025,JAN,Office of Field Operations,Northern Border,Other,SEATTLE FIELD OFFICE,Ecstasy,1,2.2707612986
2025,JAN,Office of Field Operations,Northern Border,Other,SEATTLE FIELD OFFICE,Ketamine,1,0.0774483926406
2025,JAN,Office of Field Operations,Northern Border,Other,SEATTLE FIELD OFFICE,Marijuana,27,45.2105488079592
2025,JAN,Office of Field Operations,Northern Border,Other,SEATTLE FIELD OFFICE,Other Drugs**,16,3.8700386396004
2025,JAN,Office of Field Operations,Southwest Border,Land Only,EL PASO FIELD OFFICE,Cocaine,9,191.021951994782
2025,JAN,Office of Field Operations,Southwest Border,Land Only,EL PASO FIELD OFFICE,Fentanyl,4,84.22915043293399
2025,JAN,Office of Field Operations,Southwest Border,Land Only,EL PASO FIELD OFFICE,Marijuana,44,0.500669797002
2025,JAN,Office of Field Operations,Southwest Border,Land Only,EL PASO FIELD OFFICE,Methamphetamine,7,68.800319489126
2025,JAN,Office of Field Operations,Southwest Border,Land Only,EL PASO FIELD OFFICE,Other Drugs**,5,0.718927436382
2025,JAN,Office of Field Operations,Southwest Border,Land Only,LAREDO FIELD OFFICE,Cocaine,11,1249.6986656205036
2025,JAN,Office of Field Operations,Southwest Border,Land Only,LAREDO FIELD OFFICE,Fentanyl,2,1.3537705660372
2025,JAN,Office of Field Operations,Southwest Border,Land Only,LAREDO FIELD OFFICE,Heroin,3,10.7058238125296
2025,JAN,Office of Field Operations,Southwest Border,Land Only,LAREDO FIELD OFFICE,Marijuana,12,0.4310257684362
2025,JAN,Office of Field Operations,Southwest Border,Land Only,LAREDO FIELD OFFICE,Methamphetamine,7,4803.018353622298
2025,JAN,Office of Field Operations,Southwest Border,Land Only,LAREDO FIELD OFFICE,Other Drugs**,27,17.4534902193374
2025,JAN,Office of Field Operations,Southwest Border,Land Only,SAN DIEGO FIELD OFFICE,Cocaine,26,1462.640783493874
2025,JAN,Office of Field Operations,Southwest Border,Land Only,SAN DIEGO FIELD OFFICE,Ecstasy,1,0.001543235834
2025,JAN,Office of Field Operations,Southwest Border,Land Only,SAN DIEGO FIELD OFFICE,Fentanyl,18,368.5985279245176
2025,JAN,Office of Field Operations,Southwest Border,Land Only,SAN DIEGO FIELD OFFICE,Heroin,6,97.1797650896
2025,JAN,Office of Field Operations,Southwest Border,Land Only,SAN DIEGO FIELD OFFICE,Marijuana,29,0.6046838922136
2025,JAN,Office of Field Operations,Southwest Border,Land Only,SAN DIEGO FIELD OFFICE,Methamphetamine,33,2631.2195881935604
2025,JAN,Office of Field Operations,Southwest Border,Land Only,SAN DIEGO FIELD OFFICE,Other Drugs**,37,10.0938867118962
2025,JAN,Office of Field Operations,Southwest Border,Land Only,TUCSON FIELD OFFICE,Cocaine,4,96.0788206456244
2025,JAN,Office of Field Operations,Southwest Border,Land Only,TUCSON FIELD OFFICE,Fentanyl,12,428.262053519768
2025,JAN,Office of Field Operations,Southwest Border,Land Only,TUCSON FIELD OFFICE,Heroin,1,0.463852599248
2025,JAN,Office of Field Operations,Southwest Border,Land Only,TUCSON FIELD OFFICE,Marijuana,8,0.2513049324538
2025,JAN,Office of Field Operations,Southwest Border,Land Only,TUCSON FIELD OFFICE,Methamphetamine,11,508.8259968007258
2025,JAN,Office of Field Operations,Southwest Border,Land Only,TUCSON FIELD OFFICE,Other Drugs**,4,154.4056615001426
2025,JAN,Office of Field Operations,Southwest Border,Other,EL PASO FIELD OFFICE,Marijuana,1,0.02314853751
2025,JAN,Office of Field Operations,Southwest Border,Other,LAREDO FIELD OFFICE,Cocaine,1,0.046737999544
2025,JAN,Office of Field Operations,Southwest Border,Other,SAN DIEGO FIELD OFFICE,Methamphetamine,1,0.28439631798
2025,JAN,Office of Field Operations,Southwest Border,Other,TUCSON FIELD OFFICE,Marijuana,5,0.7136804345464
2025,JAN,U.S. Border Patrol,Coastal/Interior,Other,MIAMI SECTOR,Cocaine,1,2.4317
2025,JAN,U.S. Border Patrol,Coastal/Interior,Other,MIAMI SECTOR,Marijuana,1,7.8498
2025,JAN,U.S. Border Patrol,Coastal/Interior,Other,MIAMI SECTOR,Other Drugs**,1,0.0
2025,JAN,U.S. Border Patrol,Coastal/Interior,Other,NEW ORLEANS SECTOR,Other Drugs**,2,0.8333999999999999
2025,JAN,U.S. Border Patrol,Coastal/Interior,Other,RAMEY SECTOR,Cocaine,1,1640.52
2025,JAN,U.S. Border Patrol,Northern Border,Land Only,BLAINE SECTOR,Methamphetamine,1,0.1052
2025,JAN,U.S. Border Patrol,Northern Border,Land Only,BLAINE SECTOR,Other Drugs**,1,0.0
2025,JAN,U.S. Border Patrol,Northern Border,Land Only,DETROIT SECTOR,Marijuana,5,229.4961
2025,JAN,U.S. Border Patrol,Northern Border,Land Only,DETROIT SECTOR,Other Drugs**,6,21.8209
2025,JAN,U.S. Border Patrol,Northern Border,Land Only,GRAND FORKS SECTOR,Methamphetamine,1,0.0004
2025,JAN,U.S. Border Patrol,Northern Border,Land Only,HOULTON SECTOR,Cocaine,1,0.0007
2025,JAN,U.S. Border Patrol,Northern Border,Land Only,HOULTON SECTOR,Marijuana,1,0.0441
2025,JAN,U.S. Border Patrol,Northern Border,Land Only,SPOKANE SECTOR,Fentanyl,3,0.0192
2025,JAN,U.S. Border Patrol,Northern Border,Land Only,SPOKANE SECTOR,Marijuana,2,0.0675
2025,JAN,U.S. Border Patrol,Northern Border,Land Only,SPOKANE SECTOR,Methamphetamine,7,50.5674
2025,JAN,U.S. Border Patrol,Northern Border,Land Only,SPOKANE SECTOR,Other Drugs**,2,0.0119
2025,JAN,U.S. Border Patrol,Northern Border,Land Only,SWANTON SECTOR,Marijuana,2,245.4588
2025,JAN,U.S. Border Patrol,Southwest Border,Land Only,BIG BEND SECTOR,Ecstasy,3,14.3928
2025,JAN,U.S. Border Patrol,Southwest Border,Land Only,BIG BEND SECTOR,Marijuana,98,193.9075
2025,JAN,U.S. Border Patrol,Southwest Border,Land Only,BIG BEND SECTOR,Methamphetamine,6,29.6932
2025,JAN,U.S. Border Patrol,Southwest Border,Land Only,BIG BEND SECTOR,Other Drugs**,14,5.2922
2025,JAN,U.S. Border Patrol,Southwest Border,Land Only,DEL RIO SECTOR,Cocaine,3,0.0015
2025,JAN,U.S. Border Patrol,Southwest Border,Land Only,DEL RIO SECTOR,Ecstasy,2,0.0022
2025,JAN,U.S. Border Patrol,Southwest Border,Land Only,DEL RIO SECTOR,Marijuana,18,0.1913
2025,JAN,U.S. Border Patrol,Southwest Border,Land Only,DEL RIO SECTOR,Methamphetamine,1,0.0
2025,JAN,U.S. Border Patrol,Southwest Border,Land Only,DEL RIO SECTOR,Other Drugs**,7,0.3838
2025,JAN,U.S. Border Patrol,Southwest Border,Land Only,EL CENTRO SECTOR,Cocaine,2,0.0088
2025,JAN,U.S. Border Patrol,Southwest Border,Land Only,EL CENTRO SECTOR,Fentanyl,2,0.0166
2025,JAN,U.S. Border Patrol,Southwest Border,Land Only,EL CENTRO SECTOR,Heroin,1,0.0441
2025,JAN,U.S. Border Patrol,Southwest Border,Land Only,EL CENTRO SECTOR,Marijuana,5,38.9139
2025,JAN,U.S. Border Patrol,Southwest Border,Land Only,EL CENTRO SECTOR,Methamphetamine,8,0.4103
2025,JAN,U.S. Border Patrol,Southwest Border,Land Only,EL CENTRO SECTOR,Other Drugs**,3,1.1088
2025,JAN,U.S. Border Patrol,Southwest Border,Land Only,EL PASO SECTOR,Cocaine,1,0.0022
2025,JAN,U.S. Border Patrol,Southwest Border,Land Only,EL PASO SECTOR,Fentanyl,1,0.3042
2025,JAN,U.S. Border Patrol,Southwest Border,Land Only,EL PASO SECTOR,Marijuana,11,29.4065
2025,JAN,U.S. Border Patrol,Southwest Border,Land Only,EL PASO SECTOR,Methamphetamine,1,0.0022
2025,JAN,U.S. Border Patrol,Southwest Border,Land Only,EL PASO SECTOR,Other Drugs**,2,5.942
2025,JAN,U.S. Border Patrol,Southwest Border,Land Only,LAREDO SECTOR,Cocaine,1,0.0022
2025,JAN,U.S. Border Patrol,Southwest Border,Land Only,LAREDO SECTOR,Marijuana,7,0.1805
2025,JAN,U.S. Border Patrol,Southwest Border,Land Only,LAREDO SECTOR,Other Drugs**,3,0.0309
2025,JAN,U.S. Border Patrol,Southwest Border,Land Only,RIO GRANDE VALLEY SECTOR,Cocaine,3,0.0088
2025,JAN,U.S. Border Patrol,Southwest Border,Land Only,RIO GRANDE VALLEY SECTOR,Marijuana,26,1394.0988000000002
2025,JAN,U.S. Border Patrol,Southwest Border,Land Only,RIO GRANDE VALLEY SECTOR,Methamphetamine,1,0.0
2025,JAN,U.S. Border Patrol,Southwest Border,Land Only,RIO GRANDE VALLEY SECTOR,Other Drugs**,3,0.4111
2025,JAN,U.S. Border Patrol,Southwest Border,Land Only,SAN DIEGO SECTOR,Cocaine,4,26.2643
2025,JAN,U.S. Border Patrol,Southwest Border,Land Only,SAN DIEGO SECTOR,Ecstasy,2,1.8131
2025,JAN,U.S. Border Patrol,Southwest Border,Land Only,SAN DIEGO SECTOR,Fentanyl,6,72.1969
2025,JAN,U.S. Border Patrol,Southwest Border,Land Only,SAN DIEGO SECTOR,Heroin,1,7.0547
2025,JAN,U.S. Border Patrol,Southwest Border,Land Only,SAN DIEGO SECTOR,Marijuana,6,12.4471
2025,JAN,U.S. Border Patrol,Southwest Border,Land Only,SAN DIEGO SECTOR,Methamphetamine,13,199.8763
2025,JAN,U.S. Border Patrol,Southwest Border,Land Only,SAN DIEGO SECTOR,Other Drugs**,5,21.2324
2025,JAN,U.S. Border Patrol,Southwest Border,Land Only,TUCSON SECTOR,Cocaine,5,15.907
2025,JAN,U.S. Border Patrol,Southwest Border,Land Only,TUCSON SECTOR,Fentanyl,1,0.0317
2025,JAN,U.S. Border Patrol,Southwest Border,Land Only,TUCSON SECTOR,Marijuana,15,0.2817
2025,JAN,U.S. Border Patrol,Southwest Border,Land Only,TUCSON SECTOR,Methamphetamine,7,150.4129
2025,JAN,U.S. Border Patrol,Southwest Border,Land Only,TUCSON SECTOR,Other Drugs**,6,41.7482
2025,JAN,U.S. Border Patrol,Southwest Border,Land Only,YUMA SECTOR,Cocaine,1,0.0023
2025,JAN,U.S. Border Patrol,Southwest Border,Land Only,YUMA SECTOR,Fentanyl,1,35.1193
2025,JAN,U.S. Border Patrol,Southwest Border,Land Only,YUMA SECTOR,Marijuana,6,0.1795
2025,JAN,U.S. Border Patrol,Southwest Border,Land Only,YUMA SECTOR,Methamphetamine,3,0.9078
2025,JUL,Office of Field Operations,Coastal/Interior,Other,ATLANTA FIELD OFFICE,Cocaine,3,4.9637078289300005
2025,JUL,Office of Field Operations,Coastal/Interior,Other,ATLANTA FIELD OFFICE,Marijuana,5,187.536002708038
2025,JUL,Office of Field Operations,Coastal/Interior,Other,ATLANTA FIELD OFFICE,Other Drugs**,6,6.358793022866
2025,JUL,Office of Field Operations,Coastal/Interior,Other,BALTIMORE FIELD OFFICE,Cocaine,2,1.607610814504
2025,JUL,Office of Field Operations,Coastal/Interior,Other,BALTIMORE FIELD OFFICE,Ketamine,2,72.7966389124
2025,JUL,Office of Field Operations,Coastal/Interior,Other,BALTIMORE FIELD OFFICE,Marijuana,30,83.3796872912218
2025,JUL,Office of Field Operations,Coastal/Interior,Other,BALTIMORE FIELD OFFICE,Methamphetamine,2,0.456136420078
2025,JUL,Office of Field Operations,Coastal/Interior,Other,BALTIMORE FIELD OFFICE,Other Drugs**,23,38.1680141257264
2025,JUL,Office of Field Operations,Coastal/Interior,Other,CHICAGO FIELD OFFICE,Cocaine,20,120.544576078622
2025,JUL,Office of Field Operations,Coastal/Interior,Other,CHICAGO FIELD OFFICE,Ecstasy,18,42.6220132049124
2025,JUL,Office of Field Operations,Coastal/Interior,Other,CHICAGO FIELD OFFICE,Fentanyl,5,22.0241799738
2025,JUL,Office of Field Operations,Coastal/Interior,Other,CHICAGO FIELD OFFICE,Heroin,6,32.254069855124
2025,JUL,Office of Field Operations,Coastal/Interior,Other,CHICAGO FIELD OFFICE,Ketamine,34,331.9601250649996
2025,JUL,Office of Field Operations,Coastal/Interior,Other,CHICAGO FIELD OFFICE,Khat (Catha Edulis),3,412.378188467192
2025,JUL,Office of Field Operations,Coastal/Interior,Other,CHICAGO FIELD OFFICE,Marijuana,376,3789.1176135936807
2025,JUL,Office of Field Operations,Coastal/Interior,Other,CHICAGO FIELD OFFICE,Methamphetamine,46,626.7118861845327
2025,JUL,Office of Field Operations,Coastal/Interior,Other,CHICAGO FIELD OFFICE,Other Drugs**,241,746.0450662259171
2025,JUL,Office of Field Operations,Coastal/Interior,Other,HOUSTON FIELD OFFICE,Ecstasy,1,0.092704381171
2025,JUL,Office of Field Operations,Coastal/Interior,Other,HOUSTON FIELD OFFICE,Ketamine,2,0.6040225054275999
2025,JUL,Office of Field Operations,Coastal/Interior,Other,HOUSTON FIELD OFFICE,Marijuana,45,10.3365715699058
2025,JUL,Office of Field Operations,Coastal/Interior,Other,HOUSTON FIELD OFFICE,Methamphetamine,1,0.00220462262
2025,JUL,Office of Field Operations,Coastal/Interior,Other,HOUSTON FIELD OFFICE,Other Drugs**,33,25.0690724591868
2025,JUL,Office of Field Operations,Coastal/Interior,Other,LOS ANGELES FIELD OFFICE,Cocaine,2,2.6786164833
2025,JUL,Office of Field Operations,Coastal/Interior,Other,LOS ANGELES FIELD OFFICE,Ecstasy,7,0.08377565956
2025,JUL,Office of Field Operations,Coastal/Interior,Other,LOS ANGELES FIELD OFFICE,Ketamine,3,46.898496070736
2025,JUL,Office of Field Operations,Coastal/Interior,Other,LOS ANGELES FIELD OFFICE,Marijuana,44,1321.9981400858674
2025,JUL,Office of Field Operations,Coastal/Interior,Other,LOS ANGELES FIELD OFFICE,Methamphetamine,12,346.563809854594
2025,JUL,Office of Field Operations,Coastal/Interior,Other,LOS ANGELES FIELD OFFICE,Other Drugs**,84,288.1003705825406
2025,JUL,Office of Field Operations,Coastal/Interior,Other,MIAMI FIELD OFFICE,Cocaine,16,18.851838254751
2025,JUL,Office of Field Operations,Coastal/Interior,Other,MIAMI FIELD OFFICE,Ecstasy,10,6.633070123020199
2025,JUL,Office of Field Operations,Coastal/Interior,Other,MIAMI FIELD OFFICE,Ketamine,1,0.00440924524
2025,JUL,Office of Field Operations,Coastal/Interior,Other,MIAMI FIELD OFFICE,Lsd,1,0.0110231131
2025,JUL,Office of Field Operations,Coastal/Interior,Other,MIAMI FIELD OFFICE,Marijuana,210,2682.6635751822128
2025,JUL,Office of Field Operations,Coastal/Interior,Other,MIAMI FIELD OFFICE,Methamphetamine,6,3.591109785718
2025,JUL,Office of Field Operations,Coastal/Interior,Other,MIAMI FIELD OFFICE,Other Drugs**,386,2147.8934030195173
2025,JUL,Office of Field Operations,Coastal/Interior,Other,NEW ORLEANS FIELD OFFICE,Cocaine,9,190.87953337353
2025,JUL,Office of Field Operations,Coastal/Interior,Other,NEW ORLEANS FIELD OFFICE,Ecstasy,2,0.524479721298
2025,JUL,Office of Field Operations,Coastal/Interior,Other,NEW ORLEANS FIELD OFFICE,Heroin,1,14.33004703
2025,JUL,Office of Field Operations,Coastal/Interior,Other,NEW ORLEANS FIELD OFFICE,Ketamine,8,141.206078811
2025,JUL,Office of Field Operations,Coastal/Interior,Other,NEW ORLEANS FIELD OFFICE,Marijuana,309,3217.609896692246
2025,JUL,Office of Field Operations,Coastal/Interior,Other,NEW ORLEANS FIELD OFFICE,Methamphetamine,7,211.78266274506
2025,JUL,Office of Field Operations,Coastal/Interior,Other,NEW ORLEANS FIELD OFFICE,Other Drugs**,49,194.0378096002634
2025,JUL,Office of Field Operations,Coastal/Interior,Other,NEW YORK FIELD OFFICE,Cocaine,6,40.48017823713
2025,JUL,Office of Field Operations,Coastal/Interior,Other,NEW YORK FIELD OFFICE,Ecstasy,7,2.7837769822739995
2025,JUL,Office of Field Operations,Coastal/Interior,Other,NEW YORK FIELD OFFICE,Fentanyl,1,11.0231131
2025,JUL,Office of Field Operations,Coastal/Interior,Other,NEW YORK FIELD OFFICE,Ketamine,24,391.2054117030098
2025,JUL,Office of Field Operations,Coastal/Interior,Other,NEW YORK FIELD OFFICE,Khat (Catha Edulis),7,4252.5406641704
2025,JUL,Office of Field Operations,Coastal/Interior,Other,NEW YORK FIELD OFFICE,Lsd,10,0.012566348934
2025,JUL,Office of Field Operations,Coastal/Interior,Other,NEW YORK FIELD OFFICE,Marijuana,36,909.968017437921
2025,JUL,Office of Field Operations,Coastal/Interior,Other,NEW YORK FIELD OFFICE,Methamphetamine,6,2.311987741594
2025,JUL,Office of Field Operations,Coastal/Interior,Other,NEW YORK FIELD OFFICE,Other Drugs**,342,842.4908463066404
2025,JUL,Office of Field Operations,Coastal/Interior,Other,PRECLEARANCE FIELD OFFICE,Cocaine,1,0.0016093745126
2025,JUL,Office of Field Operations,Coastal/Interior,Other,PRECLEARANCE FIELD OFFICE,Ecstasy,3,0.012015193279
2025,JUL,Office of Field Operations,Coastal/Interior,Other,PRECLEARANCE FIELD OFFICE,Ketamine,1,0.0067020527648
2025,JUL,Office of Field Operations,Coastal/Interior,Other,PRECLEARANCE FIELD OFFICE,Lsd,2,0.0014991433816
2025,JUL,Office of Field Operations,Coastal/Interior,Other,PRECLEARANCE FIELD OFFICE,Marijuana,34,5.2310624140574005
2025,JUL,Office of Field Operations,Coastal/Interior,Other,PRECLEARANCE FIELD OFFICE,Methamphetamine,3,0.0834890586194
2025,JUL,Office of Field Operations,Coastal/Interior,Other,PRECLEARANCE FIELD OFFICE,Other Drugs**,15,1.8161460681298
2025,JUL,Office of Field Operations,Coastal/Interior,Other,SAN FRANCISCO FIELD OFFICE,Cocaine,3,101.706737177508
2025,JUL,Office of Field Operations,Coastal/Interior,Other,SAN FRANCISCO FIELD OFFICE,Fentanyl,1,4.40924524
2025,JUL,Office of Field Operations,Coastal/Interior,Other,SAN FRANCISCO FIELD OFFICE,Heroin,1,0.033730726086
2025,JUL,Office of Field Operations,Coastal/Interior,Other,SAN FRANCISCO FIELD OFFICE,Ketamine,4,106.6816885818
2025,JUL,Office of Field Operations,Coastal/Interior,Other,SAN FRANCISCO FIELD OFFICE,Marijuana,51,438.8471301514002
2025,JUL,Office of Field Operations,Coastal/Interior,Other,SAN FRANCISCO FIELD OFFICE,Methamphetamine,17,117.5156230147778
2025,JUL,Office of Field Operations,Coastal/Interior,Other,SAN FRANCISCO FIELD OFFICE,Other Drugs**,11,41.635180027748
2025,JUL,Office of Field Operations,Coastal/Interior,Other,SAN JUAN FIELD OFFICE,Cocaine,4,11.387757681348
2025,JUL,Office of Field Operations,Coastal/Interior,Other,SAN JUAN FIELD OFFICE,Ecstasy,1,0.00551155655
2025,JUL,Office of Field Operations,Coastal/Interior,Other,SAN JUAN FIELD OFFICE,Marijuana,133,678.4391671798546
2025,JUL,Office of Field Operations,Coastal/Interior,Other,SAN JUAN FIELD OFFICE,Methamphetamine,1,0.171299177574
2025,JUL,Office of Field Operations,Coastal/Interior,Other,SAN JUAN FIELD OFFICE,Other Drugs**,11,40.294549012526
2025,JUL,Office of Field Operations,Coastal/Interior,Other,TAMPA FIELD OFFICE,Cocaine,1,4.6737999544
2025,JUL,Office of Field Operations,Coastal/Interior,Other,TAMPA FIELD OFFICE,Ecstasy,1,0.00220462262
2025,JUL,Office of Field Operations,Coastal/Interior,Other,TAMPA FIELD OFFICE,Marijuana,14,326.676129661836
2025,JUL,Office of Field Operations,Coastal/Interior,Other,TAMPA FIELD OFFICE,Other Drugs**,19,2.692064681282
2025,JUL,Office of Field Operations,Northern Border,Land Only,BOSTON FIELD OFFICE,Cocaine,5,0.0695778898872
2025,JUL,Office of Field Operations,Northern Border,Land Only,BOSTON FIELD OFFICE,Marijuana,36,4.1186318862316
2025,JUL,Office of Field Operations,Northern Border,Land Only,BOSTON FIELD OFFICE,Methamphetamine,1,0.03527396192
2025,JUL,Office of Field Operations,Northern Border,Land Only,BOSTON FIELD OFFICE,Other Drugs**,8,0.801159860108
2025,JUL,Office of Field Operations,Northern Border,Land Only,BUFFALO FIELD OFFICE,Cocaine,1,0.004850169764
2025,JUL,Office of Field Operations,Northern Border,Land Only,BUFFALO FIELD OFFICE,Ecstasy,2,0.03747858454
2025,JUL,Office of Field Operations,Northern Border,Land Only,BUFFALO FIELD OFFICE,Ketamine,1,0.0110231131
2025,JUL,Office of Field Operations,Northern Border,Land Only,BUFFALO FIELD OFFICE,Marijuana,73,18.9315133162378
2025,JUL,Office of Field Operations,Northern Border,Land Only,BUFFALO FIELD OFFICE,Other Drugs**,10,1.054250536884
2025,JUL,Office of Field Operations,Northern Border,Land Only,DETROIT FIELD OFFICE,Cocaine,8,504.097434020445
2025,JUL,Office of Field Operations,Northern Border,Land Only,DETROIT FIELD OFFICE,Ketamine,1,0.0009479877266
2025,JUL,Office of Field Operations,Northern Border,Land Only,DETROIT FIELD OFFICE,Khat (Catha Edulis),1,90.0808802532
2025,JUL,Office of Field Operations,Northern Border,Land Only,DETROIT FIELD OFFICE,Marijuana,177,30.8574193791278
2025,JUL,Office of Field Operations,Northern Border,Land Only,DETROIT FIELD OFFICE,Methamphetamine,2,0.006834330122
2025,JUL,Office of Field Operations,Northern Border,Land Only,DETROIT FIELD OFFICE,Other Drugs**,110,10.8048775068462
2025,JUL,Office of Field Operations,Northern Border,Land Only,SEATTLE FIELD OFFICE,Cocaine,30,0.0644631654088
2025,JUL,Office of Field Operations,Northern Border,Land Only,SEATTLE FIELD OFFICE,Ecstasy,8,0.030534023287
2025,JUL,Office of Field Operations,Northern Border,Land Only,SEATTLE FIELD OFFICE,Ketamine,6,0.0154764507924
2025,JUL,Office of Field Operations,Northern Border,Land Only,SEATTLE FIELD OFFICE,Lsd,8,0.031526103466
2025,JUL,Office of Field Operations,Northern Border,Land Only,SEATTLE FIELD OFFICE,Marijuana,192,23.5932319386802
2025,JUL,Office of Field Operations,Northern Border,Land Only,SEATTLE FIELD OFFICE,Methamphetamine,2,0.0058863423954
2025,JUL,Office of Field Operations,Northern Border,Land Only,SEATTLE FIELD OFFICE,Other Drugs**,31,2.642350441201
2025,JUL,Office of Field Operations,Northern Border,Other,BOSTON FIELD OFFICE,Khat (Catha Edulis),1,1061.43222734601
2025,JUL,Office of Field Operations,Northern Border,Other,BOSTON FIELD OFFICE,Marijuana,4,0.514999844032
2025,JUL,Office of Field Operations,Northern Border,Other,BOSTON FIELD OFFICE,Other Drugs**,4,1.19600777135
2025,JUL,Office of Field Operations,Northern Border,Other,BUFFALO FIELD OFFICE,Ecstasy,2,0.00661386786
2025,JUL,Office of Field Operations,Northern Border,Other,BUFFALO FIELD OFFICE,Marijuana,11,37.566989907062
2025,JUL,Office of Field Operations,Northern Border,Other,BUFFALO FIELD OFFICE,Methamphetamine,4,2.9151724904260004
2025,JUL,Office of Field Operations,Northern Border,Other,BUFFALO FIELD OFFICE,Other Drugs**,21,7.19037667513
2025,JUL,Office of Field Operations,Northern Border,Other,DETROIT FIELD OFFICE,Ecstasy,1,0.031746565728
2025,JUL,Office of Field Operations,Northern Border,Other,DETROIT FIELD OFFICE,Ketamine,1,0.0121695168624
2025,JUL,Office of Field Operations,Northern Border,Other,DETROIT FIELD OFFICE,Marijuana,7,2.652822398646
2025,JUL,Office of Field Operations,Northern Border,Other,DETROIT FIELD OFFICE,Other Drugs**,1,0.248681431536
2025,JUL,Office of Field Operations,Northern Border,Other,PORTLAND FIELD OFFICE,Marijuana,3,5.06181353552
2025,JUL,Office of Field Operations,Northern Border,Other,PORTLAND FIELD OFFICE,Methamphetamine,1,8.2893810512
2025,JUL,Office of Field Operations,Northern Border,Other,PORTLAND FIELD OFFICE,Other Drugs**,1,0.3086471668
2025,JUL,Office of Field Operations,Northern Border,Other,SEATTLE FIELD OFFICE,Cocaine,1,0.00440924524
2025,JUL,Office of Field Operations,Northern Border,Other,SEATTLE FIELD OFFICE,Ecstasy,5,0.035714886444
2025,JUL,Office of Field Operations,Northern Border,Other,SEATTLE FIELD OFFICE,Ketamine,1,0.021825763938
2025,JUL,Office of Field Operations,Northern Border,Other,SEATTLE FIELD OFFICE,Lsd,1,0.00110231131
2025,JUL,Office of Field Operations,Northern Border,Other,SEATTLE FIELD OFFICE,Marijuana,20,3.0086043970616
2025,JUL,Office of Field Operations,Northern Border,Other,SEATTLE FIELD OFFICE,Other Drugs**,8,3.176420270896
2025,JUL,Office of Field Operations,Southwest Border,Land Only,EL PASO FIELD OFFICE,Cocaine,8,117.608459673306
2025,JUL,Office of Field Operations,Southwest Border,Land Only,EL PASO FIELD OFFICE,Fentanyl,6,0.9996640808128
2025,JUL,Office of Field Operations,Southwest Border,Land Only,EL PASO FIELD OFFICE,Heroin,1,25.0004205108
2025,JUL,Office of Field Operations,Southwest Border,Land Only,EL PASO FIELD OFFICE,Marijuana,38,0.3094628771694
2025,JUL,Office of Field Operations,Southwest Border,Land Only,EL PASO FIELD OFFICE,Methamphetamine,2,2.1916373927682
2025,JUL,Office of Field Operations,Southwest Border,Land Only,EL PASO FIELD OFFICE,Other Drugs**,20,31.094658819266
2025,JUL,Office of Field Operations,Southwest Border,Land Only,LAREDO FIELD OFFICE,Cocaine,15,930.9601474246203
2025,JUL,Office of Field Operations,Southwest Border,Land Only,LAREDO FIELD OFFICE,Ecstasy,1,0.0433869731616
2025,JUL,Office of Field Operations,Southwest Border,Land Only,LAREDO FIELD OFFICE,Fentanyl,2,0.0060847584312
2025,JUL,Office of Field Operations,Southwest Border,Land Only,LAREDO FIELD OFFICE,Heroin,1,18.034253956124
2025,JUL,Office of Field Operations,Southwest Border,Land Only,LAREDO FIELD OFFICE,Marijuana,20,1.3504195396548
2025,JUL,Office of Field Operations,Southwest Border,Land Only,LAREDO FIELD OFFICE,Methamphetamine,8,4821.794418997599
2025,JUL,Office of Field Operations,Southwest Border,Land Only,LAREDO FIELD OFFICE,Other Drugs**,47,9.0368363042848
2025,JUL,Office of Field Operations,Southwest Border,Land Only,SAN DIEGO FIELD OFFICE,Cocaine,35,2849.62024144292
2025,JUL,Office of Field Operations,Southwest Border,Land Only,SAN DIEGO FIELD OFFICE,Ecstasy,1,0.045415225972
2025,JUL,Office of Field Operations,Southwest Border,Land Only,SAN DIEGO FIELD OFFICE,Fentanyl,22,329.8803943164226
2025,JUL,Office of Field Operations,Southwest Border,Land Only,SAN DIEGO FIELD OFFICE,Heroin,4,27.31747888442
2025,JUL,Office of Field Operations,Southwest Border,Land Only,SAN DIEGO FIELD OFFICE,Marijuana,25,0.6291772495218
2025,JUL,Office of Field Operations,Southwest Border,Land Only,SAN DIEGO FIELD OFFICE,Methamphetamine,70,6611.325268732354
2025,JUL,Office of Field Operations,Southwest Border,Land Only,SAN DIEGO FIELD OFFICE,Other Drugs**,25,5.6464574081178
2025,JUL,Office of Field Operations,Southwest Border,Land Only,TUCSON FIELD OFFICE,Cocaine,3,108.7099413922
2025,JUL,Office of Field Operations,Southwest Border,Land Only,TUCSON FIELD OFFICE,Fentanyl,13,659.1995798986981
2025,JUL,Office of Field Operations,Southwest Border,Land Only,TUCSON FIELD OFFICE,Heroin,1,3.687010869688
2025,JUL,Office of Field Operations,Southwest Border,Land Only,TUCSON FIELD OFFICE,Marijuana,8,0.9433800653242
2025,JUL,Office of Field Operations,Southwest Border,Land Only,TUCSON FIELD OFFICE,Methamphetamine,23,1618.9540608546502
2025,JUL,Office of Field Operations,Southwest Border,Land Only,TUCSON FIELD OFFICE,Other Drugs**,4,134.6142571772
2025,JUL,Office of Field Operations,Southwest Border,Other,EL PASO FIELD OFFICE,Cocaine,1,0.0011464037624
2025,JUL,Office of Field Operations,Southwest Border,Other,EL PASO FIELD OFFICE,Marijuana,3,0.027668013881
2025,JUL,Office of Field Operations,Southwest Border,Other,EL PASO FIELD OFFICE,Methamphetamine,1,4.5415225972
2025,JUL,Office of Field Operations,Southwest Border,Other,LAREDO FIELD OFFICE,Cocaine,1,143.3004703
2025,JUL,Office of Field Operations,Southwest Border,Other,LAREDO FIELD OFFICE,Marijuana,3,4.0691381084126
2025,JUL,Office of Field Operations,Southwest Border,Other,LAREDO FIELD OFFICE,Methamphetamine,2,0.0531093589158
2025,JUL,Office of Field Operations,Southwest Border,Other,SAN DIEGO FIELD OFFICE,Marijuana,2,0.0967829330179999
2025,JUL,Office of Field Operations,Southwest Border,Other,SAN DIEGO FIELD OFFICE,Methamphetamine,1,65.807985207
2025,JUL,Office of Field Operations,Southwest Border,Other,TUCSON FIELD OFFICE,Marijuana,3,1.316600628664
2025,JUL,Office of Field Operations,Southwest Border,Other,TUCSON FIELD OFFICE,Other Drugs**,1,0.026675933702
2025,JUL,U.S. Border Patrol,Coastal/Interior,Other,MIAMI SECTOR,Cocaine,6,174.23899999999998
2025,JUL,U.S. Border Patrol,Coastal/Interior,Other,MIAMI SECTOR,Marijuana,5,71.0472
2025,JUL,U.S. Border Patrol,Coastal/Interior,Other,MIAMI SECTOR,Other Drugs**,5,27.0704
2025,JUL,U.S. Border Patrol,Northern Border,Land Only,BLAINE SECTOR,Methamphetamine,1,0.0022
2025,JUL,U.S. Border Patrol,Northern Border,Land Only,BUFFALO SECTOR,Fentanyl,1,0.0441
2025,JUL,U.S. Border Patrol,Northern Border,Land Only,BUFFALO SECTOR,Marijuana,4,23.3221
2025,JUL,U.S. Border Patrol,Northern Border,Land Only,BUFFALO SECTOR,Other Drugs**,1,0.0154
2025,JUL,U.S. Border Patrol,Northern Border,Land Only,DETROIT SECTOR,Cocaine,2,4.5158000000000005
2025,JUL,U.S. Border Patrol,Northern Border,Land Only,DETROIT SECTOR,Fentanyl,2,0.0761
2025,JUL,U.S. Border Patrol,Northern Border,Land Only,DETROIT SECTOR,Marijuana,8,10.4879
2025,JUL,U.S. Border Patrol,Northern Border,Land Only,DETROIT SECTOR,Methamphetamine,1,0.0011
2025,JUL,U.S. Border Patrol,Northern Border,Land Only,DETROIT SECTOR,Other Drugs**,5,1800.3775
2025,JUL,U.S. Border Patrol,Northern Border,Land Only,GRAND FORKS SECTOR,Fentanyl,1,0.3175
2025,JUL,U.S. Border Patrol,Northern Border,Land Only,GRAND FORKS SECTOR,Methamphetamine,1,3.1041
2025,JUL,U.S. Border Patrol,Northern Border,Land Only,HOULTON SECTOR,Cocaine,2,7.493399999999999
2025,JUL,U.S. Border Patrol,Northern Border,Land Only,HOULTON SECTOR,Marijuana,2,0.3947
2025,JUL,U.S. Border Patrol,Northern Border,Land Only,SPOKANE SECTOR,Cocaine,3,0.0115
2025,JUL,U.S. Border Patrol,Northern Border,Land Only,SPOKANE SECTOR,Ecstasy,3,0.0252
2025,JUL,U.S. Border Patrol,Northern Border,Land Only,SPOKANE SECTOR,Fentanyl,1,0.0397
2025,JUL,U.S. Border Patrol,Northern Border,Land Only,SPOKANE SECTOR,Marijuana,5,2.4719
2025,JUL,U.S. Border Patrol,Northern Border,Land Only,SPOKANE SECTOR,Methamphetamine,4,0.2405999999999999
2025,JUL,U.S. Border Patrol,Northern Border,Land Only,SPOKANE SECTOR,Other Drugs**,6,0.2334
2025,JUL,U.S. Border Patrol,Northern Border,Land Only,SWANTON SECTOR,Cocaine,2,0.0059
2025,JUL,U.S. Border Patrol,Northern Border,Land Only,SWANTON SECTOR,Other Drugs**,1,0.0041
2025,JUL,U.S. Border Patrol,Southwest Border,Land Only,BIG BEND SECTOR,Cocaine,4,12.473
2025,JUL,U.S. Border Patrol,Southwest Border,Land Only,BIG BEND SECTOR,Ecstasy,3,0.0516
2025,JUL,U.S. Border Patrol,Southwest Border,Land Only,BIG BEND SECTOR,Marijuana,88,77.55330000000001
2025,JUL,U.S. Border Patrol,Southwest Border,Land Only,BIG BEND SECTOR,Methamphetamine,9,299.8153
2025,JUL,U.S. Border Patrol,Southwest Border,Land Only,BIG BEND SECTOR,Other Drugs**,10,0.6756
2025,JUL,U.S. Border Patrol,Southwest Border,Land Only,DEL RIO SECTOR,Cocaine,2,0.0034
2025,JUL,U.S. Border Patrol,Southwest Border,Land Only,DEL RIO SECTOR,Heroin,1,0.0019
2025,JUL,U.S. Border Patrol,Southwest Border,Land Only,DEL RIO SECTOR,Marijuana,10,0.0715
2025,JUL,U.S. Border Patrol,Southwest Border,Land Only,DEL RIO SECTOR,Methamphetamine,2,0.0053
2025,JUL,U.S. Border Patrol,Southwest Border,Land Only,DEL RIO SECTOR,Other Drugs**,1,0.017
2025,JUL,U.S. Border Patrol,Southwest Border,Land Only,EL CENTRO SECTOR,Cocaine,1,0.0179
2025,JUL,U.S. Border Patrol,Southwest Border,Land Only,EL CENTRO SECTOR,Fentanyl,4,0.1159
2025,JUL,U.S. Border Patrol,Southwest Border,Land Only,EL CENTRO SECTOR,Marijuana,1,0.031
2025,JUL,U.S. Border Patrol,Southwest Border,Land Only,EL CENTRO SECTOR,Methamphetamine,9,213.8816
2025,JUL,U.S. Border Patrol,Southwest Border,Land Only,EL CENTRO SECTOR,Other Drugs**,1,0.0123
2025,JUL,U.S. Border Patrol,Southwest Border,Land Only,EL PASO SECTOR,Cocaine,3,0.0088
2025,JUL,U.S. Border Patrol,Southwest Border,Land Only,EL PASO SECTOR,Fentanyl,1,0.0009
2025,JUL,U.S. Border Patrol,Southwest Border,Land Only,EL PASO SECTOR,Marijuana,17,114.6664
2025,JUL,U.S. Border Patrol,Southwest Border,Land Only,EL PASO SECTOR,Methamphetamine,1,52.9862
2025,JUL,U.S. Border Patrol,Southwest Border,Land Only,EL PASO SECTOR,Other Drugs**,2,0.5254
2025,JUL,U.S. Border Patrol,Southwest Border,Land Only,LAREDO SECTOR,Cocaine,2,0.0043999999999999
2025,JUL,U.S. Border Patrol,Southwest Border,Land Only,LAREDO SECTOR,Marijuana,9,1.7487
2025,JUL,U.S. Border Patrol,Southwest Border,Land Only,RIO GRANDE VALLEY SECTOR,Cocaine,6,334.8513
2025,JUL,U.S. Border Patrol,Southwest Border,Land Only,RIO GRANDE VALLEY SECTOR,Marijuana,53,2744.8853
2025,JUL,U.S. Border Patrol,Southwest Border,Land Only,RIO GRANDE VALLEY SECTOR,Methamphetamine,1,0.0265
2025,JUL,U.S. Border Patrol,Southwest Border,Land Only,RIO GRANDE VALLEY SECTOR,Other Drugs**,3,0.2159999999999999
2025,JUL,U.S. Border Patrol,Southwest Border,Land Only,SAN DIEGO SECTOR,Cocaine,7,116.9505
2025,JUL,U.S. Border Patrol,Southwest Border,Land Only,SAN DIEGO SECTOR,Fentanyl,4,58.8627
2025,JUL,U.S. Border Patrol,Southwest Border,Land Only,SAN DIEGO SECTOR,Marijuana,5,320.41880000000003
2025,JUL,U.S. Border Patrol,Southwest Border,Land Only,SAN DIEGO SECTOR,Methamphetamine,8,333.7613
2025,JUL,U.S. Border Patrol,Southwest Border,Land Only,SAN DIEGO SECTOR,Other Drugs**,3,141.813
2025,JUL,U.S. Border Patrol,Southwest Border,Land Only,TUCSON SECTOR,Cocaine,3,0.0097
2025,JUL,U.S. Border Patrol,Southwest Border,Land Only,TUCSON SECTOR,Fentanyl,4,39.603
2025,JUL,U.S. Border Patrol,Southwest Border,Land Only,TUCSON SECTOR,Marijuana,9,132.5017
2025,JUL,U.S. Border Patrol,Southwest Border,Land Only,TUCSON SECTOR,Methamphetamine,4,216.2841
2025,JUL,U.S. Border Patrol,Southwest Border,Land Only,TUCSON SECTOR,Other Drugs**,2,0.4082
2025,JUL,U.S. Border Patrol,Southwest Border,Land Only,YUMA SECTOR,Cocaine,2,0.0027
2025,JUL,U.S. Border Patrol,Southwest Border,Land Only,YUMA SECTOR,Fentanyl,2,252.6244
2025,JUL,U.S. Border Patrol,Southwest Border,Land Only,YUMA SECTOR,Heroin,1,0.0013
2025,JUL,U.S. Border Patrol,Southwest Border,Land Only,YUMA SECTOR,Marijuana,7,0.298
2025,JUL,U.S. Border Patrol,Southwest Border,Land Only,YUMA SECTOR,Methamphetamine,3,0.0521
2025,JUL,U.S. Border Patrol,Southwest Border,Land Only,YUMA SECTOR,Other Drugs**,2,0.0467999999999999
2025,JUN,Office of Field Operations,Coastal/Interior,Other,ATLANTA FIELD OFFICE,Marijuana,10,568.9800288827
2025,JUN,Office of Field Operations,Coastal/Interior,Other,ATLANTA FIELD OFFICE,Other Drugs**,5,5.165210336398
2025,JUN,Office of Field Operations,Coastal/Interior,Other,BALTIMORE FIELD OFFICE,Cocaine,5,21.47853587535
2025,JUN,Office of Field Operations,Coastal/Interior,Other,BALTIMORE FIELD OFFICE,Ketamine,4,48.0387268898
2025,JUN,Office of Field Operations,Coastal/Interior,Other,BALTIMORE FIELD OFFICE,Marijuana,18,58.8289657024494
2025,JUN,Office of Field Operations,Coastal/Interior,Other,BALTIMORE FIELD OFFICE,Other Drugs**,38,805.7931831910968
2025,JUN,Office of Field Operations,Coastal/Interior,Other,CHICAGO FIELD OFFICE,Cocaine,13,84.50538964722
2025,JUN,Office of Field Operations,Coastal/Interior,Other,CHICAGO FIELD OFFICE,Ecstasy,10,12.4742177547102
2025,JUN,Office of Field Operations,Coastal/Interior,Other,CHICAGO FIELD OFFICE,Fentanyl,7,27.406986562792
2025,JUN,Office of Field Operations,Coastal/Interior,Other,CHICAGO FIELD OFFICE,Heroin,6,16.694063865426
2025,JUN,Office of Field Operations,Coastal/Interior,Other,CHICAGO FIELD OFFICE,Ketamine,18,110.062697831832
2025,JUN,Office of Field Operations,Coastal/Interior,Other,CHICAGO FIELD OFFICE,Khat (Catha Edulis),11,228.649569023894
2025,JUN,Office of Field Operations,Coastal/Interior,Other,CHICAGO FIELD OFFICE,Lsd,2,0.0871487321686
2025,JUN,Office of Field Operations,Coastal/Interior,Other,CHICAGO FIELD OFFICE,Marijuana,295,2846.82762392394
2025,JUN,Office of Field Operations,Coastal/Interior,Other,CHICAGO FIELD OFFICE,Methamphetamine,37,474.450661106864
2025,JUN,Office of Field Operations,Coastal/Interior,Other,CHICAGO FIELD OFFICE,Other Drugs**,729,831.7221246107622
2025,JUN,Office of Field Operations,Coastal/Interior,Other,HOUSTON FIELD OFFICE,Cocaine,3,39.8992160843076
2025,JUN,Office of Field Operations,Coastal/Interior,Other,HOUSTON FIELD OFFICE,Ecstasy,1,0.00330693393
2025,JUN,Office of Field Operations,Coastal/Interior,Other,HOUSTON FIELD OFFICE,Ketamine,1,0.012786811196
2025,JUN,Office of Field Operations,Coastal/Interior,Other,HOUSTON FIELD OFFICE,Marijuana,27,33.9147459360914
2025,JUN,Office of Field Operations,Coastal/Interior,Other,HOUSTON FIELD OFFICE,Methamphetamine,2,0.0260145469159999
2025,JUN,Office of Field Operations,Coastal/Interior,Other,HOUSTON FIELD OFFICE,Other Drugs**,66,65.6570126499824
2025,JUN,Office of Field Operations,Coastal/Interior,Other,LOS ANGELES FIELD OFFICE,Cocaine,2,2.99167289534
2025,JUN,Office of Field Operations,Coastal/Interior,Other,LOS ANGELES FIELD OFFICE,Ecstasy,5,0.1111129800479999
2025,JUN,Office of Field Operations,Coastal/Interior,Other,LOS ANGELES FIELD OFFICE,Fentanyl,1,0.0056658801334
2025,JUN,Office of Field Operations,Coastal/Interior,Other,LOS ANGELES FIELD OFFICE,Ketamine,5,142.873214436244
2025,JUN,Office of Field Operations,Coastal/Interior,Other,LOS ANGELES FIELD OFFICE,Lsd,3,0.092814612302
2025,JUN,Office of Field Operations,Coastal/Interior,Other,LOS ANGELES FIELD OFFICE,Marijuana,35,1094.9657499386483
2025,JUN,Office of Field Operations,Coastal/Interior,Other,LOS ANGELES FIELD OFFICE,Methamphetamine,9,345.1825255982592
2025,JUN,Office of Field Operations,Coastal/Interior,Other,LOS ANGELES FIELD OFFICE,Other Drugs**,87,598.2082982843264
2025,JUN,Office of Field Operations,Coastal/Interior,Other,MIAMI FIELD OFFICE,Cocaine,20,366.1454002427912
2025,JUN,Office of Field Operations,Coastal/Interior,Other,MIAMI FIELD OFFICE,Ecstasy,6,0.521834174154
2025,JUN,Office of Field Operations,Coastal/Interior,Other,MIAMI FIELD OFFICE,Fentanyl,2,0.0814828520351999
2025,JUN,Office of Field Operations,Coastal/Interior,Other,MIAMI FIELD OFFICE,Ketamine,5,19.979172031488
2025,JUN,Office of Field Operations,Coastal/Interior,Other,MIAMI FIELD OFFICE,Lsd,3,0.029541943108
2025,JUN,Office of Field Operations,Coastal/Interior,Other,MIAMI FIELD OFFICE,Marijuana,139,652.4013174027612
2025,JUN,Office of Field Operations,Coastal/Interior,Other,MIAMI FIELD OFFICE,Methamphetamine,4,4.7509617461
2025,JUN,Office of Field Operations,Coastal/Interior,Other,MIAMI FIELD OFFICE,Other Drugs**,324,804.2754107483578
2025,JUN,Office of Field Operations,Coastal/Interior,Other,NEW ORLEANS FIELD OFFICE,Cocaine,6,64.206988260356
2025,JUN,Office of Field Operations,Coastal/Interior,Other,NEW ORLEANS FIELD OFFICE,Fentanyl,2,2.757541973096
2025,JUN,Office of Field Operations,Coastal/Interior,Other,NEW ORLEANS FIELD OFFICE,Heroin,3,10.797580205974
2025,JUN,Office of Field Operations,Coastal/Interior,Other,NEW ORLEANS FIELD OFFICE,Ketamine,3,31.305641204
2025,JUN,Office of Field Operations,Coastal/Interior,Other,NEW ORLEANS FIELD OFFICE,Marijuana,206,1798.7206427564151
2025,JUN,Office of Field Operations,Coastal/Interior,Other,NEW ORLEANS FIELD OFFICE,Methamphetamine,14,179.793808991122
2025,JUN,Office of Field Operations,Coastal/Interior,Other,NEW ORLEANS FIELD OFFICE,Other Drugs**,71,954.389179070563
2025,JUN,Office of Field Operations,Coastal/Interior,Other,NEW YORK FIELD OFFICE,Cocaine,3,16.136514804828
2025,JUN,Office of Field Operations,Coastal/Interior,Other,NEW YORK FIELD OFFICE,Ecstasy,17,1.437854872764
2025,JUN,Office of Field Operations,Coastal/Interior,Other,NEW YORK FIELD OFFICE,Fentanyl,2,4.40924524
2025,JUN,Office of Field Operations,Coastal/Interior,Other,NEW YORK FIELD OFFICE,Heroin,3,1.240761610536
2025,JUN,Office of Field Operations,Coastal/Interior,Other,NEW YORK FIELD OFFICE,Ketamine,20,242.5638683202144
2025,JUN,Office of Field Operations,Coastal/Interior,Other,NEW YORK FIELD OFFICE,Khat (Catha Edulis),3,2186.3462984802
2025,JUN,Office of Field Operations,Coastal/Interior,Other,NEW YORK FIELD OFFICE,Marijuana,50,1891.0049330871743
2025,JUN,Office of Field Operations,Coastal/Interior,Other,NEW YORK FIELD OFFICE,Methamphetamine,1,0.01212542441
2025,JUN,Office of Field Operations,Coastal/Interior,Other,NEW YORK FIELD OFFICE,Other Drugs**,499,6480.831098492316
2025,JUN,Office of Field Operations,Coastal/Interior,Other,PRECLEARANCE FIELD OFFICE,Marijuana,15,1.156434795321
2025,JUN,Office of Field Operations,Coastal/Interior,Other,PRECLEARANCE FIELD OFFICE,Other Drugs**,7,1.832261859482
2025,JUN,Office of Field Operations,Coastal/Interior,Other,SAN FRANCISCO FIELD OFFICE,Cocaine,2,0.683212549938
2025,JUN,Office of Field Operations,Coastal/Interior,Other,SAN FRANCISCO FIELD OFFICE,Marijuana,23,410.566209135814
2025,JUN,Office of Field Operations,Coastal/Interior,Other,SAN FRANCISCO FIELD OFFICE,Methamphetamine,22,239.116896761392
2025,JUN,Office of Field Operations,Coastal/Interior,Other,SAN FRANCISCO FIELD OFFICE,Other Drugs**,16,2435.358864333724
2025,JUN,Office of Field Operations,Coastal/Interior,Other,SAN JUAN FIELD OFFICE,Cocaine,9,286.106333515203
2025,JUN,Office of Field Operations,Coastal/Interior,Other,SAN JUAN FIELD OFFICE,Marijuana,108,271.9865854369248
2025,JUN,Office of Field Operations,Coastal/Interior,Other,SAN JUAN FIELD OFFICE,Other Drugs**,3,1.2021807146860002
2025,JUN,Office of Field Operations,Coastal/Interior,Other,TAMPA FIELD OFFICE,Marijuana,9,43.342439784676
2025,JUN,Office of Field Operations,Coastal/Interior,Other,TAMPA FIELD OFFICE,Other Drugs**,13,9.924792156942202
2025,JUN,Office of Field Operations,Northern Border,Land Only,BOSTON FIELD OFFICE,Cocaine,2,0.05732018812
2025,JUN,Office of Field Operations,Northern Border,Land Only,BOSTON FIELD OFFICE,Ecstasy,1,0.048942622164
2025,JUN,Office of Field Operations,Northern Border,Land Only,BOSTON FIELD OFFICE,Marijuana,21,1.7765510458746
2025,JUN,Office of Field Operations,Northern Border,Land Only,BOSTON FIELD OFFICE,Methamphetamine,2,0.114309682847
2025,JUN,Office of Field Operations,Northern Border,Land Only,BOSTON FIELD OFFICE,Other Drugs**,4,0.0737887190914
2025,JUN,Office of Field Operations,Northern Border,Land Only,BUFFALO FIELD OFFICE,Cocaine,1,0.000440924524
2025,JUN,Office of Field Operations,Northern Border,Land Only,BUFFALO FIELD OFFICE,Ecstasy,4,0.074295782294
2025,JUN,Office of Field Operations,Northern Border,Land Only,BUFFALO FIELD OFFICE,Ketamine,2,0.018298367746
2025,JUN,Office of Field Operations,Northern Border,Land Only,BUFFALO FIELD OFFICE,Marijuana,99,133.5405618688076
2025,JUN,Office of Field Operations,Northern Border,Land Only,BUFFALO FIELD OFFICE,Other Drugs**,7,0.420641995896
2025,JUN,Office of Field Operations,Northern Border,Land Only,DETROIT FIELD OFFICE,Cocaine,2,341.9465805166232
2025,JUN,Office of Field Operations,Northern Border,Land Only,DETROIT FIELD OFFICE,Marijuana,135,32.6121446610644
2025,JUN,Office of Field Operations,Northern Border,Land Only,DETROIT FIELD OFFICE,Methamphetamine,2,0.0203486667826
2025,JUN,Office of Field Operations,Northern Border,Land Only,DETROIT FIELD OFFICE,Other Drugs**,118,14.0214660018786
2025,JUN,Office of Field Operations,Northern Border,Land Only,SEATTLE FIELD OFFICE,Cocaine,1,0.0009479877266
2025,JUN,Office of Field Operations,Northern Border,Land Only,SEATTLE FIELD OFFICE,Ketamine,1,0.011243575362
2025,JUN,Office of Field Operations,Northern Border,Land Only,SEATTLE FIELD OFFICE,Lsd,1,0.037699046802
2025,JUN,Office of Field Operations,Northern Border,Land Only,SEATTLE FIELD OFFICE,Marijuana,115,16.247186860352
2025,JUN,Office of Field Operations,Northern Border,Land Only,SEATTLE FIELD OFFICE,Methamphetamine,4,0.0965183783036
2025,JUN,Office of Field Operations,Northern Border,Land Only,SEATTLE FIELD OFFICE,Other Drugs**,19,1.6561786508226
2025,JUN,Office of Field Operations,Northern Border,Other,BOSTON FIELD OFFICE,Fentanyl,1,0.093916923612
2025,JUN,Office of Field Operations,Northern Border,Other,BOSTON FIELD OFFICE,Marijuana,3,1.6598603705980002
2025,JUN,Office of Field Operations,Northern Border,Other,BOSTON FIELD OFFICE,Other Drugs**,5,3.491901767818
2025,JUN,Office of Field Operations,Northern Border,Other,BUFFALO FIELD OFFICE,Ecstasy,2,0.2833821915748
2025,JUN,Office of Field Operations,Northern Border,Other,BUFFALO FIELD OFFICE,Lsd,2,0.2827648972411999
2025,JUN,Office of Field Operations,Northern Border,Other,BUFFALO FIELD OFFICE,Marijuana,3,2.220495902864
2025,JUN,Office of Field Operations,Northern Border,Other,BUFFALO FIELD OFFICE,Other Drugs**,5,0.492512693308
2025,JUN,Office of Field Operations,Northern Border,Other,DETROIT FIELD OFFICE,Marijuana,6,4.2307589926848
2025,JUN,Office of Field Operations,Northern Border,Other,DETROIT FIELD OFFICE,Other Drugs**,2,0.5767954160706
2025,JUN,Office of Field Operations,Northern Border,Other,PORTLAND FIELD OFFICE,Cocaine,1,6.8122838958
2025,JUN,Office of Field Operations,Northern Border,Other,PORTLAND FIELD OFFICE,Marijuana,9,70.1138556923482
2025,JUN,Office of Field Operations,Northern Border,Other,PORTLAND FIELD OFFICE,Methamphetamine,6,28.507093250172
2025,JUN,Office of Field Operations,Northern Border,Other,PORTLAND FIELD OFFICE,Other Drugs**,2,1.4285954577600002
2025,JUN,Office of Field Operations,Northern Border,Other,SEATTLE FIELD OFFICE,Cocaine,1,2.2487150724
2025,JUN,Office of Field Operations,Northern Border,Other,SEATTLE FIELD OFFICE,Ketamine,1,11.684499886
2025,JUN,Office of Field Operations,Northern Border,Other,SEATTLE FIELD OFFICE,Marijuana,19,9.0887551669858
2025,JUN,Office of Field Operations,Northern Border,Other,SEATTLE FIELD OFFICE,Other Drugs**,5,1.119507366436
2025,JUN,Office of Field Operations,Southwest Border,Land Only,EL PASO FIELD OFFICE,Cocaine,22,918.790784885804
2025,JUN,Office of Field Operations,Southwest Border,Land Only,EL PASO FIELD OFFICE,Fentanyl,4,20.772505481295003
2025,JUN,Office of Field Operations,Southwest Border,Land Only,EL PASO FIELD OFFICE,Marijuana,30,1.0998421326656
2025,JUN,Office of Field Operations,Southwest Border,Land Only,EL PASO FIELD OFFICE,Methamphetamine,10,309.0691536156942
2025,JUN,Office of Field Operations,Southwest Border,Land Only,EL PASO FIELD OFFICE,Other Drugs**,13,9.5940105790374
2025,JUN,Office of Field Operations,Southwest Border,Land Only,LAREDO FIELD OFFICE,Cocaine,19,1232.9138815342646
2025,JUN,Office of Field Operations,Southwest Border,Land Only,LAREDO FIELD OFFICE,Fentanyl,2,2.3574470600184
2025,JUN,Office of Field Operations,Southwest Border,Land Only,LAREDO FIELD OFFICE,Heroin,1,11.7285923384
2025,JUN,Office of Field Operations,Southwest Border,Land Only,LAREDO FIELD OFFICE,Marijuana,15,195.8641630711238
2025,JUN,Office of Field Operations,Southwest Border,Land Only,LAREDO FIELD OFFICE,Methamphetamine,11,6087.955133999
2025,JUN,Office of Field Operations,Southwest Border,Land Only,LAREDO FIELD OFFICE,Other Drugs**,30,6.2458502060434
2025,JUN,Office of Field Operations,Southwest Border,Land Only,SAN DIEGO FIELD OFFICE,Cocaine,26,1333.8615450974803
2025,JUN,Office of Field Operations,Southwest Border,Land Only,SAN DIEGO FIELD OFFICE,Fentanyl,16,194.685373402436
2025,JUN,Office of Field Operations,Southwest Border,Land Only,SAN DIEGO FIELD OFFICE,Heroin,5,21.96575747437
2025,JUN,Office of Field Operations,Southwest Border,Land Only,SAN DIEGO FIELD OFFICE,Marijuana,33,2.1446348385098
2025,JUN,Office of Field Operations,Southwest Border,Land Only,SAN DIEGO FIELD OFFICE,Methamphetamine,61,7729.799769470884
2025,JUN,Office of Field Operations,Southwest Border,Land Only,SAN DIEGO FIELD OFFICE,Other Drugs**,25,40.24633391582661
2025,JUN,Office of Field Operations,Southwest Border,Land Only,TUCSON FIELD OFFICE,Cocaine,12,228.3268343185522
2025,JUN,Office of Field Operations,Southwest Border,Land Only,TUCSON FIELD OFFICE,Fentanyl,10,308.984914985384
2025,JUN,Office of Field Operations,Southwest Border,Land Only,TUCSON FIELD OFFICE,Heroin,1,0.235674158078
2025,JUN,Office of Field Operations,Southwest Border,Land Only,TUCSON FIELD OFFICE,Marijuana,10,0.4243237156714
2025,JUN,Office of Field Operations,Southwest Border,Land Only,TUCSON FIELD OFFICE,Methamphetamine,21,1271.668986663697
2025,JUN,Office of Field Operations,Southwest Border,Land Only,TUCSON FIELD OFFICE,Other Drugs**,1,0.0011684499886
2025,JUN,Office of Field Operations,Southwest Border,Other,EL PASO FIELD OFFICE,Fentanyl,1,0.06503636729
2025,JUN,Office of Field Operations,Southwest Border,Other,EL PASO FIELD OFFICE,Marijuana,2,0.00771617917
2025,JUN,Office of Field Operations,Southwest Border,Other,SAN DIEGO FIELD OFFICE,Marijuana,1,0.00220462262
2025,JUN,Office of Field Operations,Southwest Border,Other,SAN DIEGO FIELD OFFICE,Methamphetamine,1,3.30693393
2025,JUN,Office of Field Operations,Southwest Border,Other,SAN DIEGO FIELD OFFICE,Other Drugs**,1,0.170417328526
2025,JUN,Office of Field Operations,Southwest Border,Other,TUCSON FIELD OFFICE,Cocaine,2,12.1755134359264
2025,JUN,Office of Field Operations,Southwest Border,Other,TUCSON FIELD OFFICE,Marijuana,2,0.310190402634
2025,JUN,Office of Field Operations,Southwest Border,Other,TUCSON FIELD OFFICE,Other Drugs**,1,1.236352365296
2025,JUN,U.S. Border Patrol,Coastal/Interior,Other,MIAMI SECTOR,Cocaine,2,3.0826
2025,JUN,U.S. Border Patrol,Coastal/Interior,Other,MIAMI SECTOR,Marijuana,3,42.0935
2025,JUN,U.S. Border Patrol,Coastal/Interior,Other,MIAMI SECTOR,Other Drugs**,1,0.2205
2025,JUN,U.S. Border Patrol,Coastal/Interior,Other,NEW ORLEANS SECTOR,Cocaine,1,0.0044
2025,JUN,U.S. Border Patrol,Coastal/Interior,Other,NEW ORLEANS SECTOR,Fentanyl,1,0.3483
2025,JUN,U.S. Border Patrol,Coastal/Interior,Other,NEW ORLEANS SECTOR,Marijuana,1,0.0353
2025,JUN,U.S. Border Patrol,Coastal/Interior,Other,RAMEY SECTOR,Cocaine,4,1056.6337
2025,JUN,U.S. Border Patrol,Coastal/Interior,Other,RAMEY SECTOR,Marijuana,1,0.0132
2025,JUN,U.S. Border Patrol,Northern Border,Land Only,BLAINE SECTOR,Cocaine,1,2.205
2025,JUN,U.S. Border Patrol,Northern Border,Land Only,BLAINE SECTOR,Marijuana,1,0.2756
2025,JUN,U.S. Border Patrol,Northern Border,Land Only,BLAINE SECTOR,Other Drugs**,2,0.2517
2025,JUN,U.S. Border Patrol,Northern Border,Land Only,BUFFALO SECTOR,Cocaine,2,0.1887
2025,JUN,U.S. Border Patrol,Northern Border,Land Only,BUFFALO SECTOR,Marijuana,6,199.4201
2025,JUN,U.S. Border Patrol,Northern Border,Land Only,DETROIT SECTOR,Cocaine,2,1.1414
2025,JUN,U.S. Border Patrol,Northern Border,Land Only,DETROIT SECTOR,Marijuana,7,27.8001
2025,JUN,U.S. Border Patrol,Northern Border,Land Only,DETROIT SECTOR,Other Drugs**,1,0.6459
2025,JUN,U.S. Border Patrol,Northern Border,Land Only,HOULTON SECTOR,Cocaine,1,0.0004
2025,JUN,U.S. Border Patrol,Northern Border,Land Only,HOULTON SECTOR,Marijuana,2,0.0134
2025,JUN,U.S. Border Patrol,Northern Border,Land Only,SPOKANE SECTOR,Cocaine,1,0.1847
2025,JUN,U.S. Border Patrol,Northern Border,Land Only,SPOKANE SECTOR,Fentanyl,3,3.5258000000000003
2025,JUN,U.S. Border Patrol,Northern Border,Land Only,SPOKANE SECTOR,Methamphetamine,5,4.928800000000001
2025,JUN,U.S. Border Patrol,Northern Border,Land Only,SPOKANE SECTOR,Other Drugs**,2,0.1336999999999999
2025,JUN,U.S. Border Patrol,Northern Border,Land Only,SWANTON SECTOR,Cocaine,1,0.0053
2025,JUN,U.S. Border Patrol,Northern Border,Land Only,SWANTON SECTOR,Marijuana,1,0.1287
2025,JUN,U.S. Border Patrol,Southwest Border,Land Only,BIG BEND SECTOR,Cocaine,2,7.766500000000001
2025,JUN,U.S. Border Patrol,Southwest Border,Land Only,BIG BEND SECTOR,Marijuana,78,94.0485
2025,JUN,U.S. Border Patrol,Southwest Border,Land Only,BIG BEND SECTOR,Methamphetamine,6,0.3101
2025,JUN,U.S. Border Patrol,Southwest Border,Land Only,BIG BEND SECTOR,Other Drugs**,6,1.2538
2025,JUN,U.S. Border Patrol,Southwest Border,Land Only,DEL RIO SECTOR,Cocaine,2,0.0028
2025,JUN,U.S. Border Patrol,Southwest Border,Land Only,DEL RIO SECTOR,Marijuana,25,0.5604
2025,JUN,U.S. Border Patrol,Southwest Border,Land Only,DEL RIO SECTOR,Methamphetamine,2,0.0093
2025,JUN,U.S. Border Patrol,Southwest Border,Land Only,DEL RIO SECTOR,Other Drugs**,1,0.0287
2025,JUN,U.S. Border Patrol,Southwest Border,Land Only,EL CENTRO SECTOR,Cocaine,1,6.7914
2025,JUN,U.S. Border Patrol,Southwest Border,Land Only,EL CENTRO SECTOR,Fentanyl,8,0.0745
2025,JUN,U.S. Border Patrol,Southwest Border,Land Only,EL CENTRO SECTOR,Heroin,1,0.1411
2025,JUN,U.S. Border Patrol,Southwest Border,Land Only,EL CENTRO SECTOR,Marijuana,2,0.0491999999999999
2025,JUN,U.S. Border Patrol,Southwest Border,Land Only,EL CENTRO SECTOR,Methamphetamine,16,551.2453
2025,JUN,U.S. Border Patrol,Southwest Border,Land Only,EL CENTRO SECTOR,Other Drugs**,4,0.0788
2025,JUN,U.S. Border Patrol,Southwest Border,Land Only,EL PASO SECTOR,Cocaine,5,32.1938
2025,JUN,U.S. Border Patrol,Southwest Border,Land Only,EL PASO SECTOR,Fentanyl,2,0.1852
2025,JUN,U.S. Border Patrol,Southwest Border,Land Only,EL PASO SECTOR,Marijuana,13,147.943
2025,JUN,U.S. Border Patrol,Southwest Border,Land Only,EL PASO SECTOR,Methamphetamine,2,0.9778
2025,JUN,U.S. Border Patrol,Southwest Border,Land Only,EL PASO SECTOR,Other Drugs**,1,3.7485
2025,JUN,U.S. Border Patrol,Southwest Border,Land Only,LAREDO SECTOR,Cocaine,2,0.0434
2025,JUN,U.S. Border Patrol,Southwest Border,Land Only,LAREDO SECTOR,Marijuana,17,145.8621
2025,JUN,U.S. Border Patrol,Southwest Border,Land Only,LAREDO SECTOR,Methamphetamine,2,0.0088
2025,JUN,U.S. Border Patrol,Southwest Border,Land Only,LAREDO SECTOR,Other Drugs**,3,0.1464
2025,JUN,U.S. Border Patrol,Southwest Border,Land Only,RIO GRANDE VALLEY SECTOR,Cocaine,3,155.7612
2025,JUN,U.S. Border Patrol,Southwest Border,Land Only,RIO GRANDE VALLEY SECTOR,Marijuana,51,2505.3259
2025,JUN,U.S. Border Patrol,Southwest Border,Land Only,RIO GRANDE VALLEY SECTOR,Methamphetamine,4,0.011
2025,JUN,U.S. Border Patrol,Southwest Border,Land Only,RIO GRANDE VALLEY SECTOR,Other Drugs**,1,0.0066
2025,JUN,U.S. Border Patrol,Southwest Border,Land Only,SAN DIEGO SECTOR,Cocaine,6,482.1238
2025,JUN,U.S. Border Patrol,Southwest Border,Land Only,SAN DIEGO SECTOR,Fentanyl,4,136.20229999999998
2025,JUN,U.S. Border Patrol,Southwest Border,Land Only,SAN DIEGO SECTOR,Marijuana,5,45.2719
2025,JUN,U.S. Border Patrol,Southwest Border,Land Only,SAN DIEGO SECTOR,Methamphetamine,10,7844.9622
2025,JUN,U.S. Border Patrol,Southwest Border,Land Only,SAN DIEGO SECTOR,Other Drugs**,1,0.0463
2025,JUN,U.S. Border Patrol,Southwest Border,Land Only,TUCSON SECTOR,Cocaine,2,0.2942
2025,JUN,U.S. Border Patrol,Southwest Border,Land Only,TUCSON SECTOR,Fentanyl,4,68.9201
2025,JUN,U.S. Border Patrol,Southwest Border,Land Only,TUCSON SECTOR,Marijuana,19,41.7182
2025,JUN,U.S. Border Patrol,Southwest Border,Land Only,TUCSON SECTOR,Methamphetamine,3,57.0826
2025,JUN,U.S. Border Patrol,Southwest Border,Land Only,TUCSON SECTOR,Other Drugs**,1,0.3161
2025,JUN,U.S. Border Patrol,Southwest Border,Land Only,YUMA SECTOR,Cocaine,1,0.011
2025,JUN,U.S. Border Patrol,Southwest Border,Land Only,YUMA SECTOR,Fentanyl,1,72.7518
2025,JUN,U.S. Border Patrol,Southwest Border,Land Only,YUMA SECTOR,Marijuana,5,0.3191
2025,JUN,U.S. Border Patrol,Southwest Border,Land Only,YUMA SECTOR,Methamphetamine,1,0.0309
2025,JUN,U.S. Border Patrol,Southwest Border,Land Only,YUMA SECTOR,Other Drugs**,1,0.5
2025,MAR,Office of Field Operations,Coastal/Interior,Other,ATLANTA FIELD OFFICE,Cocaine,1,0.003086471668
2025,MAR,Office of Field Operations,Coastal/Interior,Other,ATLANTA FIELD OFFICE,Fentanyl,2,0.9241337098516
2025,MAR,Office of Field Operations,Coastal/Interior,Other,ATLANTA FIELD OFFICE,Marijuana,10,78.223537953792
2025,MAR,Office of Field Operations,Coastal/Interior,Other,ATLANTA FIELD OFFICE,Other Drugs**,11,4.2423112152136
2025,MAR,Office of Field Operations,Coastal/Interior,Other,BALTIMORE FIELD OFFICE,Cocaine,6,28.9528458977098
2025,MAR,Office of Field Operations,Coastal/Interior,Other,BALTIMORE FIELD OFFICE,Ecstasy,3,2.123712969846
2025,MAR,Office of Field Operations,Coastal/Interior,Other,BALTIMORE FIELD OFFICE,Fentanyl,1,2.20462262
2025,MAR,Office of Field Operations,Coastal/Interior,Other,BALTIMORE FIELD OFFICE,Heroin,1,2.20462262
2025,MAR,Office of Field Operations,Coastal/Interior,Other,BALTIMORE FIELD OFFICE,Lsd,3,1.206810422188
2025,MAR,Office of Field Operations,Coastal/Interior,Other,BALTIMORE FIELD OFFICE,Marijuana,26,46.5344687837216
2025,MAR,Office of Field Operations,Coastal/Interior,Other,BALTIMORE FIELD OFFICE,Other Drugs**,48,83.070070090469
2025,MAR,Office of Field Operations,Coastal/Interior,Other,CHICAGO FIELD OFFICE,Cocaine,17,123.120016223306
2025,MAR,Office of Field Operations,Coastal/Interior,Other,CHICAGO FIELD OFFICE,Ecstasy,19,26.7504940390084
2025,MAR,Office of Field Operations,Coastal/Interior,Other,CHICAGO FIELD OFFICE,Fentanyl,2,1.108263791074
2025,MAR,Office of Field Operations,Coastal/Interior,Other,CHICAGO FIELD OFFICE,Ketamine,15,38.1045650867228
2025,MAR,Office of Field Operations,Coastal/Interior,Other,CHICAGO FIELD OFFICE,Khat (Catha Edulis),21,2323.121085825
2025,MAR,Office of Field Operations,Coastal/Interior,Other,CHICAGO FIELD OFFICE,Lsd,1,0.003086471668
2025,MAR,Office of Field Operations,Coastal/Interior,Other,CHICAGO FIELD OFFICE,Marijuana,598,2990.901475839036
2025,MAR,Office of Field Operations,Coastal/Interior,Other,CHICAGO FIELD OFFICE,Methamphetamine,21,669.255525055304
2025,MAR,Office of Field Operations,Coastal/Interior,Other,CHICAGO FIELD OFFICE,Other Drugs**,225,523.2386730865234
2025,MAR,Office of Field Operations,Coastal/Interior,Other,HOUSTON FIELD OFFICE,Cocaine,3,5.9606602239202
2025,MAR,Office of Field Operations,Coastal/Interior,Other,HOUSTON FIELD OFFICE,Ecstasy,1,0.0037037660016
2025,MAR,Office of Field Operations,Coastal/Interior,Other,HOUSTON FIELD OFFICE,Ketamine,3,0.0606271220499999
2025,MAR,Office of Field Operations,Coastal/Interior,Other,HOUSTON FIELD OFFICE,Marijuana,53,179.99030700524258
2025,MAR,Office of Field Operations,Coastal/Interior,Other,HOUSTON FIELD OFFICE,Methamphetamine,1,0.0015873282864
2025,MAR,Office of Field Operations,Coastal/Interior,Other,HOUSTON FIELD OFFICE,Other Drugs**,104,167.709500792985
2025,MAR,Office of Field Operations,Coastal/Interior,Other,LOS ANGELES FIELD OFFICE,Cocaine,7,24.703898768410003
2025,MAR,Office of Field Operations,Coastal/Interior,Other,LOS ANGELES FIELD OFFICE,Ecstasy,7,5.71548414235
2025,MAR,Office of Field Operations,Coastal/Interior,Other,LOS ANGELES FIELD OFFICE,Heroin,1,0.004629707502
2025,MAR,Office of Field Operations,Coastal/Interior,Other,LOS ANGELES FIELD OFFICE,Ketamine,9,23.119656953678
2025,MAR,Office of Field Operations,Coastal/Interior,Other,LOS ANGELES FIELD OFFICE,Lsd,3,0.0057320188119999
2025,MAR,Office of Field Operations,Coastal/Interior,Other,LOS ANGELES FIELD OFFICE,Marijuana,102,4314.652026353089
2025,MAR,Office of Field Operations,Coastal/Interior,Other,LOS ANGELES FIELD OFFICE,Methamphetamine,14,77.633140016156
2025,MAR,Office of Field Operations,Coastal/Interior,Other,LOS ANGELES FIELD OFFICE,Other Drugs**,81,637.75984538146
2025,MAR,Office of Field Operations,Coastal/Interior,Other,MIAMI FIELD OFFICE,Cocaine,17,31.8988169661372
2025,MAR,Office of Field Operations,Coastal/Interior,Other,MIAMI FIELD OFFICE,Ecstasy,14,1.860921953542
2025,MAR,Office of Field Operations,Coastal/Interior,Other,MIAMI FIELD OFFICE,Fentanyl,5,7.3634395508
2025,MAR,Office of Field Operations,Coastal/Interior,Other,MIAMI FIELD OFFICE,Heroin,1,0.28439631798
2025,MAR,Office of Field Operations,Coastal/Interior,Other,MIAMI FIELD OFFICE,Ketamine,5,4.3761759007
2025,MAR,Office of Field Operations,Coastal/Interior,Other,MIAMI FIELD OFFICE,Marijuana,294,1309.0503914386074
2025,MAR,Office of Field Operations,Coastal/Interior,Other,MIAMI FIELD OFFICE,Methamphetamine,8,4.953125640354
2025,MAR,Office of Field Operations,Coastal/Interior,Other,MIAMI FIELD OFFICE,Other Drugs**,419,364.2941124900986
2025,MAR,Office of Field Operations,Coastal/Interior,Other,NEW ORLEANS FIELD OFFICE,Cocaine,4,6.574625577364
2025,MAR,Office of Field Operations,Coastal/Interior,Other,NEW ORLEANS FIELD OFFICE,Ketamine,5,56.6918706733
2025,MAR,Office of Field Operations,Coastal/Interior,Other,NEW ORLEANS FIELD OFFICE,Lsd,1,0.011464037624
2025,MAR,Office of Field Operations,Coastal/Interior,Other,NEW ORLEANS FIELD OFFICE,Marijuana,144,1680.628356602924
2025,MAR,Office of Field Operations,Coastal/Interior,Other,NEW ORLEANS FIELD OFFICE,Methamphetamine,11,178.58986457834
2025,MAR,Office of Field Operations,Coastal/Interior,Other,NEW ORLEANS FIELD OFFICE,Other Drugs**,33,147.6342513077174
2025,MAR,Office of Field Operations,Coastal/Interior,Other,NEW YORK FIELD OFFICE,Cocaine,9,287.064352274724
2025,MAR,Office of Field Operations,Coastal/Interior,Other,NEW YORK FIELD OFFICE,Ecstasy,26,9.645444424762
2025,MAR,Office of Field Operations,Coastal/Interior,Other,NEW YORK FIELD OFFICE,Fentanyl,14,1.562195588532
2025,MAR,Office of Field Operations,Coastal/Interior,Other,NEW YORK FIELD OFFICE,Heroin,3,0.01763698096
2025,MAR,Office of Field Operations,Coastal/Interior,Other,NEW YORK FIELD OFFICE,Ketamine,20,47.6103907609602
2025,MAR,Office of Field Operations,Coastal/Interior,Other,NEW YORK FIELD OFFICE,Khat (Catha Edulis),4,3042.3792156
2025,MAR,Office of Field Operations,Coastal/Interior,Other,NEW YORK FIELD OFFICE,Lsd,2,0.008157103694
2025,MAR,Office of Field Operations,Coastal/Interior,Other,NEW YORK FIELD OFFICE,Marijuana,90,2079.448997806164
2025,MAR,Office of Field Operations,Coastal/Interior,Other,NEW YORK FIELD OFFICE,Methamphetamine,4,0.041226442994
2025,MAR,Office of Field Operations,Coastal/Interior,Other,NEW YORK FIELD OFFICE,Other Drugs**,519,3020.031176563322
2025,MAR,Office of Field Operations,Coastal/Interior,Other,PRECLEARANCE FIELD OFFICE,Cocaine,1,0.00220462262
2025,MAR,Office of Field Operations,Coastal/Interior,Other,PRECLEARANCE FIELD OFFICE,Marijuana,19,1.6728455978298
2025,MAR,Office of Field Operations,Coastal/Interior,Other,PRECLEARANCE FIELD OFFICE,Methamphetamine,1,0.00220462262
2025,MAR,Office of Field Operations,Coastal/Interior,Other,PRECLEARANCE FIELD OFFICE,Other Drugs**,4,0.0637135937179999
2025,MAR,Office of Field Operations,Coastal/Interior,Other,SAN FRANCISCO FIELD OFFICE,Cocaine,7,24.6587921896048
2025,MAR,Office of Field Operations,Coastal/Interior,Other,SAN FRANCISCO FIELD OFFICE,Lsd,1,0.00220462262
2025,MAR,Office of Field Operations,Coastal/Interior,Other,SAN FRANCISCO FIELD OFFICE,Marijuana,41,1557.6249649162162
2025,MAR,Office of Field Operations,Coastal/Interior,Other,SAN FRANCISCO FIELD OFFICE,Methamphetamine,28,126.19700801404
2025,MAR,Office of Field Operations,Coastal/Interior,Other,SAN FRANCISCO FIELD OFFICE,Other Drugs**,37,59.887250698728
2025,MAR,Office of Field Operations,Coastal/Interior,Other,SAN JUAN FIELD OFFICE,Cocaine,10,292.188777092652
2025,MAR,Office of Field Operations,Coastal/Interior,Other,SAN JUAN FIELD OFFICE,Fentanyl,2,1.9340272396212
2025,MAR,Office of Field Operations,Coastal/Interior,Other,SAN JUAN FIELD OFFICE,Marijuana,128,311.339562174675
2025,MAR,Office of Field Operations,Coastal/Interior,Other,SAN JUAN FIELD OFFICE,Methamphetamine,1,0.136025215654
2025,MAR,Office of Field Operations,Coastal/Interior,Other,SAN JUAN FIELD OFFICE,Other Drugs**,3,0.495819627238
2025,MAR,Office of Field Operations,Coastal/Interior,Other,TAMPA FIELD OFFICE,Cocaine,1,2.3368999772
2025,MAR,Office of Field Operations,Coastal/Interior,Other,TAMPA FIELD OFFICE,Fentanyl,4,5.30652664634
2025,MAR,Office of Field Operations,Coastal/Interior,Other,TAMPA FIELD OFFICE,Marijuana,11,2.15391629974
2025,MAR,Office of Field Operations,Coastal/Interior,Other,TAMPA FIELD OFFICE,Methamphetamine,2,56.9674485008
2025,MAR,Office of Field Operations,Coastal/Interior,Other,TAMPA FIELD OFFICE,Other Drugs**,19,5.1601176581458
2025,MAR,Office of Field Operations,Northern Border,Land Only,BOSTON FIELD OFFICE,Lsd,1,0.000440924524
2025,MAR,Office of Field Operations,Northern Border,Land Only,BOSTON FIELD OFFICE,Marijuana,23,1.7667404752156
2025,MAR,Office of Field Operations,Northern Border,Land Only,BOSTON FIELD OFFICE,Methamphetamine,1,0.001984160358
2025,MAR,Office of Field Operations,Northern Border,Land Only,BOSTON FIELD OFFICE,Other Drugs**,2,0.016755131912
2025,MAR,Office of Field Operations,Northern Border,Land Only,BUFFALO FIELD OFFICE,Cocaine,5,0.106593503677
2025,MAR,Office of Field Operations,Northern Border,Land Only,BUFFALO FIELD OFFICE,Ecstasy,1,0.000440924524
2025,MAR,Office of Field Operations,Northern Border,Land Only,BUFFALO FIELD OFFICE,Marijuana,61,6.8099910882752
2025,MAR,Office of Field Operations,Northern Border,Land Only,BUFFALO FIELD OFFICE,Other Drugs**,10,0.8845607338226
2025,MAR,Office of Field Operations,Northern Border,Land Only,DETROIT FIELD OFFICE,Cocaine,4,116.8562865278144
2025,MAR,Office of Field Operations,Northern Border,Land Only,DETROIT FIELD OFFICE,Ecstasy,2,0.0033730726086
2025,MAR,Office of Field Operations,Northern Border,Land Only,DETROIT FIELD OFFICE,Ketamine,1,0.0008598028218
2025,MAR,Office of Field Operations,Northern Border,Land Only,DETROIT FIELD OFFICE,Khat (Catha Edulis),1,0.0475316636872
2025,MAR,Office of Field Operations,Northern Border,Land Only,DETROIT FIELD OFFICE,Marijuana,139,13.4984413315098
2025,MAR,Office of Field Operations,Northern Border,Land Only,DETROIT FIELD OFFICE,Methamphetamine,2,0.0024030386558
2025,MAR,Office of Field Operations,Northern Border,Land Only,DETROIT FIELD OFFICE,Other Drugs**,97,11.0584311543724
2025,MAR,Office of Field Operations,Northern Border,Land Only,SEATTLE FIELD OFFICE,Cocaine,1,0.1624145484154
2025,MAR,Office of Field Operations,Northern Border,Land Only,SEATTLE FIELD OFFICE,Marijuana,113,8.2337584224974
2025,MAR,Office of Field Operations,Northern Border,Land Only,SEATTLE FIELD OFFICE,Methamphetamine,1,0.007054792384
2025,MAR,Office of Field Operations,Northern Border,Land Only,SEATTLE FIELD OFFICE,Other Drugs**,3,1.704503978653
2025,MAR,Office of Field Operations,Northern Border,Other,BOSTON FIELD OFFICE,Cocaine,1,0.003747858454
2025,MAR,Office of Field Operations,Northern Border,Other,BOSTON FIELD OFFICE,Marijuana,10,58.91413027426
2025,MAR,Office of Field Operations,Northern Border,Other,BOSTON FIELD OFFICE,Other Drugs**,10,10.538537048124
2025,MAR,Office of Field Operations,Northern Border,Other,BUFFALO FIELD OFFICE,Cocaine,1,0.019400679056
2025,MAR,Office of Field Operations,Northern Border,Other,BUFFALO FIELD OFFICE,Ecstasy,2,0.666677880288
2025,MAR,Office of Field Operations,Northern Border,Other,BUFFALO FIELD OFFICE,Heroin,1,0.042549216566
2025,MAR,Office of Field Operations,Northern Border,Other,BUFFALO FIELD OFFICE,Ketamine,1,0.008157103694
2025,MAR,Office of Field Operations,Northern Border,Other,BUFFALO FIELD OFFICE,Marijuana,10,5.045940252656
2025,MAR,Office of Field Operations,Northern Border,Other,BUFFALO FIELD OFFICE,Methamphetamine,2,0.0130072734579999
2025,MAR,Office of Field Operations,Northern Border,Other,BUFFALO FIELD OFFICE,Other Drugs**,59,21.395311371445
2025,MAR,Office of Field Operations,Northern Border,Other,DETROIT FIELD OFFICE,Ketamine,1,1.167788601814
2025,MAR,Office of Field Operations,Northern Border,Other,DETROIT FIELD OFFICE,Marijuana,8,6.660231073698601
2025,MAR,Office of Field Operations,Northern Border,Other,DETROIT FIELD OFFICE,Methamphetamine,1,0.727745926862
2025,MAR,Office of Field Operations,Northern Border,Other,DETROIT FIELD OFFICE,Other Drugs**,15,8.0868203248744
2025,MAR,Office of Field Operations,Northern Border,Other,PORTLAND FIELD OFFICE,Marijuana,4,147.194715695968
2025,MAR,Office of Field Operations,Northern Border,Other,PORTLAND FIELD OFFICE,Methamphetamine,2,52.9329891062
2025,MAR,Office of Field Operations,Northern Border,Other,PORTLAND FIELD OFFICE,Other Drugs**,7,6.328148768448
2025,MAR,Office of Field Operations,Northern Border,Other,SEATTLE FIELD OFFICE,Ecstasy,2,1.176827554556
2025,MAR,Office of Field Operations,Northern Border,Other,SEATTLE FIELD OFFICE,Ketamine,1,0.059304348478
2025,MAR,Office of Field Operations,Northern Border,Other,SEATTLE FIELD OFFICE,Lsd,1,0.00220462262
2025,MAR,Office of Field Operations,Northern Border,Other,SEATTLE FIELD OFFICE,Marijuana,13,58.3904662633314
2025,MAR,Office of Field Operations,Northern Border,Other,SEATTLE FIELD OFFICE,Other Drugs**,7,9.548110336089
2025,MAR,Office of Field Operations,Southwest Border,Land Only,EL PASO FIELD OFFICE,Cocaine,11,117.4899171150286
2025,MAR,Office of Field Operations,Southwest Border,Land Only,EL PASO FIELD OFFICE,Fentanyl,8,4.5726298223682
2025,MAR,Office of Field Operations,Southwest Border,Land Only,EL PASO FIELD OFFICE,Marijuana,54,158.1845610406322
2025,MAR,Office of Field Operations,Southwest Border,Land Only,EL PASO FIELD OFFICE,Methamphetamine,15,107.5370601121338
2025,MAR,Office of Field Operations,Southwest Border,Land Only,EL PASO FIELD OFFICE,Other Drugs**,17,17.837381156158003
2025,MAR,Office of Field Operations,Southwest Border,Land Only,LAREDO FIELD OFFICE,Cocaine,14,1075.7908683313883
2025,MAR,Office of Field Operations,Southwest Border,Land Only,LAREDO FIELD OFFICE,Marijuana,24,48.85706076011781
2025,MAR,Office of Field Operations,Southwest Border,Land Only,LAREDO FIELD OFFICE,Methamphetamine,10,2703.1747667443587
2025,MAR,Office of Field Operations,Southwest Border,Land Only,LAREDO FIELD OFFICE,Other Drugs**,35,8.4852397247608
2025,MAR,Office of Field Operations,Southwest Border,Land Only,SAN DIEGO FIELD OFFICE,Cocaine,39,2133.152282055792
2025,MAR,Office of Field Operations,Southwest Border,Land Only,SAN DIEGO FIELD OFFICE,Fentanyl,20,239.243883024304
2025,MAR,Office of Field Operations,Southwest Border,Land Only,SAN DIEGO FIELD OFFICE,Heroin,7,27.996282189118
2025,MAR,Office of Field Operations,Southwest Border,Land Only,SAN DIEGO FIELD OFFICE,Marijuana,29,1.3877217543852
2025,MAR,Office of Field Operations,Southwest Border,Land Only,SAN DIEGO FIELD OFFICE,Methamphetamine,60,8781.918877205868
2025,MAR,Office of Field Operations,Southwest Border,Land Only,SAN DIEGO FIELD OFFICE,Other Drugs**,30,13.8123134539192
2025,MAR,Office of Field Operations,Southwest Border,Land Only,TUCSON FIELD OFFICE,Cocaine,8,116.6149685358292
2025,MAR,Office of Field Operations,Southwest Border,Land Only,TUCSON FIELD OFFICE,Fentanyl,5,429.5486712808
2025,MAR,Office of Field Operations,Southwest Border,Land Only,TUCSON FIELD OFFICE,Marijuana,13,1.1161783862798
2025,MAR,Office of Field Operations,Southwest Border,Land Only,TUCSON FIELD OFFICE,Methamphetamine,14,816.3678760501888
2025,MAR,Office of Field Operations,Southwest Border,Land Only,TUCSON FIELD OFFICE,Other Drugs**,3,0.392863750884
2025,MAR,Office of Field Operations,Southwest Border,Other,EL PASO FIELD OFFICE,Fentanyl,1,1.3668660244
2025,MAR,Office of Field Operations,Southwest Border,Other,EL PASO FIELD OFFICE,Marijuana,1,0.000440924524
2025,MAR,Office of Field Operations,Southwest Border,Other,LAREDO FIELD OFFICE,Marijuana,1,0.1240761610536
2025,MAR,Office of Field Operations,Southwest Border,Other,LAREDO FIELD OFFICE,Methamphetamine,1,0.0049163084426
2025,MAR,Office of Field Operations,Southwest Border,Other,SAN DIEGO FIELD OFFICE,Marijuana,2,0.02535316013
2025,MAR,Office of Field Operations,Southwest Border,Other,SAN DIEGO FIELD OFFICE,Other Drugs**,2,1.77251658648
2025,MAR,Office of Field Operations,Southwest Border,Other,TUCSON FIELD OFFICE,Cocaine,2,0.0031526103465999
2025,MAR,Office of Field Operations,Southwest Border,Other,TUCSON FIELD OFFICE,Marijuana,7,1.132955564418
2025,MAR,Office of Field Operations,Southwest Border,Other,TUCSON FIELD OFFICE,Other Drugs**,1,0.349873609794
2025,MAR,U.S. Border Patrol,Coastal/Interior,Other,MIAMI SECTOR,Cocaine,2,4.6816
2025,MAR,U.S. Border Patrol,Coastal/Interior,Other,MIAMI SECTOR,Marijuana,12,108.5093
2025,MAR,U.S. Border Patrol,Coastal/Interior,Other,MIAMI SECTOR,Methamphetamine,3,54.9727
2025,MAR,U.S. Border Patrol,Coastal/Interior,Other,MIAMI SECTOR,Other Drugs**,2,0.0
2025,MAR,U.S. Border Patrol,Coastal/Interior,Other,NEW ORLEANS SECTOR,Cocaine,2,4.604
2025,MAR,U.S. Border Patrol,Coastal/Interior,Other,NEW ORLEANS SECTOR,Methamphetamine,2,3.0451
2025,MAR,U.S. Border Patrol,Coastal/Interior,Other,NEW ORLEANS SECTOR,Other Drugs**,2,4.7112
2025,MAR,U.S. Border Patrol,Coastal/Interior,Other,RAMEY SECTOR,Cocaine,3,497.0158
2025,MAR,U.S. Border Patrol,Northern Border,Land Only,BLAINE SECTOR,Marijuana,1,0.4683
2025,MAR,U.S. Border Patrol,Northern Border,Land Only,BLAINE SECTOR,Methamphetamine,1,0.0011
2025,MAR,U.S. Border Patrol,Northern Border,Land Only,BUFFALO SECTOR,Marijuana,1,63.7654
2025,MAR,U.S. Border Patrol,Northern Border,Land Only,BUFFALO SECTOR,Other Drugs**,1,90.5644
2025,MAR,U.S. Border Patrol,Northern Border,Land Only,DETROIT SECTOR,Marijuana,6,23.6923
2025,MAR,U.S. Border Patrol,Northern Border,Land Only,DETROIT SECTOR,Other Drugs**,1,2.2557
2025,MAR,U.S. Border Patrol,Northern Border,Land Only,GRAND FORKS SECTOR,Cocaine,1,0.2188
2025,MAR,U.S. Border Patrol,Northern Border,Land Only,GRAND FORKS SECTOR,Marijuana,1,2.2443
2025,MAR,U.S. Border Patrol,Northern Border,Land Only,GRAND FORKS SECTOR,Methamphetamine,2,4.5091
2025,MAR,U.S. Border Patrol,Northern Border,Land Only,HAVRE SECTOR,Fentanyl,2,0.0341
2025,MAR,U.S. Border Patrol,Northern Border,Land Only,HAVRE SECTOR,Marijuana,2,0.0435
2025,MAR,U.S. Border Patrol,Northern Border,Land Only,HOULTON SECTOR,Marijuana,1,0.0353
2025,MAR,U.S. Border Patrol,Northern Border,Land Only,HOULTON SECTOR,Methamphetamine,1,0.0011
2025,MAR,U.S. Border Patrol,Northern Border,Land Only,HOULTON SECTOR,Other Drugs**,1,0.1102
2025,MAR,U.S. Border Patrol,Northern Border,Land Only,SPOKANE SECTOR,Fentanyl,3,0.1484
2025,MAR,U.S. Border Patrol,Northern Border,Land Only,SPOKANE SECTOR,Marijuana,1,0.0882
2025,MAR,U.S. Border Patrol,Northern Border,Land Only,SPOKANE SECTOR,Methamphetamine,8,1.6601
2025,MAR,U.S. Border Patrol,Northern Border,Land Only,SWANTON SECTOR,Cocaine,1,0.0
2025,MAR,U.S. Border Patrol,Northern Border,Land Only,SWANTON SECTOR,Marijuana,3,401.2769
2025,MAR,U.S. Border Patrol,Southwest Border,Land Only,BIG BEND SECTOR,Cocaine,4,0.1347
2025,MAR,U.S. Border Patrol,Southwest Border,Land Only,BIG BEND SECTOR,Ecstasy,1,0.0243
2025,MAR,U.S. Border Patrol,Southwest Border,Land Only,BIG BEND SECTOR,Marijuana,123,84.5035
2025,MAR,U.S. Border Patrol,Southwest Border,Land Only,BIG BEND SECTOR,Methamphetamine,5,23.1208
2025,MAR,U.S. Border Patrol,Southwest Border,Land Only,BIG BEND SECTOR,Other Drugs**,10,8.637500000000001
2025,MAR,U.S. Border Patrol,Southwest Border,Land Only,DEL RIO SECTOR,Marijuana,9,0.2901
2025,MAR,U.S. Border Patrol,Southwest Border,Land Only,DEL RIO SECTOR,Methamphetamine,3,0.0248
2025,MAR,U.S. Border Patrol,Southwest Border,Land Only,DEL RIO SECTOR,Other Drugs**,2,0.033
2025,MAR,U.S. Border Patrol,Southwest Border,Land Only,EL CENTRO SECTOR,Cocaine,1,7.9821
2025,MAR,U.S. Border Patrol,Southwest Border,Land Only,EL CENTRO SECTOR,Fentanyl,8,5.3547
2025,MAR,U.S. Border Patrol,Southwest Border,Land Only,EL CENTRO SECTOR,Heroin,1,0.0008
2025,MAR,U.S. Border Patrol,Southwest Border,Land Only,EL CENTRO SECTOR,Marijuana,4,828.934
2025,MAR,U.S. Border Patrol,Southwest Border,Land Only,EL CENTRO SECTOR,Methamphetamine,15,446.3962
2025,MAR,U.S. Border Patrol,Southwest Border,Land Only,EL CENTRO SECTOR,Other Drugs**,1,0.0068
2025,MAR,U.S. Border Patrol,Southwest Border,Land Only,EL PASO SECTOR,Cocaine,1,0.0011
2025,MAR,U.S. Border Patrol,Southwest Border,Land Only,EL PASO SECTOR,Fentanyl,1,0.03
2025,MAR,U.S. Border Patrol,Southwest Border,Land Only,EL PASO SECTOR,Marijuana,15,37.5018
2025,MAR,U.S. Border Patrol,Southwest Border,Land Only,EL PASO SECTOR,Methamphetamine,1,0.003
2025,MAR,U.S. Border Patrol,Southwest Border,Land Only,EL PASO SECTOR,Other Drugs**,5,60.9972
2025,MAR,U.S. Border Patrol,Southwest Border,Land Only,LAREDO SECTOR,Cocaine,3,129.87890000000002
2025,MAR,U.S. Border Patrol,Southwest Border,Land Only,LAREDO SECTOR,Ecstasy,1,0.0022
2025,MAR,U.S. Border Patrol,Southwest Border,Land Only,LAREDO SECTOR,Heroin,2,0.0137
2025,MAR,U.S. Border Patrol,Southwest Border,Land Only,LAREDO SECTOR,Marijuana,23,57.0135
2025,MAR,U.S. Border Patrol,Southwest Border,Land Only,LAREDO SECTOR,Methamphetamine,2,0.0169
2025,MAR,U.S. Border Patrol,Southwest Border,Land Only,LAREDO SECTOR,Other Drugs**,3,0.3420999999999999
2025,MAR,U.S. Border Patrol,Southwest Border,Land Only,RIO GRANDE VALLEY SECTOR,Cocaine,5,4.979299999999999
2025,MAR,U.S. Border Patrol,Southwest Border,Land Only,RIO GRANDE VALLEY SECTOR,Ecstasy,2,0.011
2025,MAR,U.S. Border Patrol,Southwest Border,Land Only,RIO GRANDE VALLEY SECTOR,Marijuana,54,2366.2268
2025,MAR,U.S. Border Patrol,Southwest Border,Land Only,RIO GRANDE VALLEY SECTOR,Methamphetamine,2,0.0088
2025,MAR,U.S. Border Patrol,Southwest Border,Land Only,RIO GRANDE VALLEY SECTOR,Other Drugs**,7,1.1361
2025,MAR,U.S. Border Patrol,Southwest Border,Land Only,SAN DIEGO SECTOR,Cocaine,13,300.9999
2025,MAR,U.S. Border Patrol,Southwest Border,Land Only,SAN DIEGO SECTOR,Ecstasy,1,0.9722
2025,MAR,U.S. Border Patrol,Southwest Border,Land Only,SAN DIEGO SECTOR,Fentanyl,6,25.2759
2025,MAR,U.S. Border Patrol,Southwest Border,Land Only,SAN DIEGO SECTOR,Heroin,2,37.2575
2025,MAR,U.S. Border Patrol,Southwest Border,Land Only,SAN DIEGO SECTOR,Marijuana,6,9.3469
2025,MAR,U.S. Border Patrol,Southwest Border,Land Only,SAN DIEGO SECTOR,Methamphetamine,14,498.455
2025,MAR,U.S. Border Patrol,Southwest Border,Land Only,SAN DIEGO SECTOR,Other Drugs**,4,64.0221
2025,MAR,U.S. Border Patrol,Southwest Border,Land Only,TUCSON SECTOR,Cocaine,1,0.0023
2025,MAR,U.S. Border Patrol,Southwest Border,Land Only,TUCSON SECTOR,Fentanyl,3,0.1538
2025,MAR,U.S. Border Patrol,Southwest Border,Land Only,TUCSON SECTOR,Heroin,1,0.0
2025,MAR,U.S. Border Patrol,Southwest Border,Land Only,TUCSON SECTOR,Marijuana,18,0.9172
2025,MAR,U.S. Border Patrol,Southwest Border,Land Only,TUCSON SECTOR,Methamphetamine,7,123.275
2025,MAR,U.S. Border Patrol,Southwest Border,Land Only,TUCSON SECTOR,Other Drugs**,3,0.0499999999999999
2025,MAR,U.S. Border Patrol,Southwest Border,Land Only,YUMA SECTOR,Cocaine,1,0.0012
2025,MAR,U.S. Border Patrol,Southwest Border,Land Only,YUMA SECTOR,Fentanyl,1,36.5743
2025,MAR,U.S. Border Patrol,Southwest Border,Land Only,YUMA SECTOR,Heroin,1,10.2293
2025,MAR,U.S. Border Patrol,Southwest Border,Land Only,YUMA SECTOR,Marijuana,15,0.5949
2025,MAR,U.S. Border Patrol,Southwest Border,Land Only,YUMA SECTOR,Methamphetamine,2,0.0625
2025,MAR,U.S. Border Patrol,Southwest Border,Land Only,YUMA SECTOR,Other Drugs**,2,0.0298
2025,MAY,Office of Field Operations,Coastal/Interior,Other,ATLANTA FIELD OFFICE,Ketamine,1,0.391100052788
2025,MAY,Office of Field Operations,Coastal/Interior,Other,ATLANTA FIELD OFFICE,Marijuana,3,214.90110144105
2025,MAY,Office of Field Operations,Coastal/Interior,Other,ATLANTA FIELD OFFICE,Other Drugs**,3,2.897094584942
2025,MAY,Office of Field Operations,Coastal/Interior,Other,BALTIMORE FIELD OFFICE,Cocaine,4,74.569375961142
2025,MAY,Office of Field Operations,Coastal/Interior,Other,BALTIMORE FIELD OFFICE,Ketamine,1,6.8784225744
2025,MAY,Office of Field Operations,Coastal/Interior,Other,BALTIMORE FIELD OFFICE,Marijuana,27,1871.299310630372
2025,MAY,Office of Field Operations,Coastal/Interior,Other,BALTIMORE FIELD OFFICE,Methamphetamine,1,0.00440924524
2025,MAY,Office of Field Operations,Coastal/Interior,Other,BALTIMORE FIELD OFFICE,Other Drugs**,156,350.744215266638
2025,MAY,Office of Field Operations,Coastal/Interior,Other,CHICAGO FIELD OFFICE,Cocaine,16,49.252151179848
2025,MAY,Office of Field Operations,Coastal/Interior,Other,CHICAGO FIELD OFFICE,Ecstasy,14,10.3880274618566
2025,MAY,Office of Field Operations,Coastal/Interior,Other,CHICAGO FIELD OFFICE,Fentanyl,2,3.37086798598
2025,MAY,Office of Field Operations,Coastal/Interior,Other,CHICAGO FIELD OFFICE,Heroin,5,1.5554494433148
2025,MAY,Office of Field Operations,Coastal/Interior,Other,CHICAGO FIELD OFFICE,Ketamine,24,83.9787493957544
2025,MAY,Office of Field Operations,Coastal/Interior,Other,CHICAGO FIELD OFFICE,Khat (Catha Edulis),6,993.072259179
2025,MAY,Office of Field Operations,Coastal/Interior,Other,CHICAGO FIELD OFFICE,Lsd,2,0.0109569744214
2025,MAY,Office of Field Operations,Coastal/Interior,Other,CHICAGO FIELD OFFICE,Marijuana,429,3359.303748257921
2025,MAY,Office of Field Operations,Coastal/Interior,Other,CHICAGO FIELD OFFICE,Methamphetamine,32,343.174423038606
2025,MAY,Office of Field Operations,Coastal/Interior,Other,CHICAGO FIELD OFFICE,Other Drugs**,442,1090.471494450421
2025,MAY,Office of Field Operations,Coastal/Interior,Other,HOUSTON FIELD OFFICE,Cocaine,3,2.206386318096
2025,MAY,Office of Field Operations,Coastal/Interior,Other,HOUSTON FIELD OFFICE,Ecstasy,1,0.00110231131
2025,MAY,Office of Field Operations,Coastal/Interior,Other,HOUSTON FIELD OFFICE,Marijuana,28,20.8443320862546
2025,MAY,Office of Field Operations,Coastal/Interior,Other,HOUSTON FIELD OFFICE,Methamphetamine,2,0.4631912124619999
2025,MAY,Office of Field Operations,Coastal/Interior,Other,HOUSTON FIELD OFFICE,Other Drugs**,114,123.1739412925912
2025,MAY,Office of Field Operations,Coastal/Interior,Other,LOS ANGELES FIELD OFFICE,Cocaine,5,11.1271492414378
2025,MAY,Office of Field Operations,Coastal/Interior,Other,LOS ANGELES FIELD OFFICE,Ecstasy,2,0.00992080179
2025,MAY,Office of Field Operations,Coastal/Interior,Other,LOS ANGELES FIELD OFFICE,Ketamine,6,204.2803319692
2025,MAY,Office of Field Operations,Coastal/Interior,Other,LOS ANGELES FIELD OFFICE,Khat (Catha Edulis),4,168.102474775
2025,MAY,Office of Field Operations,Coastal/Interior,Other,LOS ANGELES FIELD OFFICE,Lsd,9,0.2314853750999999
2025,MAY,Office of Field Operations,Coastal/Interior,Other,LOS ANGELES FIELD OFFICE,Marijuana,57,2742.5103490096376
2025,MAY,Office of Field Operations,Coastal/Interior,Other,LOS ANGELES FIELD OFFICE,Methamphetamine,8,9.702764612882
2025,MAY,Office of Field Operations,Coastal/Interior,Other,LOS ANGELES FIELD OFFICE,Other Drugs**,91,105.341939415626
2025,MAY,Office of Field Operations,Coastal/Interior,Other,MIAMI FIELD OFFICE,Cocaine,15,64.03855509218799
2025,MAY,Office of Field Operations,Coastal/Interior,Other,MIAMI FIELD OFFICE,Ecstasy,8,0.1396407967508
2025,MAY,Office of Field Operations,Coastal/Interior,Other,MIAMI FIELD OFFICE,Ketamine,6,1.6349922274444
2025,MAY,Office of Field Operations,Coastal/Interior,Other,MIAMI FIELD OFFICE,Marijuana,222,997.9069304459814
2025,MAY,Office of Field Operations,Coastal/Interior,Other,MIAMI FIELD OFFICE,Methamphetamine,6,0.087743980276
2025,MAY,Office of Field Operations,Coastal/Interior,Other,MIAMI FIELD OFFICE,Other Drugs**,384,1101.6620706846363
2025,MAY,Office of Field Operations,Coastal/Interior,Other,NEW ORLEANS FIELD OFFICE,Cocaine,9,27.841738143456
2025,MAY,Office of Field Operations,Coastal/Interior,Other,NEW ORLEANS FIELD OFFICE,Ecstasy,3,0.671087125528
2025,MAY,Office of Field Operations,Coastal/Interior,Other,NEW ORLEANS FIELD OFFICE,Fentanyl,1,0.895738170506
2025,MAY,Office of Field Operations,Coastal/Interior,Other,NEW ORLEANS FIELD OFFICE,Ketamine,9,168.322937037
2025,MAY,Office of Field Operations,Coastal/Interior,Other,NEW ORLEANS FIELD OFFICE,Marijuana,208,1393.398106476045
2025,MAY,Office of Field Operations,Coastal/Interior,Other,NEW ORLEANS FIELD OFFICE,Methamphetamine,17,244.064290382934
2025,MAY,Office of Field Operations,Coastal/Interior,Other,NEW ORLEANS FIELD OFFICE,Other Drugs**,33,57.1719052025788
2025,MAY,Office of Field Operations,Coastal/Interior,Other,NEW YORK FIELD OFFICE,Cocaine,11,1488.897618435812
2025,MAY,Office of Field Operations,Coastal/Interior,Other,NEW YORK FIELD OFFICE,Ecstasy,18,1.9402442754096
2025,MAY,Office of Field Operations,Coastal/Interior,Other,NEW YORK FIELD OFFICE,Fentanyl,1,2.7998707274
2025,MAY,Office of Field Operations,Coastal/Interior,Other,NEW YORK FIELD OFFICE,Heroin,4,0.017857443222
2025,MAY,Office of Field Operations,Coastal/Interior,Other,NEW YORK FIELD OFFICE,Ketamine,22,282.8246204679758
2025,MAY,Office of Field Operations,Coastal/Interior,Other,NEW YORK FIELD OFFICE,Khat (Catha Edulis),5,3640.052407882
2025,MAY,Office of Field Operations,Coastal/Interior,Other,NEW YORK FIELD OFFICE,Lsd,10,0.9609729538318
2025,MAY,Office of Field Operations,Coastal/Interior,Other,NEW YORK FIELD OFFICE,Marijuana,65,2926.9281334839475
2025,MAY,Office of Field Operations,Coastal/Interior,Other,NEW YORK FIELD OFFICE,Methamphetamine,7,0.1053809612359999
2025,MAY,Office of Field Operations,Coastal/Interior,Other,NEW YORK FIELD OFFICE,Other Drugs**,676,1701.0389512349198
2025,MAY,Office of Field Operations,Coastal/Interior,Other,PRECLEARANCE FIELD OFFICE,Ecstasy,4,0.082011961464
2025,MAY,Office of Field Operations,Coastal/Interior,Other,PRECLEARANCE FIELD OFFICE,Ketamine,2,0.092373687778
2025,MAY,Office of Field Operations,Coastal/Interior,Other,PRECLEARANCE FIELD OFFICE,Lsd,1,0.0330693393
2025,MAY,Office of Field Operations,Coastal/Interior,Other,PRECLEARANCE FIELD OFFICE,Marijuana,19,1.3744499262128
2025,MAY,Office of Field Operations,Coastal/Interior,Other,PRECLEARANCE FIELD OFFICE,Other Drugs**,10,1.792799114584
2025,MAY,Office of Field Operations,Coastal/Interior,Other,SAN FRANCISCO FIELD OFFICE,Cocaine,4,7.523605384143
2025,MAY,Office of Field Operations,Coastal/Interior,Other,SAN FRANCISCO FIELD OFFICE,Fentanyl,1,0.436074354236
2025,MAY,Office of Field Operations,Coastal/Interior,Other,SAN FRANCISCO FIELD OFFICE,Ketamine,2,78.1979643314
2025,MAY,Office of Field Operations,Coastal/Interior,Other,SAN FRANCISCO FIELD OFFICE,Marijuana,57,452.1633373771408
2025,MAY,Office of Field Operations,Coastal/Interior,Other,SAN FRANCISCO FIELD OFFICE,Methamphetamine,20,171.913605898194
2025,MAY,Office of Field Operations,Coastal/Interior,Other,SAN FRANCISCO FIELD OFFICE,Other Drugs**,25,394.126117796212
2025,MAY,Office of Field Operations,Coastal/Interior,Other,SAN JUAN FIELD OFFICE,Cocaine,7,867.194480520336
2025,MAY,Office of Field Operations,Coastal/Interior,Other,SAN JUAN FIELD OFFICE,Ecstasy,1,0.001763698096
2025,MAY,Office of Field Operations,Coastal/Interior,Other,SAN JUAN FIELD OFFICE,Ketamine,1,0.011243575362
2025,MAY,Office of Field Operations,Coastal/Interior,Other,SAN JUAN FIELD OFFICE,Marijuana,85,267.8654182346802
2025,MAY,Office of Field Operations,Coastal/Interior,Other,SAN JUAN FIELD OFFICE,Other Drugs**,8,9.60995000058
2025,MAY,Office of Field Operations,Coastal/Interior,Other,TAMPA FIELD OFFICE,Cocaine,1,2.20462262
2025,MAY,Office of Field Operations,Coastal/Interior,Other,TAMPA FIELD OFFICE,Marijuana,12,91.3361703268018
2025,MAY,Office of Field Operations,Coastal/Interior,Other,TAMPA FIELD OFFICE,Methamphetamine,3,6.330794315592
2025,MAY,Office of Field Operations,Coastal/Interior,Other,TAMPA FIELD OFFICE,Other Drugs**,25,17.156152766578
2025,MAY,Office of Field Operations,Northern Border,Land Only,BOSTON FIELD OFFICE,Cocaine,1,0.01984160358
2025,MAY,Office of Field Operations,Northern Border,Land Only,BOSTON FIELD OFFICE,Marijuana,26,2.2560564657246
2025,MAY,Office of Field Operations,Northern Border,Land Only,BOSTON FIELD OFFICE,Other Drugs**,1,0.00220462262
2025,MAY,Office of Field Operations,Northern Border,Land Only,BUFFALO FIELD OFFICE,Cocaine,3,0.02976240537
2025,MAY,Office of Field Operations,Northern Border,Land Only,BUFFALO FIELD OFFICE,Ecstasy,1,0.029982867632
2025,MAY,Office of Field Operations,Northern Border,Land Only,BUFFALO FIELD OFFICE,Marijuana,77,17.4346847883888
2025,MAY,Office of Field Operations,Northern Border,Land Only,BUFFALO FIELD OFFICE,Methamphetamine,2,0.014550509292
2025,MAY,Office of Field Operations,Northern Border,Land Only,BUFFALO FIELD OFFICE,Other Drugs**,9,0.29872636501
2025,MAY,Office of Field Operations,Northern Border,Land Only,DETROIT FIELD OFFICE,Cocaine,13,501.6998407825164
2025,MAY,Office of Field Operations,Northern Border,Land Only,DETROIT FIELD OFFICE,Ecstasy,11,0.1339749166174
2025,MAY,Office of Field Operations,Northern Border,Land Only,DETROIT FIELD OFFICE,Ketamine,5,0.0191140781154
2025,MAY,Office of Field Operations,Northern Border,Land Only,DETROIT FIELD OFFICE,Khat (Catha Edulis),2,0.1801397142802
2025,MAY,Office of Field Operations,Northern Border,Land Only,DETROIT FIELD OFFICE,Lsd,2,0.002425084882
2025,MAY,Office of Field Operations,Northern Border,Land Only,DETROIT FIELD OFFICE,Marijuana,180,66.7938042577592
2025,MAY,Office of Field Operations,Northern Border,Land Only,DETROIT FIELD OFFICE,Methamphetamine,3,0.0806671416658
2025,MAY,Office of Field Operations,Northern Border,Land Only,DETROIT FIELD OFFICE,Other Drugs**,128,7.6828452759856
2025,MAY,Office of Field Operations,Northern Border,Land Only,SEATTLE FIELD OFFICE,Cocaine,2,0.06283174467
2025,MAY,Office of Field Operations,Northern Border,Land Only,SEATTLE FIELD OFFICE,Ecstasy,1,0.006393405598
2025,MAY,Office of Field Operations,Northern Border,Land Only,SEATTLE FIELD OFFICE,Marijuana,105,29.4135017941588
2025,MAY,Office of Field Operations,Northern Border,Land Only,SEATTLE FIELD OFFICE,Methamphetamine,3,0.0091712300992
2025,MAY,Office of Field Operations,Northern Border,Land Only,SEATTLE FIELD OFFICE,Other Drugs**,5,0.4233095892662
2025,MAY,Office of Field Operations,Northern Border,Other,BOSTON FIELD OFFICE,Cocaine,1,53.8589306066
2025,MAY,Office of Field Operations,Northern Border,Other,BOSTON FIELD OFFICE,Marijuana,9,168.454553007414
2025,MAY,Office of Field Operations,Northern Border,Other,BOSTON FIELD OFFICE,Other Drugs**,8,20.629094779864
2025,MAY,Office of Field Operations,Northern Border,Other,BUFFALO FIELD OFFICE,Cocaine,2,0.028219169536
2025,MAY,Office of Field Operations,Northern Border,Other,BUFFALO FIELD OFFICE,Ecstasy,1,0.017416518698
2025,MAY,Office of Field Operations,Northern Border,Other,BUFFALO FIELD OFFICE,Marijuana,6,0.989434631856
2025,MAY,Office of Field Operations,Northern Border,Other,BUFFALO FIELD OFFICE,Other Drugs**,10,6.1679167964264
2025,MAY,Office of Field Operations,Northern Border,Other,DETROIT FIELD OFFICE,Marijuana,8,3.1899346075566
2025,MAY,Office of Field Operations,Northern Border,Other,DETROIT FIELD OFFICE,Methamphetamine,1,0.0021164377152
2025,MAY,Office of Field Operations,Northern Border,Other,DETROIT FIELD OFFICE,Other Drugs**,5,9.4013486082756
2025,MAY,Office of Field Operations,Northern Border,Other,PORTLAND FIELD OFFICE,Fentanyl,1,0.181660903888
2025,MAY,Office of Field Operations,Northern Border,Other,PORTLAND FIELD OFFICE,Marijuana,8,22.0914430099362
2025,MAY,Office of Field Operations,Northern Border,Other,PORTLAND FIELD OFFICE,Other Drugs**,5,0.192022630202
2025,MAY,Office of Field Operations,Northern Border,Other,SEATTLE FIELD OFFICE,Cocaine,1,0.00661386786
2025,MAY,Office of Field Operations,Northern Border,Other,SEATTLE FIELD OFFICE,Ecstasy,11,0.6481590502800001
2025,MAY,Office of Field Operations,Northern Border,Other,SEATTLE FIELD OFFICE,Ketamine,3,0.02976240537
2025,MAY,Office of Field Operations,Northern Border,Other,SEATTLE FIELD OFFICE,Khat (Catha Edulis),1,81.901730333
2025,MAY,Office of Field Operations,Northern Border,Other,SEATTLE FIELD OFFICE,Lsd,5,0.006393405598
2025,MAY,Office of Field Operations,Northern Border,Other,SEATTLE FIELD OFFICE,Marijuana,8,6.1664837917234
2025,MAY,Office of Field Operations,Northern Border,Other,SEATTLE FIELD OFFICE,Other Drugs**,19,1.186307431822
2025,MAY,Office of Field Operations,Southwest Border,Land Only,EL PASO FIELD OFFICE,Cocaine,8,149.21542869700758
2025,MAY,Office of Field Operations,Southwest Border,Land Only,EL PASO FIELD OFFICE,Fentanyl,4,0.6657519387876
2025,MAY,Office of Field Operations,Southwest Border,Land Only,EL PASO FIELD OFFICE,Marijuana,38,0.7327724664356
2025,MAY,Office of Field Operations,Southwest Border,Land Only,EL PASO FIELD OFFICE,Methamphetamine,9,252.898102990143
2025,MAY,Office of Field Operations,Southwest Border,Land Only,EL PASO FIELD OFFICE,Other Drugs**,8,1.7975831456693998
2025,MAY,Office of Field Operations,Southwest Border,Land Only,LAREDO FIELD OFFICE,Cocaine,27,947.0539145968464
2025,MAY,Office of Field Operations,Southwest Border,Land Only,LAREDO FIELD OFFICE,Ecstasy,1,0.0171519639836
2025,MAY,Office of Field Operations,Southwest Border,Land Only,LAREDO FIELD OFFICE,Fentanyl,3,0.0370597062422
2025,MAY,Office of Field Operations,Southwest Border,Land Only,LAREDO FIELD OFFICE,Heroin,1,14.6827866492
2025,MAY,Office of Field Operations,Southwest Border,Land Only,LAREDO FIELD OFFICE,Marijuana,6,0.1536181041616
2025,MAY,Office of Field Operations,Southwest Border,Land Only,LAREDO FIELD OFFICE,Methamphetamine,11,2866.747227052236
2025,MAY,Office of Field Operations,Southwest Border,Land Only,LAREDO FIELD OFFICE,Other Drugs**,52,67.7992885422888
2025,MAY,Office of Field Operations,Southwest Border,Land Only,SAN DIEGO FIELD OFFICE,Cocaine,25,1266.677390358624
2025,MAY,Office of Field Operations,Southwest Border,Land Only,SAN DIEGO FIELD OFFICE,Ecstasy,1,0.00440924524
2025,MAY,Office of Field Operations,Southwest Border,Land Only,SAN DIEGO FIELD OFFICE,Fentanyl,18,258.352229120892
2025,MAY,Office of Field Operations,Southwest Border,Land Only,SAN DIEGO FIELD OFFICE,Heroin,4,32.647815455056
2025,MAY,Office of Field Operations,Southwest Border,Land Only,SAN DIEGO FIELD OFFICE,Ketamine,1,3.968320716
2025,MAY,Office of Field Operations,Southwest Border,Land Only,SAN DIEGO FIELD OFFICE,Marijuana,19,12.339272804139998
2025,MAY,Office of Field Operations,Southwest Border,Land Only,SAN DIEGO FIELD OFFICE,Methamphetamine,63,6296.842686319476
2025,MAY,Office of Field Operations,Southwest Border,Land Only,SAN DIEGO FIELD OFFICE,Other Drugs**,33,150.0025892034786
2025,MAY,Office of Field Operations,Southwest Border,Land Only,TUCSON FIELD OFFICE,Cocaine,9,113.8238722064568
2025,MAY,Office of Field Operations,Southwest Border,Land Only,TUCSON FIELD OFFICE,Fentanyl,7,370.480548116533
2025,MAY,Office of Field Operations,Southwest Border,Land Only,TUCSON FIELD OFFICE,Heroin,1,1.048077593548
2025,MAY,Office of Field Operations,Southwest Border,Land Only,TUCSON FIELD OFFICE,Lsd,1,0.003527396192
2025,MAY,Office of Field Operations,Southwest Border,Land Only,TUCSON FIELD OFFICE,Marijuana,5,0.0533739136302
2025,MAY,Office of Field Operations,Southwest Border,Land Only,TUCSON FIELD OFFICE,Methamphetamine,16,1187.3637987965992
2025,MAY,Office of Field Operations,Southwest Border,Land Only,TUCSON FIELD OFFICE,Other Drugs**,5,4.240944349189199
2025,MAY,Office of Field Operations,Southwest Border,Other,EL PASO FIELD OFFICE,Cocaine,1,0.001543235834
2025,MAY,Office of Field Operations,Southwest Border,Other,EL PASO FIELD OFFICE,Marijuana,1,0.005291094288
2025,MAY,Office of Field Operations,Southwest Border,Other,SAN DIEGO FIELD OFFICE,Cocaine,2,0.0848118321914
2025,MAY,Office of Field Operations,Southwest Border,Other,SAN DIEGO FIELD OFFICE,Fentanyl,2,0.0543880400354
2025,MAY,Office of Field Operations,Southwest Border,Other,SAN DIEGO FIELD OFFICE,Methamphetamine,1,0.661386786
2025,MAY,Office of Field Operations,Southwest Border,Other,SAN DIEGO FIELD OFFICE,Other Drugs**,1,0.0018077905484
2025,MAY,Office of Field Operations,Southwest Border,Other,TUCSON FIELD OFFICE,Marijuana,5,0.7295978098628
2025,MAY,Office of Field Operations,Southwest Border,Other,TUCSON FIELD OFFICE,Methamphetamine,1,147.99741879191
2025,MAY,Office of Field Operations,Southwest Border,Other,TUCSON FIELD OFFICE,Other Drugs**,1,0.156748668282
2025,MAY,U.S. Border Patrol,Coastal/Interior,Other,MIAMI SECTOR,Marijuana,2,12.0547
2025,MAY,U.S. Border Patrol,Northern Border,Land Only,BLAINE SECTOR,Cocaine,2,0.0049
2025,MAY,U.S. Border Patrol,Northern Border,Land Only,BLAINE SECTOR,Marijuana,1,7.4242
2025,MAY,U.S. Border Patrol,Northern Border,Land Only,BLAINE SECTOR,Methamphetamine,2,0.0051
2025,MAY,U.S. Border Patrol,Northern Border,Land Only,DETROIT SECTOR,Cocaine,1,8.451699999999999
2025,MAY,U.S. Border Patrol,Northern Border,Land Only,DETROIT SECTOR,Fentanyl,1,30.7983
2025,MAY,U.S. Border Patrol,Northern Border,Land Only,DETROIT SECTOR,Heroin,1,0.3638
2025,MAY,U.S. Border Patrol,Northern Border,Land Only,DETROIT SECTOR,Marijuana,12,387.0623
2025,MAY,U.S. Border Patrol,Northern Border,Land Only,DETROIT SECTOR,Other Drugs**,4,7.8725
2025,MAY,U.S. Border Patrol,Northern Border,Land Only,GRAND FORKS SECTOR,Methamphetamine,1,0.882
2025,MAY,U.S. Border Patrol,Northern Border,Land Only,HAVRE SECTOR,Methamphetamine,1,0.0097
2025,MAY,U.S. Border Patrol,Northern Border,Land Only,HOULTON SECTOR,Marijuana,3,8.630400000000002
2025,MAY,U.S. Border Patrol,Northern Border,Land Only,SPOKANE SECTOR,Cocaine,1,0.325
2025,MAY,U.S. Border Patrol,Northern Border,Land Only,SPOKANE SECTOR,Fentanyl,4,1.0216
2025,MAY,U.S. Border Patrol,Northern Border,Land Only,SPOKANE SECTOR,Marijuana,1,5.0926
2025,MAY,U.S. Border Patrol,Northern Border,Land Only,SPOKANE SECTOR,Methamphetamine,4,0.6697
2025,MAY,U.S. Border Patrol,Northern Border,Land Only,SPOKANE SECTOR,Other Drugs**,1,0.0101
2025,MAY,U.S. Border Patrol,Northern Border,Land Only,SWANTON SECTOR,Marijuana,1,0.0388
2025,MAY,U.S. Border Patrol,Southwest Border,Land Only,BIG BEND SECTOR,Cocaine,3,19.2302
2025,MAY,U.S. Border Patrol,Southwest Border,Land Only,BIG BEND SECTOR,Ecstasy,1,0.0002
2025,MAY,U.S. Border Patrol,Southwest Border,Land Only,BIG BEND SECTOR,Fentanyl,2,4.8155
2025,MAY,U.S. Border Patrol,Southwest Border,Land Only,BIG BEND SECTOR,Heroin,1,2.5573
2025,MAY,U.S. Border Patrol,Southwest Border,Land Only,BIG BEND SECTOR,Marijuana,85,3003.6042999999995
2025,MAY,U.S. Border Patrol,Southwest Border,Land Only,BIG BEND SECTOR,Methamphetamine,3,18.9915
2025,MAY,U.S. Border Patrol,Southwest Border,Land Only,BIG BEND SECTOR,Other Drugs**,8,2.0017
2025,MAY,U.S. Border Patrol,Southwest Border,Land Only,DEL RIO SECTOR,Cocaine,1,0.0007
2025,MAY,U.S. Border Patrol,Southwest Border,Land Only,DEL RIO SECTOR,Marijuana,7,0.2924
2025,MAY,U.S. Border Patrol,Southwest Border,Land Only,DEL RIO SECTOR,Methamphetamine,4,0.1213
2025,MAY,U.S. Border Patrol,Southwest Border,Land Only,EL CENTRO SECTOR,Cocaine,1,0.0002
2025,MAY,U.S. Border Patrol,Southwest Border,Land Only,EL CENTRO SECTOR,Fentanyl,13,2.446
2025,MAY,U.S. Border Patrol,Southwest Border,Land Only,EL CENTRO SECTOR,Marijuana,7,104.6333
2025,MAY,U.S. Border Patrol,Southwest Border,Land Only,EL CENTRO SECTOR,Methamphetamine,24,116.9271
2025,MAY,U.S. Border Patrol,Southwest Border,Land Only,EL CENTRO SECTOR,Other Drugs**,3,0.4579999999999999
2025,MAY,U.S. Border Patrol,Southwest Border,Land Only,EL PASO SECTOR,Cocaine,5,42.7395
2025,MAY,U.S. Border Patrol,Southwest Border,Land Only,EL PASO SECTOR,Marijuana,10,344.16280000000006
2025,MAY,U.S. Border Patrol,Southwest Border,Land Only,EL PASO SECTOR,Methamphetamine,3,0.08
2025,MAY,U.S. Border Patrol,Southwest Border,Land Only,LAREDO SECTOR,Cocaine,5,4.9214
2025,MAY,U.S. Border Patrol,Southwest Border,Land Only,LAREDO SECTOR,Fentanyl,1,0.0055
2025,MAY,U.S. Border Patrol,Southwest Border,Land Only,LAREDO SECTOR,Marijuana,12,0.811
2025,MAY,U.S. Border Patrol,Southwest Border,Land Only,LAREDO SECTOR,Methamphetamine,1,0.0044
2025,MAY,U.S. Border Patrol,Southwest Border,Land Only,LAREDO SECTOR,Other Drugs**,1,0.0
2025,MAY,U.S. Border Patrol,Southwest Border,Land Only,RIO GRANDE VALLEY SECTOR,Cocaine,2,40.1773
2025,MAY,U.S. Border Patrol,Southwest Border,Land Only,RIO GRANDE VALLEY SECTOR,Marijuana,53,2258.1299
2025,MAY,U.S. Border Patrol,Southwest Border,Land Only,RIO GRANDE VALLEY SECTOR,Methamphetamine,1,0.0057
2025,MAY,U.S. Border Patrol,Southwest Border,Land Only,RIO GRANDE VALLEY SECTOR,Other Drugs**,8,1.4648
2025,MAY,U.S. Border Patrol,Southwest Border,Land Only,SAN DIEGO SECTOR,Cocaine,10,81.912
2025,MAY,U.S. Border Patrol,Southwest Border,Land Only,SAN DIEGO SECTOR,Fentanyl,5,40.1354
2025,MAY,U.S. Border Patrol,Southwest Border,Land Only,SAN DIEGO SECTOR,Heroin,1,0.0295
2025,MAY,U.S. Border Patrol,Southwest Border,Land Only,SAN DIEGO SECTOR,Marijuana,5,1.3637
2025,MAY,U.S. Border Patrol,Southwest Border,Land Only,SAN DIEGO SECTOR,Methamphetamine,7,75.1336
2025,MAY,U.S. Border Patrol,Southwest Border,Land Only,SAN DIEGO SECTOR,Other Drugs**,3,1.1072000000000002
2025,MAY,U.S. Border Patrol,Southwest Border,Land Only,TUCSON SECTOR,Cocaine,1,0.0265
2025,MAY,U.S. Border Patrol,Southwest Border,Land Only,TUCSON SECTOR,Fentanyl,1,0.0011
2025,MAY,U.S. Border Patrol,Southwest Border,Land Only,TUCSON SECTOR,Marijuana,8,0.3664
2025,MAY,U.S. Border Patrol,Southwest Border,Land Only,TUCSON SECTOR,Methamphetamine,9,281.149
2025,MAY,U.S. Border Patrol,Southwest Border,Land Only,TUCSON SECTOR,Other Drugs**,3,0.2394
2025,MAY,U.S. Border Patrol,Southwest Border,Land Only,YUMA SECTOR,Cocaine,2,46.6951
2025,MAY,U.S. Border Patrol,Southwest Border,Land Only,YUMA SECTOR,Fentanyl,2,5.0926
2025,MAY,U.S. Border Patrol,Southwest Border,Land Only,YUMA SECTOR,Marijuana,7,22.866
2025,MAY,U.S. Border Patrol,Southwest Border,Land Only,YUMA SECTOR,Methamphetamine,5,0.6406
2025,NOV,Office of Field Operations,Coastal/Interior,Other,ATLANTA FIELD OFFICE,Cocaine,1,4.960400895
2025,NOV,Office of Field Operations,Coastal/Interior,Other,ATLANTA FIELD OFFICE,Ecstasy,1,0.0022266688462
2025,NOV,Office of Field Operations,Coastal/Interior,Other,ATLANTA FIELD OFFICE,Marijuana,5,6.383925720734
2025,NOV,Office of Field Operations,Coastal/Interior,Other,ATLANTA FIELD OFFICE,Other Drugs**,15,48.27462151014
2025,NOV,Office of Field Operations,Coastal/Interior,Other,BALTIMORE FIELD OFFICE,Cocaine,4,0.1912069198326
2025,NOV,Office of Field Operations,Coastal/Interior,Other,BALTIMORE FIELD OFFICE,Fentanyl,4,0.8348464937416
2025,NOV,Office of Field Operations,Coastal/Interior,Other,BALTIMORE FIELD OFFICE,Marijuana,28,815.8724091625701
2025,NOV,Office of Field Operations,Coastal/Interior,Other,BALTIMORE FIELD OFFICE,Methamphetamine,1,8.81849048
2025,NOV,Office of Field Operations,Coastal/Interior,Other,BALTIMORE FIELD OFFICE,Other Drugs**,21,38.992498893154
2025,NOV,Office of Field Operations,Coastal/Interior,Other,CHICAGO FIELD OFFICE,Cocaine,24,223.0548761548938
2025,NOV,Office of Field Operations,Coastal/Interior,Other,CHICAGO FIELD OFFICE,Ecstasy,36,20.1808509087656
2025,NOV,Office of Field Operations,Coastal/Interior,Other,CHICAGO FIELD OFFICE,Fentanyl,7,17.875741589746
2025,NOV,Office of Field Operations,Coastal/Interior,Other,CHICAGO FIELD OFFICE,Heroin,4,0.7464190804534
2025,NOV,Office of Field Operations,Coastal/Interior,Other,CHICAGO FIELD OFFICE,Ketamine,36,71.3149781881766
2025,NOV,Office of Field Operations,Coastal/Interior,Other,CHICAGO FIELD OFFICE,Khat (Catha Edulis),2,67.6378219816
2025,NOV,Office of Field Operations,Coastal/Interior,Other,CHICAGO FIELD OFFICE,Lsd,3,0.0103176338616
2025,NOV,Office of Field Operations,Coastal/Interior,Other,CHICAGO FIELD OFFICE,Marijuana,460,2862.228500252926
2025,NOV,Office of Field Operations,Coastal/Interior,Other,CHICAGO FIELD OFFICE,Methamphetamine,30,384.4340896954894
2025,NOV,Office of Field Operations,Coastal/Interior,Other,CHICAGO FIELD OFFICE,Other Drugs**,249,858.8955975456438
2025,NOV,Office of Field Operations,Coastal/Interior,Other,HOUSTON FIELD OFFICE,Cocaine,2,54.795233833314
2025,NOV,Office of Field Operations,Coastal/Interior,Other,HOUSTON FIELD OFFICE,Ecstasy,2,0.0171960564359999
2025,NOV,Office of Field Operations,Coastal/Interior,Other,HOUSTON FIELD OFFICE,Ketamine,1,0.033951188348
2025,NOV,Office of Field Operations,Coastal/Interior,Other,HOUSTON FIELD OFFICE,Lsd,1,0.001763698096
2025,NOV,Office of Field Operations,Coastal/Interior,Other,HOUSTON FIELD OFFICE,Marijuana,26,12.644282343617
2025,NOV,Office of Field Operations,Coastal/Interior,Other,HOUSTON FIELD OFFICE,Other Drugs**,15,6.173604722786
2025,NOV,Office of Field Operations,Coastal/Interior,Other,LOS ANGELES FIELD OFFICE,Cocaine,5,25.222205546372003
2025,NOV,Office of Field Operations,Coastal/Interior,Other,LOS ANGELES FIELD OFFICE,Ecstasy,9,0.8856630451326
2025,NOV,Office of Field Operations,Coastal/Interior,Other,LOS ANGELES FIELD OFFICE,Heroin,1,0.012786811196
2025,NOV,Office of Field Operations,Coastal/Interior,Other,LOS ANGELES FIELD OFFICE,Ketamine,2,2.000915489912
2025,NOV,Office of Field Operations,Coastal/Interior,Other,LOS ANGELES FIELD OFFICE,Lsd,3,0.00661386786
2025,NOV,Office of Field Operations,Coastal/Interior,Other,LOS ANGELES FIELD OFFICE,Marijuana,61,1689.555755440352
2025,NOV,Office of Field Operations,Coastal/Interior,Other,LOS ANGELES FIELD OFFICE,Methamphetamine,14,226.644464751004
2025,NOV,Office of Field Operations,Coastal/Interior,Other,LOS ANGELES FIELD OFFICE,Other Drugs**,106,2473.3322543745567
2025,NOV,Office of Field Operations,Coastal/Interior,Other,MIAMI FIELD OFFICE,Cocaine,21,39.4624582970594
2025,NOV,Office of Field Operations,Coastal/Interior,Other,MIAMI FIELD OFFICE,Ecstasy,15,8.8566745437784
2025,NOV,Office of Field Operations,Coastal/Interior,Other,MIAMI FIELD OFFICE,Fentanyl,1,0.626994673128
2025,NOV,Office of Field Operations,Coastal/Interior,Other,MIAMI FIELD OFFICE,Ketamine,11,2.934022013827
2025,NOV,Office of Field Operations,Coastal/Interior,Other,MIAMI FIELD OFFICE,Lsd,2,0.0090389527419999
2025,NOV,Office of Field Operations,Coastal/Interior,Other,MIAMI FIELD OFFICE,Marijuana,172,734.7551496964446
2025,NOV,Office of Field Operations,Coastal/Interior,Other,MIAMI FIELD OFFICE,Methamphetamine,5,7.946231540397
2025,NOV,Office of Field Operations,Coastal/Interior,Other,MIAMI FIELD OFFICE,Other Drugs**,367,365.259891521242
2025,NOV,Office of Field Operations,Coastal/Interior,Other,NEW ORLEANS FIELD OFFICE,Cocaine,16,62.37759241028
2025,NOV,Office of Field Operations,Coastal/Interior,Other,NEW ORLEANS FIELD OFFICE,Ecstasy,1,0.032407952514
2025,NOV,Office of Field Operations,Coastal/Interior,Other,NEW ORLEANS FIELD OFFICE,Ketamine,3,17.33604997237
2025,NOV,Office of Field Operations,Coastal/Interior,Other,NEW ORLEANS FIELD OFFICE,Marijuana,162,1788.7580192753137
2025,NOV,Office of Field Operations,Coastal/Interior,Other,NEW ORLEANS FIELD OFFICE,Methamphetamine,16,414.230732854778
2025,NOV,Office of Field Operations,Coastal/Interior,Other,NEW ORLEANS FIELD OFFICE,Other Drugs**,42,130.126968296452
2025,NOV,Office of Field Operations,Coastal/Interior,Other,NEW YORK FIELD OFFICE,Cocaine,6,27.847470162268
2025,NOV,Office of Field Operations,Coastal/Interior,Other,NEW YORK FIELD OFFICE,Ecstasy,25,3.9722449442636
2025,NOV,Office of Field Operations,Coastal/Interior,Other,NEW YORK FIELD OFFICE,Ketamine,10,114.1291022081958
2025,NOV,Office of Field Operations,Coastal/Interior,Other,NEW YORK FIELD OFFICE,Khat (Catha Edulis),2,600.212035691192
2025,NOV,Office of Field Operations,Coastal/Interior,Other,NEW YORK FIELD OFFICE,Lsd,4,0.019180216794
2025,NOV,Office of Field Operations,Coastal/Interior,Other,NEW YORK FIELD OFFICE,Marijuana,118,1375.5356367144714
2025,NOV,Office of Field Operations,Coastal/Interior,Other,NEW YORK FIELD OFFICE,Methamphetamine,5,6.865635763204001
2025,NOV,Office of Field Operations,Coastal/Interior,Other,NEW YORK FIELD OFFICE,Other Drugs**,485,1401.3190730412168
2025,NOV,Office of Field Operations,Coastal/Interior,Other,PRECLEARANCE FIELD OFFICE,Marijuana,21,78.11994273687819
2025,NOV,Office of Field Operations,Coastal/Interior,Other,PRECLEARANCE FIELD OFFICE,Other Drugs**,7,1.097571371367
2025,NOV,Office of Field Operations,Coastal/Interior,Other,SAN FRANCISCO FIELD OFFICE,Cocaine,7,28.298976874844
2025,NOV,Office of Field Operations,Coastal/Interior,Other,SAN FRANCISCO FIELD OFFICE,Marijuana,46,2012.783855324508
2025,NOV,Office of Field Operations,Coastal/Interior,Other,SAN FRANCISCO FIELD OFFICE,Methamphetamine,38,254.026980002714
2025,NOV,Office of Field Operations,Coastal/Interior,Other,SAN FRANCISCO FIELD OFFICE,Other Drugs**,18,273.197716919448
2025,NOV,Office of Field Operations,Coastal/Interior,Other,SAN JUAN FIELD OFFICE,Cocaine,7,18.20356897334
2025,NOV,Office of Field Operations,Coastal/Interior,Other,SAN JUAN FIELD OFFICE,Marijuana,105,276.2897883289028
2025,NOV,Office of Field Operations,Coastal/Interior,Other,SAN JUAN FIELD OFFICE,Other Drugs**,1,0.076720867176
2025,NOV,Office of Field Operations,Coastal/Interior,Other,TAMPA FIELD OFFICE,Fentanyl,1,0.1322773572
2025,NOV,Office of Field Operations,Coastal/Interior,Other,TAMPA FIELD OFFICE,Marijuana,8,1.6502261697486
2025,NOV,Office of Field Operations,Coastal/Interior,Other,TAMPA FIELD OFFICE,Methamphetamine,5,33.578166200696
2025,NOV,Office of Field Operations,Coastal/Interior,Other,TAMPA FIELD OFFICE,Other Drugs**,3,0.2645547144
2025,NOV,Office of Field Operations,Northern Border,Land Only,BOSTON FIELD OFFICE,Cocaine,2,0.002645547144
2025,NOV,Office of Field Operations,Northern Border,Land Only,BOSTON FIELD OFFICE,Marijuana,18,0.7325520041736
2025,NOV,Office of Field Operations,Northern Border,Land Only,BOSTON FIELD OFFICE,Other Drugs**,1,0.1312411845686
2025,NOV,Office of Field Operations,Northern Border,Land Only,BUFFALO FIELD OFFICE,Cocaine,1,0.039462744898
2025,NOV,Office of Field Operations,Northern Border,Land Only,BUFFALO FIELD OFFICE,Ecstasy,1,0.020723452628
2025,NOV,Office of Field Operations,Northern Border,Land Only,BUFFALO FIELD OFFICE,Marijuana,48,56.001603330978
2025,NOV,Office of Field Operations,Northern Border,Land Only,BUFFALO FIELD OFFICE,Methamphetamine,2,0.06283174467
2025,NOV,Office of Field Operations,Northern Border,Land Only,BUFFALO FIELD OFFICE,Other Drugs**,10,7.557005416836
2025,NOV,Office of Field Operations,Northern Border,Land Only,DETROIT FIELD OFFICE,Cocaine,2,0.0385147571713999
2025,NOV,Office of Field Operations,Northern Border,Land Only,DETROIT FIELD OFFICE,Heroin,1,0.0200400196158
2025,NOV,Office of Field Operations,Northern Border,Land Only,DETROIT FIELD OFFICE,Marijuana,146,78.53042142249599
2025,NOV,Office of Field Operations,Northern Border,Land Only,DETROIT FIELD OFFICE,Methamphetamine,2,0.164464847452
2025,NOV,Office of Field Operations,Northern Border,Land Only,DETROIT FIELD OFFICE,Other Drugs**,114,13.1932113297708
2025,NOV,Office of Field Operations,Northern Border,Land Only,SEATTLE FIELD OFFICE,Cocaine,1,0.001322773572
2025,NOV,Office of Field Operations,Northern Border,Land Only,SEATTLE FIELD OFFICE,Ecstasy,1,0.009038952742
2025,NOV,Office of Field Operations,Northern Border,Land Only,SEATTLE FIELD OFFICE,Ketamine,1,0.141757234466
2025,NOV,Office of Field Operations,Northern Border,Land Only,SEATTLE FIELD OFFICE,Lsd,1,0.000440924524
2025,NOV,Office of Field Operations,Northern Border,Land Only,SEATTLE FIELD OFFICE,Marijuana,72,8.0927728059484
2025,NOV,Office of Field Operations,Northern Border,Land Only,SEATTLE FIELD OFFICE,Methamphetamine,2,0.01322773572
2025,NOV,Office of Field Operations,Northern Border,Land Only,SEATTLE FIELD OFFICE,Other Drugs**,10,0.7994843469168
2025,NOV,Office of Field Operations,Northern Border,Other,BOSTON FIELD OFFICE,Ecstasy,1,0.00440924524
2025,NOV,Office of Field Operations,Northern Border,Other,BOSTON FIELD OFFICE,Ketamine,1,0.035714886444
2025,NOV,Office of Field Operations,Northern Border,Other,BOSTON FIELD OFFICE,Marijuana,4,0.165787621024
2025,NOV,Office of Field Operations,Northern Border,Other,BOSTON FIELD OFFICE,Other Drugs**,7,2.768785548458
2025,NOV,Office of Field Operations,Northern Border,Other,BUFFALO FIELD OFFICE,Marijuana,2,2.742771001542
2025,NOV,Office of Field Operations,Northern Border,Other,DETROIT FIELD OFFICE,Marijuana,8,1.8613849242922
2025,NOV,Office of Field Operations,Northern Border,Other,DETROIT FIELD OFFICE,Other Drugs**,10,4.4011101825322
2025,NOV,Office of Field Operations,Northern Border,Other,PORTLAND FIELD OFFICE,Cocaine,1,0.0346566675864
2025,NOV,Office of Field Operations,Northern Border,Other,PORTLAND FIELD OFFICE,Marijuana,4,1.4182998701246
2025,NOV,Office of Field Operations,Northern Border,Other,PORTLAND FIELD OFFICE,Other Drugs**,7,254.145368237408
2025,NOV,Office of Field Operations,Northern Border,Other,SEATTLE FIELD OFFICE,Ecstasy,1,2.039716848024
2025,NOV,Office of Field Operations,Northern Border,Other,SEATTLE FIELD OFFICE,Marijuana,18,63.7025044662214
2025,NOV,Office of Field Operations,Northern Border,Other,SEATTLE FIELD OFFICE,Other Drugs**,4,1.8494799621442
2025,NOV,Office of Field Operations,Southwest Border,Land Only,EL PASO FIELD OFFICE,Cocaine,5,204.4126093264
2025,NOV,Office of Field Operations,Southwest Border,Land Only,EL PASO FIELD OFFICE,Fentanyl,7,1.874700844917
2025,NOV,Office of Field Operations,Southwest Border,Land Only,EL PASO FIELD OFFICE,Heroin,1,0.00220462262
2025,NOV,Office of Field Operations,Southwest Border,Land Only,EL PASO FIELD OFFICE,Marijuana,56,0.3593975795124
2025,NOV,Office of Field Operations,Southwest Border,Land Only,EL PASO FIELD OFFICE,Methamphetamine,10,143.56833194832998
2025,NOV,Office of Field Operations,Southwest Border,Land Only,EL PASO FIELD OFFICE,Other Drugs**,18,83.66445839504719
2025,NOV,Office of Field Operations,Southwest Border,Land Only,LAREDO FIELD OFFICE,Cocaine,23,872.669771028237
2025,NOV,Office of Field Operations,Southwest Border,Land Only,LAREDO FIELD OFFICE,Fentanyl,3,0.0291451110364
2025,NOV,Office of Field Operations,Southwest Border,Land Only,LAREDO FIELD OFFICE,Heroin,1,15.6087281496
2025,NOV,Office of Field Operations,Southwest Border,Land Only,LAREDO FIELD OFFICE,Marijuana,35,371.6609471597334
2025,NOV,Office of Field Operations,Southwest Border,Land Only,LAREDO FIELD OFFICE,Methamphetamine,8,3470.864090327971
2025,NOV,Office of Field Operations,Southwest Border,Land Only,LAREDO FIELD OFFICE,Other Drugs**,32,43.7365601704534
2025,NOV,Office of Field Operations,Southwest Border,Land Only,SAN DIEGO FIELD OFFICE,Cocaine,16,844.63281355178
2025,NOV,Office of Field Operations,Southwest Border,Land Only,SAN DIEGO FIELD OFFICE,Fentanyl,26,672.5022066490994
2025,NOV,Office of Field Operations,Southwest Border,Land Only,SAN DIEGO FIELD OFFICE,Heroin,3,29.76240537
2025,NOV,Office of Field Operations,Southwest Border,Land Only,SAN DIEGO FIELD OFFICE,Marijuana,25,0.46517537282
2025,NOV,Office of Field Operations,Southwest Border,Land Only,SAN DIEGO FIELD OFFICE,Methamphetamine,47,3663.097548591122
2025,NOV,Office of Field Operations,Southwest Border,Land Only,SAN DIEGO FIELD OFFICE,Other Drugs**,42,16.0614033121646
2025,NOV,Office of Field Operations,Southwest Border,Land Only,TUCSON FIELD OFFICE,Cocaine,3,24.6344311096538
2025,NOV,Office of Field Operations,Southwest Border,Land Only,TUCSON FIELD OFFICE,Fentanyl,12,390.24245458882
2025,NOV,Office of Field Operations,Southwest Border,Land Only,TUCSON FIELD OFFICE,Marijuana,9,0.9514489841134
2025,NOV,Office of Field Operations,Southwest Border,Land Only,TUCSON FIELD OFFICE,Methamphetamine,16,687.8594755426623
2025,NOV,Office of Field Operations,Southwest Border,Land Only,TUCSON FIELD OFFICE,Other Drugs**,7,7.9286606981156
2025,NOV,Office of Field Operations,Southwest Border,Other,EL PASO FIELD OFFICE,Marijuana,2,0.073193470984
2025,NOV,Office of Field Operations,Southwest Border,Other,LAREDO FIELD OFFICE,Marijuana,2,0.0640222408847999
2025,NOV,Office of Field Operations,Southwest Border,Other,SAN DIEGO FIELD OFFICE,Methamphetamine,1,0.002866009406
2025,NOV,Office of Field Operations,Southwest Border,Other,SAN DIEGO FIELD OFFICE,Other Drugs**,2,0.371699373732
2025,NOV,Office of Field Operations,Southwest Border,Other,TUCSON FIELD OFFICE,Ecstasy,2,0.016314207388
2025,NOV,Office of Field Operations,Southwest Border,Other,TUCSON FIELD OFFICE,Marijuana,4,0.853299185071
2025,NOV,Office of Field Operations,Southwest Border,Other,TUCSON FIELD OFFICE,Methamphetamine,1,0.0001543235834
2025,NOV,Office of Field Operations,Southwest Border,Other,TUCSON FIELD OFFICE,Other Drugs**,1,2.8439631798
2025,NOV,U.S. Border Patrol,Coastal/Interior,Other,MIAMI SECTOR,Cocaine,10,74.1648
2025,NOV,U.S. Border Patrol,Coastal/Interior,Other,MIAMI SECTOR,Marijuana,1,0.0066
2025,NOV,U.S. Border Patrol,Coastal/Interior,Other,NEW ORLEANS SECTOR,Marijuana,1,0.0551
2025,NOV,U.S. Border Patrol,Northern Border,Land Only,BLAINE SECTOR,Marijuana,1,0.0071
2025,NOV,U.S. Border Patrol,Northern Border,Land Only,BLAINE SECTOR,Other Drugs**,2,0.101
2025,NOV,U.S. Border Patrol,Northern Border,Land Only,DETROIT SECTOR,Cocaine,2,0.0785
2025,NOV,U.S. Border Patrol,Northern Border,Land Only,DETROIT SECTOR,Fentanyl,1,0.1779
2025,NOV,U.S. Border Patrol,Northern Border,Land Only,DETROIT SECTOR,Marijuana,6,16.3142
2025,NOV,U.S. Border Patrol,Northern Border,Land Only,DETROIT SECTOR,Methamphetamine,2,0.0086
2025,NOV,U.S. Border Patrol,Northern Border,Land Only,DETROIT SECTOR,Other Drugs**,2,2.8322
2025,NOV,U.S. Border Patrol,Northern Border,Land Only,GRAND FORKS SECTOR,Marijuana,1,19.8816
2025,NOV,U.S. Border Patrol,Northern Border,Land Only,GRAND FORKS SECTOR,Other Drugs**,1,16.9951
2025,NOV,U.S. Border Patrol,Northern Border,Land Only,HOULTON SECTOR,Fentanyl,1,0.4105
2025,NOV,U.S. Border Patrol,Northern Border,Land Only,HOULTON SECTOR,Methamphetamine,1,1.0225
2025,NOV,U.S. Border Patrol,Northern Border,Land Only,SPOKANE SECTOR,Cocaine,1,1.1025
2025,NOV,U.S. Border Patrol,Northern Border,Land Only,SPOKANE SECTOR,Fentanyl,2,4.8876
2025,NOV,U.S. Border Patrol,Northern Border,Land Only,SPOKANE SECTOR,Marijuana,2,1.0416
2025,NOV,U.S. Border Patrol,Northern Border,Land Only,SPOKANE SECTOR,Methamphetamine,1,0.0033
2025,NOV,U.S. Border Patrol,Northern Border,Land Only,SWANTON SECTOR,Marijuana,1,0.0154
2025,NOV,U.S. Border Patrol,Northern Border,Land Only,SWANTON SECTOR,Methamphetamine,1,0.002
2025,NOV,U.S. Border Patrol,Northern Border,Land Only,SWANTON SECTOR,Other Drugs**,1,0.0573
2025,NOV,U.S. Border Patrol,Southwest Border,Land Only,BIG BEND SECTOR,Cocaine,1,0.0031
2025,NOV,U.S. Border Patrol,Southwest Border,Land Only,BIG BEND SECTOR,Marijuana,80,1129.8556
2025,NOV,U.S. Border Patrol,Southwest Border,Land Only,BIG BEND SECTOR,Methamphetamine,4,0.0347
2025,NOV,U.S. Border Patrol,Southwest Border,Land Only,BIG BEND SECTOR,Other Drugs**,9,0.309
2025,NOV,U.S. Border Patrol,Southwest Border,Land Only,DEL RIO SECTOR,Heroin,1,0.0093
2025,NOV,U.S. Border Patrol,Southwest Border,Land Only,DEL RIO SECTOR,Marijuana,18,0.2744
2025,NOV,U.S. Border Patrol,Southwest Border,Land Only,DEL RIO SECTOR,Methamphetamine,2,0.0205
2025,NOV,U.S. Border Patrol,Southwest Border,Land Only,DEL RIO SECTOR,Other Drugs**,3,0.5105999999999999
2025,NOV,U.S. Border Patrol,Southwest Border,Land Only,EL CENTRO SECTOR,Cocaine,1,0.0029
2025,NOV,U.S. Border Patrol,Southwest Border,Land Only,EL CENTRO SECTOR,Ecstasy,1,0.0064
2025,NOV,U.S. Border Patrol,Southwest Border,Land Only,EL CENTRO SECTOR,Fentanyl,5,10.2185
2025,NOV,U.S. Border Patrol,Southwest Border,Land Only,EL CENTRO SECTOR,Heroin,1,0.0007
2025,NOV,U.S. Border Patrol,Southwest Border,Land Only,EL CENTRO SECTOR,Marijuana,1,0.0277
2025,NOV,U.S. Border Patrol,Southwest Border,Land Only,EL CENTRO SECTOR,Methamphetamine,3,0.3675
2025,NOV,U.S. Border Patrol,Southwest Border,Land Only,EL CENTRO SECTOR,Other Drugs**,2,2.2641
2025,NOV,U.S. Border Patrol,Southwest Border,Land Only,EL PASO SECTOR,Cocaine,1,27.2097
2025,NOV,U.S. Border Patrol,Southwest Border,Land Only,EL PASO SECTOR,Fentanyl,1,0.0
2025,NOV,U.S. Border Patrol,Southwest Border,Land Only,EL PASO SECTOR,Marijuana,5,27.6028
2025,NOV,U.S. Border Patrol,Southwest Border,Land Only,EL PASO SECTOR,Methamphetamine,4,0.1578
2025,NOV,U.S. Border Patrol,Southwest Border,Land Only,LAREDO SECTOR,Cocaine,1,0.0044
2025,NOV,U.S. Border Patrol,Southwest Border,Land Only,LAREDO SECTOR,Marijuana,10,271.9971
2025,NOV,U.S. Border Patrol,Southwest Border,Land Only,LAREDO SECTOR,Methamphetamine,1,0.0022
2025,NOV,U.S. Border Patrol,Southwest Border,Land Only,LAREDO SECTOR,Other Drugs**,1,0.0084
2025,NOV,U.S. Border Patrol,Southwest Border,Land Only,RIO GRANDE VALLEY SECTOR,Cocaine,3,53.5619
2025,NOV,U.S. Border Patrol,Southwest Border,Land Only,RIO GRANDE VALLEY SECTOR,Ecstasy,1,0.0
2025,NOV,U.S. Border Patrol,Southwest Border,Land Only,RIO GRANDE VALLEY SECTOR,Marijuana,33,773.4542
2025,NOV,U.S. Border Patrol,Southwest Border,Land Only,RIO GRANDE VALLEY SECTOR,Methamphetamine,3,0.0309
2025,NOV,U.S. Border Patrol,Southwest Border,Land Only,RIO GRANDE VALLEY SECTOR,Other Drugs**,3,0.4423
2025,NOV,U.S. Border Patrol,Southwest Border,Land Only,SAN DIEGO SECTOR,Cocaine,2,68.591
2025,NOV,U.S. Border Patrol,Southwest Border,Land Only,SAN DIEGO SECTOR,Fentanyl,6,79.27629999999999
2025,NOV,U.S. Border Patrol,Southwest Border,Land Only,SAN DIEGO SECTOR,Heroin,1,0.0062
2025,NOV,U.S. Border Patrol,Southwest Border,Land Only,SAN DIEGO SECTOR,Marijuana,4,0.4258
2025,NOV,U.S. Border Patrol,Southwest Border,Land Only,SAN DIEGO SECTOR,Methamphetamine,4,89.4322
2025,NOV,U.S. Border Patrol,Southwest Border,Land Only,TUCSON SECTOR,Cocaine,3,45.9103
2025,NOV,U.S. Border Patrol,Southwest Border,Land Only,TUCSON SECTOR,Fentanyl,5,147.9261
2025,NOV,U.S. Border Patrol,Southwest Border,Land Only,TUCSON SECTOR,Heroin,2,6.7026
2025,NOV,U.S. Border Patrol,Southwest Border,Land Only,TUCSON SECTOR,Marijuana,11,0.536
2025,NOV,U.S. Border Patrol,Southwest Border,Land Only,TUCSON SECTOR,Methamphetamine,14,124.9973
2025,NOV,U.S. Border Patrol,Southwest Border,Land Only,TUCSON SECTOR,Other Drugs**,4,2.8815
2025,NOV,U.S. Border Patrol,Southwest Border,Land Only,YUMA SECTOR,Cocaine,1,0.0035
2025,NOV,U.S. Border Patrol,Southwest Border,Land Only,YUMA SECTOR,Fentanyl,1,36.0011
2025,NOV,U.S. Border Patrol,Southwest Border,Land Only,YUMA SECTOR,Marijuana,6,0.1301
2025,NOV,U.S. Border Patrol,Southwest Border,Land Only,YUMA SECTOR,Methamphetamine,2,0.0186999999999999
2025,NOV,U.S. Border Patrol,Southwest Border,Land Only,YUMA SECTOR,Other Drugs**,2,0.0147999999999999
2025,OCT,Office of Field Operations,Coastal/Interior,Other,ATLANTA FIELD OFFICE,Cocaine,1,5.2249556094
2025,OCT,Office of Field Operations,Coastal/Interior,Other,ATLANTA FIELD OFFICE,Fentanyl,1,0.7275254646
2025,OCT,Office of Field Operations,Coastal/Interior,Other,ATLANTA FIELD OFFICE,Marijuana,2,111.664135703
2025,OCT,Office of Field Operations,Coastal/Interior,Other,ATLANTA FIELD OFFICE,Other Drugs**,12,10.072479826256
2025,OCT,Office of Field Operations,Coastal/Interior,Other,BALTIMORE FIELD OFFICE,Cocaine,8,37.67259133056
2025,OCT,Office of Field Operations,Coastal/Interior,Other,BALTIMORE FIELD OFFICE,Ecstasy,1,0.061508971098
2025,OCT,Office of Field Operations,Coastal/Interior,Other,BALTIMORE FIELD OFFICE,Fentanyl,8,3.8590375727266
2025,OCT,Office of Field Operations,Coastal/Interior,Other,BALTIMORE FIELD OFFICE,Heroin,1,1.749808973494
2025,OCT,Office of Field Operations,Coastal/Interior,Other,BALTIMORE FIELD OFFICE,Ketamine,1,0.00440924524
2025,OCT,Office of Field Operations,Coastal/Interior,Other,BALTIMORE FIELD OFFICE,Marijuana,21,205.0287131637852
2025,OCT,Office of Field Operations,Coastal/Interior,Other,BALTIMORE FIELD OFFICE,Methamphetamine,2,13.02491043896
2025,OCT,Office of Field Operations,Coastal/Interior,Other,BALTIMORE FIELD OFFICE,Other Drugs**,20,113.6823133880266
2025,OCT,Office of Field Operations,Coastal/Interior,Other,CHICAGO FIELD OFFICE,Cocaine,31,127.2628107734528
2025,OCT,Office of Field Operations,Coastal/Interior,Other,CHICAGO FIELD OFFICE,Ecstasy,30,22.9243714819984
2025,OCT,Office of Field Operations,Coastal/Interior,Other,CHICAGO FIELD OFFICE,Fentanyl,8,53.097674415914
2025,OCT,Office of Field Operations,Coastal/Interior,Other,CHICAGO FIELD OFFICE,Heroin,5,2.3088792236998
2025,OCT,Office of Field Operations,Coastal/Interior,Other,CHICAGO FIELD OFFICE,Ketamine,21,263.4622797993376
2025,OCT,Office of Field Operations,Coastal/Interior,Other,CHICAGO FIELD OFFICE,Khat (Catha Edulis),3,106.4171338674
2025,OCT,Office of Field Operations,Coastal/Interior,Other,CHICAGO FIELD OFFICE,Lsd,1,0.001322773572
2025,OCT,Office of Field Operations,Coastal/Interior,Other,CHICAGO FIELD OFFICE,Marijuana,537,3151.1578089405866
2025,OCT,Office of Field Operations,Coastal/Interior,Other,CHICAGO FIELD OFFICE,Methamphetamine,52,683.9275751923445
2025,OCT,Office of Field Operations,Coastal/Interior,Other,CHICAGO FIELD OFFICE,Other Drugs**,400,1041.4597794135102
2025,OCT,Office of Field Operations,Coastal/Interior,Other,HOUSTON FIELD OFFICE,Cocaine,4,38.8247491579982
2025,OCT,Office of Field Operations,Coastal/Interior,Other,HOUSTON FIELD OFFICE,Fentanyl,1,0.000220462262
2025,OCT,Office of Field Operations,Coastal/Interior,Other,HOUSTON FIELD OFFICE,Marijuana,24,632.8770251564578
2025,OCT,Office of Field Operations,Coastal/Interior,Other,HOUSTON FIELD OFFICE,Other Drugs**,21,23.1282329356698
2025,OCT,Office of Field Operations,Coastal/Interior,Other,LOS ANGELES FIELD OFFICE,Cocaine,5,61.98186264999
2025,OCT,Office of Field Operations,Coastal/Interior,Other,LOS ANGELES FIELD OFFICE,Ecstasy,10,0.9364355040712
2025,OCT,Office of Field Operations,Coastal/Interior,Other,LOS ANGELES FIELD OFFICE,Ketamine,5,169.249098999662
2025,OCT,Office of Field Operations,Coastal/Interior,Other,LOS ANGELES FIELD OFFICE,Khat (Catha Edulis),1,45.0183939004
2025,OCT,Office of Field Operations,Coastal/Interior,Other,LOS ANGELES FIELD OFFICE,Lsd,10,0.125443027078
2025,OCT,Office of Field Operations,Coastal/Interior,Other,LOS ANGELES FIELD OFFICE,Marijuana,36,936.257811488028
2025,OCT,Office of Field Operations,Coastal/Interior,Other,LOS ANGELES FIELD OFFICE,Methamphetamine,14,140.019330454654
2025,OCT,Office of Field Operations,Coastal/Interior,Other,LOS ANGELES FIELD OFFICE,Other Drugs**,134,217.3015827346108
2025,OCT,Office of Field Operations,Coastal/Interior,Other,MIAMI FIELD OFFICE,Cocaine,17,37.082634317448
2025,OCT,Office of Field Operations,Coastal/Interior,Other,MIAMI FIELD OFFICE,Ecstasy,6,1.018756112702
2025,OCT,Office of Field Operations,Coastal/Interior,Other,MIAMI FIELD OFFICE,Fentanyl,3,0.338189109908
2025,OCT,Office of Field Operations,Coastal/Interior,Other,MIAMI FIELD OFFICE,Ketamine,7,12.740293658718
2025,OCT,Office of Field Operations,Coastal/Interior,Other,MIAMI FIELD OFFICE,Lsd,1,0.00440924524
2025,OCT,Office of Field Operations,Coastal/Interior,Other,MIAMI FIELD OFFICE,Marijuana,221,621.5081169985108
2025,OCT,Office of Field Operations,Coastal/Interior,Other,MIAMI FIELD OFFICE,Methamphetamine,4,0.549391956904
2025,OCT,Office of Field Operations,Coastal/Interior,Other,MIAMI FIELD OFFICE,Other Drugs**,375,418.0137329933408
2025,OCT,Office of Field Operations,Coastal/Interior,Other,NEW ORLEANS FIELD OFFICE,Cocaine,8,17.980461164196
2025,OCT,Office of Field Operations,Coastal/Interior,Other,NEW ORLEANS FIELD OFFICE,Ecstasy,2,5.291094288
2025,OCT,Office of Field Operations,Coastal/Interior,Other,NEW ORLEANS FIELD OFFICE,Fentanyl,1,1.208574120284
2025,OCT,Office of Field Operations,Coastal/Interior,Other,NEW ORLEANS FIELD OFFICE,Heroin,3,12.598536424252
2025,OCT,Office of Field Operations,Coastal/Interior,Other,NEW ORLEANS FIELD OFFICE,Ketamine,2,20.172296973
2025,OCT,Office of Field Operations,Coastal/Interior,Other,NEW ORLEANS FIELD OFFICE,Marijuana,121,678.3045970151298
2025,OCT,Office of Field Operations,Coastal/Interior,Other,NEW ORLEANS FIELD OFFICE,Methamphetamine,12,303.656121650582
2025,OCT,Office of Field Operations,Coastal/Interior,Other,NEW ORLEANS FIELD OFFICE,Other Drugs**,99,538.121705608298
2025,OCT,Office of Field Operations,Coastal/Interior,Other,NEW YORK FIELD OFFICE,Cocaine,9,51.562375223346
2025,OCT,Office of Field Operations,Coastal/Interior,Other,NEW YORK FIELD OFFICE,Ecstasy,16,4.6958461806
2025,OCT,Office of Field Operations,Coastal/Interior,Other,NEW YORK FIELD OFFICE,Fentanyl,1,0.007936641432
2025,OCT,Office of Field Operations,Coastal/Interior,Other,NEW YORK FIELD OFFICE,Heroin,6,0.02094391489
2025,OCT,Office of Field Operations,Coastal/Interior,Other,NEW YORK FIELD OFFICE,Ketamine,7,26.811297530868
2025,OCT,Office of Field Operations,Coastal/Interior,Other,NEW YORK FIELD OFFICE,Khat (Catha Edulis),4,2892.46487744
2025,OCT,Office of Field Operations,Coastal/Interior,Other,NEW YORK FIELD OFFICE,Lsd,1,0.000661386786
2025,OCT,Office of Field Operations,Coastal/Interior,Other,NEW YORK FIELD OFFICE,Marijuana,110,1140.032954183855
2025,OCT,Office of Field Operations,Coastal/Interior,Other,NEW YORK FIELD OFFICE,Methamphetamine,8,0.426263783577
2025,OCT,Office of Field Operations,Coastal/Interior,Other,NEW YORK FIELD OFFICE,Other Drugs**,460,1283.544869839339
2025,OCT,Office of Field Operations,Coastal/Interior,Other,PRECLEARANCE FIELD OFFICE,Cocaine,1,0.019621141318
2025,OCT,Office of Field Operations,Coastal/Interior,Other,PRECLEARANCE FIELD OFFICE,Ecstasy,1,0.000440924524
2025,OCT,Office of Field Operations,Coastal/Interior,Other,PRECLEARANCE FIELD OFFICE,Ketamine,1,0.02425084882
2025,OCT,Office of Field Operations,Coastal/Interior,Other,PRECLEARANCE FIELD OFFICE,Marijuana,24,1.2207436371464
2025,OCT,Office of Field Operations,Coastal/Interior,Other,PRECLEARANCE FIELD OFFICE,Methamphetamine,1,0.0110231131
2025,OCT,Office of Field Operations,Coastal/Interior,Other,PRECLEARANCE FIELD OFFICE,Other Drugs**,10,0.427035401494
2025,OCT,Office of Field Operations,Coastal/Interior,Other,SAN FRANCISCO FIELD OFFICE,Cocaine,8,15.731746091796
2025,OCT,Office of Field Operations,Coastal/Interior,Other,SAN FRANCISCO FIELD OFFICE,Marijuana,60,689.480843202315
2025,OCT,Office of Field Operations,Coastal/Interior,Other,SAN FRANCISCO FIELD OFFICE,Methamphetamine,29,469.66839371956
2025,OCT,Office of Field Operations,Coastal/Interior,Other,SAN FRANCISCO FIELD OFFICE,Other Drugs**,11,77.5996738447844
2025,OCT,Office of Field Operations,Coastal/Interior,Other,SAN JUAN FIELD OFFICE,Cocaine,9,1467.215154968112
2025,OCT,Office of Field Operations,Coastal/Interior,Other,SAN JUAN FIELD OFFICE,Fentanyl,1,0.19400679056
2025,OCT,Office of Field Operations,Coastal/Interior,Other,SAN JUAN FIELD OFFICE,Marijuana,76,180.7396141413282
2025,OCT,Office of Field Operations,Coastal/Interior,Other,SAN JUAN FIELD OFFICE,Other Drugs**,7,3.5119638336600003
2025,OCT,Office of Field Operations,Coastal/Interior,Other,TAMPA FIELD OFFICE,Fentanyl,2,0.41005980732
2025,OCT,Office of Field Operations,Coastal/Interior,Other,TAMPA FIELD OFFICE,Ketamine,1,0.0103176338616
2025,OCT,Office of Field Operations,Coastal/Interior,Other,TAMPA FIELD OFFICE,Marijuana,10,58.3351743280218
2025,OCT,Office of Field Operations,Coastal/Interior,Other,TAMPA FIELD OFFICE,Other Drugs**,6,0.79256183189
2025,OCT,Office of Field Operations,Northern Border,Land Only,BOSTON FIELD OFFICE,Cocaine,1,0.00110231131
2025,OCT,Office of Field Operations,Northern Border,Land Only,BOSTON FIELD OFFICE,Marijuana,29,4.3679967507798
2025,OCT,Office of Field Operations,Northern Border,Land Only,BOSTON FIELD OFFICE,Other Drugs**,1,0.020723452628
2025,OCT,Office of Field Operations,Northern Border,Land Only,BUFFALO FIELD OFFICE,Cocaine,1,0.032848877038
2025,OCT,Office of Field Operations,Northern Border,Land Only,BUFFALO FIELD OFFICE,Ecstasy,2,0.0341055119314
2025,OCT,Office of Field Operations,Northern Border,Land Only,BUFFALO FIELD OFFICE,Ketamine,1,0.014109584768
2025,OCT,Office of Field Operations,Northern Border,Land Only,BUFFALO FIELD OFFICE,Marijuana,63,34.782331075740004
2025,OCT,Office of Field Operations,Northern Border,Land Only,BUFFALO FIELD OFFICE,Other Drugs**,7,0.740973662582
2025,OCT,Office of Field Operations,Northern Border,Land Only,DETROIT FIELD OFFICE,Cocaine,5,0.1117523206078
2025,OCT,Office of Field Operations,Northern Border,Land Only,DETROIT FIELD OFFICE,Ecstasy,1,0.005291094288
2025,OCT,Office of Field Operations,Northern Border,Land Only,DETROIT FIELD OFFICE,Fentanyl,1,0.0072532084198
2025,OCT,Office of Field Operations,Northern Border,Land Only,DETROIT FIELD OFFICE,Heroin,1,0.0085759819918
2025,OCT,Office of Field Operations,Northern Border,Land Only,DETROIT FIELD OFFICE,Ketamine,1,0.0771176992476
2025,OCT,Office of Field Operations,Northern Border,Land Only,DETROIT FIELD OFFICE,Lsd,1,0.0025573622392
2025,OCT,Office of Field Operations,Northern Border,Land Only,DETROIT FIELD OFFICE,Marijuana,146,13.4321483293264
2025,OCT,Office of Field Operations,Northern Border,Land Only,DETROIT FIELD OFFICE,Methamphetamine,3,0.0203266205564
2025,OCT,Office of Field Operations,Northern Border,Land Only,DETROIT FIELD OFFICE,Other Drugs**,116,11.9818152925332
2025,OCT,Office of Field Operations,Northern Border,Land Only,SEATTLE FIELD OFFICE,Cocaine,5,0.1446452900982
2025,OCT,Office of Field Operations,Northern Border,Land Only,SEATTLE FIELD OFFICE,Lsd,3,0.290459030185
2025,OCT,Office of Field Operations,Northern Border,Land Only,SEATTLE FIELD OFFICE,Marijuana,106,18.3167322524246
2025,OCT,Office of Field Operations,Northern Border,Land Only,SEATTLE FIELD OFFICE,Methamphetamine,1,0.000881849048
2025,OCT,Office of Field Operations,Northern Border,Land Only,SEATTLE FIELD OFFICE,Other Drugs**,17,2.4062574048252
2025,OCT,Office of Field Operations,Northern Border,Other,BOSTON FIELD OFFICE,Cocaine,1,0.058863423954
2025,OCT,Office of Field Operations,Northern Border,Other,BOSTON FIELD OFFICE,Ketamine,2,0.4418063730479999
2025,OCT,Office of Field Operations,Northern Border,Other,BOSTON FIELD OFFICE,Marijuana,16,98.99637412848
2025,OCT,Office of Field Operations,Northern Border,Other,BOSTON FIELD OFFICE,Other Drugs**,8,2.186765176778
2025,OCT,Office of Field Operations,Northern Border,Other,BUFFALO FIELD OFFICE,Ecstasy,1,1.145962837876
2025,OCT,Office of Field Operations,Northern Border,Other,BUFFALO FIELD OFFICE,Marijuana,3,8.313411437758
2025,OCT,Office of Field Operations,Northern Border,Other,BUFFALO FIELD OFFICE,Other Drugs**,10,7.874250611853999
2025,OCT,Office of Field Operations,Northern Border,Other,DETROIT FIELD OFFICE,Marijuana,8,1.683339601501
2025,OCT,Office of Field Operations,Northern Border,Other,DETROIT FIELD OFFICE,Methamphetamine,1,0.00110231131
2025,OCT,Office of Field Operations,Northern Border,Other,DETROIT FIELD OFFICE,Other Drugs**,3,0.4924465546294
2025,OCT,Office of Field Operations,Northern Border,Other,PORTLAND FIELD OFFICE,Cocaine,1,0.00881849048
2025,OCT,Office of Field Operations,Northern Border,Other,PORTLAND FIELD OFFICE,Marijuana,2,0.31526103466
2025,OCT,Office of Field Operations,Northern Border,Other,PORTLAND FIELD OFFICE,Methamphetamine,1,0.00881849048
2025,OCT,Office of Field Operations,Northern Border,Other,PORTLAND FIELD OFFICE,Other Drugs**,6,106.970824838413
2025,OCT,Office of Field Operations,Northern Border,Other,SEATTLE FIELD OFFICE,Marijuana,5,0.8707377499951999
2025,OCT,Office of Field Operations,Northern Border,Other,SEATTLE FIELD OFFICE,Methamphetamine,1,0.0088846291586
2025,OCT,Office of Field Operations,Northern Border,Other,SEATTLE FIELD OFFICE,Other Drugs**,3,3.1994365310488
2025,OCT,Office of Field Operations,Southwest Border,Land Only,EL PASO FIELD OFFICE,Cocaine,17,331.010417732756
2025,OCT,Office of Field Operations,Southwest Border,Land Only,EL PASO FIELD OFFICE,Fentanyl,10,3.202655280074
2025,OCT,Office of Field Operations,Southwest Border,Land Only,EL PASO FIELD OFFICE,Marijuana,44,0.3889615688466
2025,OCT,Office of Field Operations,Southwest Border,Land Only,EL PASO FIELD OFFICE,Methamphetamine,5,8.122050194342
2025,OCT,Office of Field Operations,Southwest Border,Land Only,EL PASO FIELD OFFICE,Other Drugs**,20,41.619527207146
2025,OCT,Office of Field Operations,Southwest Border,Land Only,LAREDO FIELD OFFICE,Cocaine,15,924.8084566506772
2025,OCT,Office of Field Operations,Southwest Border,Land Only,LAREDO FIELD OFFICE,Fentanyl,3,4.7326192859016
2025,OCT,Office of Field Operations,Southwest Border,Land Only,LAREDO FIELD OFFICE,Heroin,2,49.694839401944
2025,OCT,Office of Field Operations,Southwest Border,Land Only,LAREDO FIELD OFFICE,Marijuana,19,4.4485536613146
2025,OCT,Office of Field Operations,Southwest Border,Land Only,LAREDO FIELD OFFICE,Methamphetamine,13,1442.7340994541316
2025,OCT,Office of Field Operations,Southwest Border,Land Only,LAREDO FIELD OFFICE,Other Drugs**,24,6.2346066306814
2025,OCT,Office of Field Operations,Southwest Border,Land Only,SAN DIEGO FIELD OFFICE,Cocaine,24,926.704740751044
2025,OCT,Office of Field Operations,Southwest Border,Land Only,SAN DIEGO FIELD OFFICE,Fentanyl,26,814.99827629374
2025,OCT,Office of Field Operations,Southwest Border,Land Only,SAN DIEGO FIELD OFFICE,Heroin,5,47.2671089728
2025,OCT,Office of Field Operations,Southwest Border,Land Only,SAN DIEGO FIELD OFFICE,Ketamine,1,0.004188782978
2025,OCT,Office of Field Operations,Southwest Border,Land Only,SAN DIEGO FIELD OFFICE,Marijuana,25,2.4210283763792
2025,OCT,Office of Field Operations,Southwest Border,Land Only,SAN DIEGO FIELD OFFICE,Methamphetamine,50,6595.20132027646
2025,OCT,Office of Field Operations,Southwest Border,Land Only,SAN DIEGO FIELD OFFICE,Other Drugs**,45,67.1705081248386
2025,OCT,Office of Field Operations,Southwest Border,Land Only,TUCSON FIELD OFFICE,Cocaine,7,91.635580124824
2025,OCT,Office of Field Operations,Southwest Border,Land Only,TUCSON FIELD OFFICE,Fentanyl,24,892.91735586371
2025,OCT,Office of Field Operations,Southwest Border,Land Only,TUCSON FIELD OFFICE,Heroin,7,145.015446236098
2025,OCT,Office of Field Operations,Southwest Border,Land Only,TUCSON FIELD OFFICE,Marijuana,11,108.8256399872976
2025,OCT,Office of Field Operations,Southwest Border,Land Only,TUCSON FIELD OFFICE,Methamphetamine,10,408.18477578169
2025,OCT,Office of Field Operations,Southwest Border,Land Only,TUCSON FIELD OFFICE,Other Drugs**,7,1112.958094018766
2025,OCT,Office of Field Operations,Southwest Border,Other,EL PASO FIELD OFFICE,Methamphetamine,1,0.015652820602
2025,OCT,Office of Field Operations,Southwest Border,Other,LAREDO FIELD OFFICE,Marijuana,2,0.0036817197754
2025,OCT,Office of Field Operations,Southwest Border,Other,SAN DIEGO FIELD OFFICE,Ketamine,1,0.00220462262
2025,OCT,Office of Field Operations,Southwest Border,Other,SAN DIEGO FIELD OFFICE,Marijuana,7,391.905621893348
2025,OCT,Office of Field Operations,Southwest Border,Other,TUCSON FIELD OFFICE,Cocaine,1,0.002425084882
2025,OCT,Office of Field Operations,Southwest Border,Other,TUCSON FIELD OFFICE,Fentanyl,2,16.865363043
2025,OCT,Office of Field Operations,Southwest Border,Other,TUCSON FIELD OFFICE,Marijuana,3,0.641986106944
2025,OCT,Office of Field Operations,Southwest Border,Other,TUCSON FIELD OFFICE,Other Drugs**,1,0.002425084882
2025,OCT,U.S. Border Patrol,Coastal/Interior,Other,MIAMI SECTOR,Cocaine,11,94.6221
2025,OCT,U.S. Border Patrol,Coastal/Interior,Other,MIAMI SECTOR,Marijuana,2,3.1351
2025,OCT,U.S. Border Patrol,Coastal/Interior,Other,MIAMI SECTOR,Methamphetamine,3,34.0894
2025,OCT,U.S. Border Patrol,Coastal/Interior,Other,NEW ORLEANS SECTOR,Cocaine,5,89.1923
2025,OCT,U.S. Border Patrol,Coastal/Interior,Other,NEW ORLEANS SECTOR,Ecstasy,1,0.748
2025,OCT,U.S. Border Patrol,Coastal/Interior,Other,NEW ORLEANS SECTOR,Fentanyl,1,26.4552
2025,OCT,U.S. Border Patrol,Coastal/Interior,Other,NEW ORLEANS SECTOR,Marijuana,1,0.0077
2025,OCT,U.S. Border Patrol,Coastal/Interior,Other,NEW ORLEANS SECTOR,Methamphetamine,1,9.1508
2025,OCT,U.S. Border Patrol,Coastal/Interior,Other,NEW ORLEANS SECTOR,Other Drugs**,2,1.0252
2025,OCT,U.S. Border Patrol,Coastal/Interior,Other,RAMEY SECTOR,Cocaine,1,1147.7025
2025,OCT,U.S. Border Patrol,Northern Border,Land Only,BLAINE SECTOR,Marijuana,1,0.0699
2025,OCT,U.S. Border Patrol,Northern Border,Land Only,BUFFALO SECTOR,Cocaine,1,0.0
2025,OCT,U.S. Border Patrol,Northern Border,Land Only,BUFFALO SECTOR,Marijuana,1,21.0798
2025,OCT,U.S. Border Patrol,Northern Border,Land Only,DETROIT SECTOR,Fentanyl,1,1.4374
2025,OCT,U.S. Border Patrol,Northern Border,Land Only,DETROIT SECTOR,Marijuana,7,17.0593
2025,OCT,U.S. Border Patrol,Northern Border,Land Only,DETROIT SECTOR,Methamphetamine,1,1.466
2025,OCT,U.S. Border Patrol,Northern Border,Land Only,DETROIT SECTOR,Other Drugs**,1,1.6997
2025,OCT,U.S. Border Patrol,Northern Border,Land Only,HAVRE SECTOR,Fentanyl,1,0.4985
2025,OCT,U.S. Border Patrol,Northern Border,Land Only,HOULTON SECTOR,Marijuana,1,0.0152
2025,OCT,U.S. Border Patrol,Northern Border,Land Only,HOULTON SECTOR,Methamphetamine,1,0.0044
2025,OCT,U.S. Border Patrol,Northern Border,Land Only,SPOKANE SECTOR,Cocaine,1,0.1032
2025,OCT,U.S. Border Patrol,Northern Border,Land Only,SPOKANE SECTOR,Fentanyl,4,1.9606
2025,OCT,U.S. Border Patrol,Northern Border,Land Only,SPOKANE SECTOR,Methamphetamine,2,0.0286
2025,OCT,U.S. Border Patrol,Northern Border,Land Only,SWANTON SECTOR,Marijuana,3,0.1475999999999999
2025,OCT,U.S. Border Patrol,Southwest Border,Land Only,BIG BEND SECTOR,Cocaine,8,23.2458
2025,OCT,U.S. Border Patrol,Southwest Border,Land Only,BIG BEND SECTOR,Ecstasy,3,0.0247
2025,OCT,U.S. Border Patrol,Southwest Border,Land Only,BIG BEND SECTOR,Fentanyl,1,3.3289
2025,OCT,U.S. Border Patrol,Southwest Border,Land Only,BIG BEND SECTOR,Marijuana,93,365.686
2025,OCT,U.S. Border Patrol,Southwest Border,Land Only,BIG BEND SECTOR,Methamphetamine,1,0.0163
2025,OCT,U.S. Border Patrol,Southwest Border,Land Only,BIG BEND SECTOR,Other Drugs**,9,0.5823999999999999
2025,OCT,U.S. Border Patrol,Southwest Border,Land Only,DEL RIO SECTOR,Marijuana,9,0.6512
2025,OCT,U.S. Border Patrol,Southwest Border,Land Only,DEL RIO SECTOR,Methamphetamine,2,0.0096999999999999
2025,OCT,U.S. Border Patrol,Southwest Border,Land Only,DEL RIO SECTOR,Other Drugs**,1,0.0044
2025,OCT,U.S. Border Patrol,Southwest Border,Land Only,EL CENTRO SECTOR,Cocaine,2,0.1138
2025,OCT,U.S. Border Patrol,Southwest Border,Land Only,EL CENTRO SECTOR,Fentanyl,8,84.8324
2025,OCT,U.S. Border Patrol,Southwest Border,Land Only,EL CENTRO SECTOR,Heroin,1,0.0035
2025,OCT,U.S. Border Patrol,Southwest Border,Land Only,EL CENTRO SECTOR,Marijuana,6,0.4593
2025,OCT,U.S. Border Patrol,Southwest Border,Land Only,EL CENTRO SECTOR,Methamphetamine,10,843.4214999999999
2025,OCT,U.S. Border Patrol,Southwest Border,Land Only,EL CENTRO SECTOR,Other Drugs**,1,0.0062
2025,OCT,U.S. Border Patrol,Southwest Border,Land Only,EL PASO SECTOR,Marijuana,7,98.1769
2025,OCT,U.S. Border Patrol,Southwest Border,Land Only,EL PASO SECTOR,Methamphetamine,2,0.0063999999999999
2025,OCT,U.S. Border Patrol,Southwest Border,Land Only,EL PASO SECTOR,Other Drugs**,1,0.4916
2025,OCT,U.S. Border Patrol,Southwest Border,Land Only,LAREDO SECTOR,Cocaine,1,0.0009
2025,OCT,U.S. Border Patrol,Southwest Border,Land Only,LAREDO SECTOR,Marijuana,13,51.0516
2025,OCT,U.S. Border Patrol,Southwest Border,Land Only,LAREDO SECTOR,Methamphetamine,1,0.0022
2025,OCT,U.S. Border Patrol,Southwest Border,Land Only,LAREDO SECTOR,Other Drugs**,1,0.2976
2025,OCT,U.S. Border Patrol,Southwest Border,Land Only,RIO GRANDE VALLEY SECTOR,Cocaine,11,126.4146
2025,OCT,U.S. Border Patrol,Southwest Border,Land Only,RIO GRANDE VALLEY SECTOR,Marijuana,39,2471.0833
2025,OCT,U.S. Border Patrol,Southwest Border,Land Only,RIO GRANDE VALLEY SECTOR,Other Drugs**,3,0.6040000000000001
2025,OCT,U.S. Border Patrol,Southwest Border,Land Only,SAN DIEGO SECTOR,Cocaine,6,350.304
2025,OCT,U.S. Border Patrol,Southwest Border,Land Only,SAN DIEGO SECTOR,Fentanyl,4,36.3832
2025,OCT,U.S. Border Patrol,Southwest Border,Land Only,SAN DIEGO SECTOR,Heroin,1,11.7945
2025,OCT,U.S. Border Patrol,Southwest Border,Land Only,SAN DIEGO SECTOR,Marijuana,4,358.48299999999995
2025,OCT,U.S. Border Patrol,Southwest Border,Land Only,SAN DIEGO SECTOR,Methamphetamine,5,19.6454
2025,OCT,U.S. Border Patrol,Southwest Border,Land Only,SAN DIEGO SECTOR,Other Drugs**,1,0.0436
2025,OCT,U.S. Border Patrol,Southwest Border,Land Only,TUCSON SECTOR,Cocaine,5,25.367
2025,OCT,U.S. Border Patrol,Southwest Border,Land Only,TUCSON SECTOR,Fentanyl,6,45.003800000000005
2025,OCT,U.S. Border Patrol,Southwest Border,Land Only,TUCSON SECTOR,Heroin,1,0.0
2025,OCT,U.S. Border Patrol,Southwest Border,Land Only,TUCSON SECTOR,Marijuana,19,44.3542
2025,OCT,U.S. Border Patrol,Southwest Border,Land Only,TUCSON SECTOR,Methamphetamine,8,137.2092
2025,OCT,U.S. Border Patrol,Southwest Border,Land Only,TUCSON SECTOR,Other Drugs**,2,0.0688
2025,OCT,U.S. Border Patrol,Southwest Border,Land Only,YUMA SECTOR,Cocaine,4,0.0093
2025,OCT,U.S. Border Patrol,Southwest Border,Land Only,YUMA SECTOR,Marijuana,8,0.7232999999999999
2025,OCT,U.S. Border Patrol,Southwest Border,Land Only,YUMA SECTOR,Methamphetamine,3,147.5884
2025,OCT,U.S. Border Patrol,Southwest Border,Land Only,YUMA SECTOR,Other Drugs**,1,2.2994
2025,SEP,Office of Field Operations,Coastal/Interior,Other,ATLANTA FIELD OFFICE,Marijuana,7,85.722561795722
2025,SEP,Office of Field Operations,Coastal/Interior,Other,ATLANTA FIELD OFFICE,Other Drugs**,7,1.600335559858
2025,SEP,Office of Field Operations,Coastal/Interior,Other,BALTIMORE FIELD OFFICE,Cocaine,2,0.81791499202
2025,SEP,Office of Field Operations,Coastal/Interior,Other,BALTIMORE FIELD OFFICE,Ketamine,2,37.919509064
2025,SEP,Office of Field Operations,Coastal/Interior,Other,BALTIMORE FIELD OFFICE,Marijuana,15,42.8378678056366
2025,SEP,Office of Field Operations,Coastal/Interior,Other,BALTIMORE FIELD OFFICE,Other Drugs**,11,23.7878780698
2025,SEP,Office of Field Operations,Coastal/Interior,Other,CHICAGO FIELD OFFICE,Cocaine,18,72.826842242294
2025,SEP,Office of Field Operations,Coastal/Interior,Other,CHICAGO FIELD OFFICE,Ecstasy,7,0.345905289078
2025,SEP,Office of Field Operations,Coastal/Interior,Other,CHICAGO FIELD OFFICE,Fentanyl,5,19.621141318
2025,SEP,Office of Field Operations,Coastal/Interior,Other,CHICAGO FIELD OFFICE,Heroin,8,8.6743522531044
2025,SEP,Office of Field Operations,Coastal/Interior,Other,CHICAGO FIELD OFFICE,Ketamine,18,234.561485041686
2025,SEP,Office of Field Operations,Coastal/Interior,Other,CHICAGO FIELD OFFICE,Khat (Catha Edulis),1,16.975594174
2025,SEP,Office of Field Operations,Coastal/Interior,Other,CHICAGO FIELD OFFICE,Lsd,4,0.204809441398
2025,SEP,Office of Field Operations,Coastal/Interior,Other,CHICAGO FIELD OFFICE,Marijuana,282,1444.6026934943911
2025,SEP,Office of Field Operations,Coastal/Interior,Other,CHICAGO FIELD OFFICE,Methamphetamine,36,308.8374477783322
2025,SEP,Office of Field Operations,Coastal/Interior,Other,CHICAGO FIELD OFFICE,Other Drugs**,509,1314.4085283004815
2025,SEP,Office of Field Operations,Coastal/Interior,Other,HOUSTON FIELD OFFICE,Ketamine,2,18.4526913294
2025,SEP,Office of Field Operations,Coastal/Interior,Other,HOUSTON FIELD OFFICE,Marijuana,31,9.3505100106584
2025,SEP,Office of Field Operations,Coastal/Interior,Other,HOUSTON FIELD OFFICE,Other Drugs**,51,123.6586716680506
2025,SEP,Office of Field Operations,Coastal/Interior,Other,LOS ANGELES FIELD OFFICE,Cocaine,5,0.3650414134195999
2025,SEP,Office of Field Operations,Coastal/Interior,Other,LOS ANGELES FIELD OFFICE,Ecstasy,8,0.0797852926178
2025,SEP,Office of Field Operations,Coastal/Interior,Other,LOS ANGELES FIELD OFFICE,Fentanyl,1,0.001322773572
2025,SEP,Office of Field Operations,Coastal/Interior,Other,LOS ANGELES FIELD OFFICE,Ketamine,18,212.672448434492
2025,SEP,Office of Field Operations,Coastal/Interior,Other,LOS ANGELES FIELD OFFICE,Lsd,20,0.676378219816
2025,SEP,Office of Field Operations,Coastal/Interior,Other,LOS ANGELES FIELD OFFICE,Marijuana,78,6251.665140712138
2025,SEP,Office of Field Operations,Coastal/Interior,Other,LOS ANGELES FIELD OFFICE,Methamphetamine,21,126.6023499289532
2025,SEP,Office of Field Operations,Coastal/Interior,Other,LOS ANGELES FIELD OFFICE,Other Drugs**,240,307.583877310374
2025,SEP,Office of Field Operations,Coastal/Interior,Other,MIAMI FIELD OFFICE,Cocaine,24,170.86261820278762
2025,SEP,Office of Field Operations,Coastal/Interior,Other,MIAMI FIELD OFFICE,Ecstasy,6,0.2618871210298
2025,SEP,Office of Field Operations,Coastal/Interior,Other,MIAMI FIELD OFFICE,Ketamine,5,8.674308160652
2025,SEP,Office of Field Operations,Coastal/Interior,Other,MIAMI FIELD OFFICE,Lsd,3,0.0579595286798
2025,SEP,Office of Field Operations,Coastal/Interior,Other,MIAMI FIELD OFFICE,Marijuana,150,453.4468245740524
2025,SEP,Office of Field Operations,Coastal/Interior,Other,MIAMI FIELD OFFICE,Methamphetamine,7,0.9918156242856
2025,SEP,Office of Field Operations,Coastal/Interior,Other,MIAMI FIELD OFFICE,Other Drugs**,224,1597.046373140091
2025,SEP,Office of Field Operations,Coastal/Interior,Other,NEW ORLEANS FIELD OFFICE,Cocaine,13,57.640740248948
2025,SEP,Office of Field Operations,Coastal/Interior,Other,NEW ORLEANS FIELD OFFICE,Fentanyl,1,3.747858454
2025,SEP,Office of Field Operations,Coastal/Interior,Other,NEW ORLEANS FIELD OFFICE,Ketamine,17,168.102474775
2025,SEP,Office of Field Operations,Coastal/Interior,Other,NEW ORLEANS FIELD OFFICE,Marijuana,225,1510.5168312805442
2025,SEP,Office of Field Operations,Coastal/Interior,Other,NEW ORLEANS FIELD OFFICE,Methamphetamine,13,233.586600919122
2025,SEP,Office of Field Operations,Coastal/Interior,Other,NEW ORLEANS FIELD OFFICE,Other Drugs**,45,83.265950810256
2025,SEP,Office of Field Operations,Coastal/Interior,Other,NEW YORK FIELD OFFICE,Cocaine,6,72.5210610849
2025,SEP,Office of Field Operations,Coastal/Interior,Other,NEW YORK FIELD OFFICE,Ecstasy,7,1.207471808974
2025,SEP,Office of Field Operations,Coastal/Interior,Other,NEW YORK FIELD OFFICE,Fentanyl,3,0.551155655
2025,SEP,Office of Field Operations,Coastal/Interior,Other,NEW YORK FIELD OFFICE,Heroin,9,0.073634395508
2025,SEP,Office of Field Operations,Coastal/Interior,Other,NEW YORK FIELD OFFICE,Ketamine,27,221.768721364612
2025,SEP,Office of Field Operations,Coastal/Interior,Other,NEW YORK FIELD OFFICE,Lsd,3,0.00661386786
2025,SEP,Office of Field Operations,Coastal/Interior,Other,NEW YORK FIELD OFFICE,Marijuana,59,2660.225433219055
2025,SEP,Office of Field Operations,Coastal/Interior,Other,NEW YORK FIELD OFFICE,Methamphetamine,2,0.009700339528
2025,SEP,Office of Field Operations,Coastal/Interior,Other,NEW YORK FIELD OFFICE,Other Drugs**,566,10661.802811948712
2025,SEP,Office of Field Operations,Coastal/Interior,Other,PRECLEARANCE FIELD OFFICE,Marijuana,17,0.8714652754598
2025,SEP,Office of Field Operations,Coastal/Interior,Other,PRECLEARANCE FIELD OFFICE,Other Drugs**,5,0.575847428344
2025,SEP,Office of Field Operations,Coastal/Interior,Other,SAN FRANCISCO FIELD OFFICE,Cocaine,1,13.778891375
2025,SEP,Office of Field Operations,Coastal/Interior,Other,SAN FRANCISCO FIELD OFFICE,Ketamine,1,22.928075248
2025,SEP,Office of Field Operations,Coastal/Interior,Other,SAN FRANCISCO FIELD OFFICE,Marijuana,47,162.8650410015708
2025,SEP,Office of Field Operations,Coastal/Interior,Other,SAN FRANCISCO FIELD OFFICE,Methamphetamine,12,131.095238551156
2025,SEP,Office of Field Operations,Coastal/Interior,Other,SAN FRANCISCO FIELD OFFICE,Other Drugs**,21,71.294629521394
2025,SEP,Office of Field Operations,Coastal/Interior,Other,SAN JUAN FIELD OFFICE,Cocaine,7,431.007690530716
2025,SEP,Office of Field Operations,Coastal/Interior,Other,SAN JUAN FIELD OFFICE,Lsd,2,2.444706023318
2025,SEP,Office of Field Operations,Coastal/Interior,Other,SAN JUAN FIELD OFFICE,Marijuana,128,314.8773421392152
2025,SEP,Office of Field Operations,Coastal/Interior,Other,SAN JUAN FIELD OFFICE,Other Drugs**,11,46.992412994348
2025,SEP,Office of Field Operations,Coastal/Interior,Other,TAMPA FIELD OFFICE,Cocaine,4,2222.383941675768
2025,SEP,Office of Field Operations,Coastal/Interior,Other,TAMPA FIELD OFFICE,Ecstasy,1,0.011904962148
2025,SEP,Office of Field Operations,Coastal/Interior,Other,TAMPA FIELD OFFICE,Fentanyl,2,0.47509617461
2025,SEP,Office of Field Operations,Coastal/Interior,Other,TAMPA FIELD OFFICE,Marijuana,25,2.3619444901632
2025,SEP,Office of Field Operations,Coastal/Interior,Other,TAMPA FIELD OFFICE,Methamphetamine,1,0.004629707502
2025,SEP,Office of Field Operations,Coastal/Interior,Other,TAMPA FIELD OFFICE,Other Drugs**,17,7.6079101531318
2025,SEP,Office of Field Operations,Northern Border,Land Only,BOSTON FIELD OFFICE,Cocaine,3,0.003417165061
2025,SEP,Office of Field Operations,Northern Border,Land Only,BOSTON FIELD OFFICE,Marijuana,28,4.610417054075
2025,SEP,Office of Field Operations,Northern Border,Land Only,BOSTON FIELD OFFICE,Methamphetamine,2,0.0099428480162
2025,SEP,Office of Field Operations,Northern Border,Land Only,BOSTON FIELD OFFICE,Other Drugs**,2,0.1374802665832
2025,SEP,Office of Field Operations,Northern Border,Land Only,BUFFALO FIELD OFFICE,Cocaine,2,0.00440924524
2025,SEP,Office of Field Operations,Northern Border,Land Only,BUFFALO FIELD OFFICE,Khat (Catha Edulis),1,0.496260551762
2025,SEP,Office of Field Operations,Northern Border,Land Only,BUFFALO FIELD OFFICE,Marijuana,100,21.019202752473
2025,SEP,Office of Field Operations,Northern Border,Land Only,BUFFALO FIELD OFFICE,Other Drugs**,4,0.5130156836740001
2025,SEP,Office of Field Operations,Northern Border,Land Only,DETROIT FIELD OFFICE,Cocaine,6,1049.3277909433496
2025,SEP,Office of Field Operations,Northern Border,Land Only,DETROIT FIELD OFFICE,Ecstasy,3,0.458010349305
2025,SEP,Office of Field Operations,Northern Border,Land Only,DETROIT FIELD OFFICE,Ketamine,1,0.204368516874
2025,SEP,Office of Field Operations,Northern Border,Land Only,DETROIT FIELD OFFICE,Lsd,1,0.0091712300992
2025,SEP,Office of Field Operations,Northern Border,Land Only,DETROIT FIELD OFFICE,Marijuana,148,24.0445622814466
2025,SEP,Office of Field Operations,Northern Border,Land Only,DETROIT FIELD OFFICE,Methamphetamine,2,1004.5847764544136
2025,SEP,Office of Field Operations,Northern Border,Land Only,DETROIT FIELD OFFICE,Other Drugs**,125,12.6033425015636
2025,SEP,Office of Field Operations,Northern Border,Land Only,SEATTLE FIELD OFFICE,Cocaine,6,0.0839740755958
2025,SEP,Office of Field Operations,Northern Border,Land Only,SEATTLE FIELD OFFICE,Ecstasy,2,0.0128529498745999
2025,SEP,Office of Field Operations,Northern Border,Land Only,SEATTLE FIELD OFFICE,Fentanyl,2,0.044753839186
2025,SEP,Office of Field Operations,Northern Border,Land Only,SEATTLE FIELD OFFICE,Ketamine,1,0.004850169764
2025,SEP,Office of Field Operations,Northern Border,Land Only,SEATTLE FIELD OFFICE,Marijuana,122,11.657052334381
2025,SEP,Office of Field Operations,Northern Border,Land Only,SEATTLE FIELD OFFICE,Methamphetamine,1,0.007605948039
2025,SEP,Office of Field Operations,Northern Border,Land Only,SEATTLE FIELD OFFICE,Other Drugs**,12,0.8126018515058
2025,SEP,Office of Field Operations,Northern Border,Other,BOSTON FIELD OFFICE,Ketamine,1,13.999353637
2025,SEP,Office of Field Operations,Northern Border,Other,BOSTON FIELD OFFICE,Marijuana,9,2.134295158422
2025,SEP,Office of Field Operations,Northern Border,Other,BOSTON FIELD OFFICE,Methamphetamine,1,10.9349281952
2025,SEP,Office of Field Operations,Northern Border,Other,BOSTON FIELD OFFICE,Other Drugs**,22,10.5521175234632
2025,SEP,Office of Field Operations,Northern Border,Other,BUFFALO FIELD OFFICE,Ecstasy,1,0.13337966851
2025,SEP,Office of Field Operations,Northern Border,Other,BUFFALO FIELD OFFICE,Marijuana,8,16.12240522006
2025,SEP,Office of Field Operations,Northern Border,Other,BUFFALO FIELD OFFICE,Methamphetamine,2,0.440042674952
2025,SEP,Office of Field Operations,Northern Border,Other,BUFFALO FIELD OFFICE,Other Drugs**,1,0.054454178714
2025,SEP,Office of Field Operations,Northern Border,Other,DETROIT FIELD OFFICE,Lsd,1,0.1665151464886
2025,SEP,Office of Field Operations,Northern Border,Other,DETROIT FIELD OFFICE,Marijuana,3,0.2662522738174
2025,SEP,Office of Field Operations,Northern Border,Other,DETROIT FIELD OFFICE,Other Drugs**,7,14.4790354266596
2025,SEP,Office of Field Operations,Northern Border,Other,PORTLAND FIELD OFFICE,Marijuana,2,3.680397001828
2025,SEP,Office of Field Operations,Northern Border,Other,PORTLAND FIELD OFFICE,Other Drugs**,2,4.15130439346
2025,SEP,Office of Field Operations,Northern Border,Other,SEATTLE FIELD OFFICE,Ecstasy,1,0.007495716908
2025,SEP,Office of Field Operations,Northern Border,Other,SEATTLE FIELD OFFICE,Khat (Catha Edulis),2,88.51559819299999
2025,SEP,Office of Field Operations,Northern Border,Other,SEATTLE FIELD OFFICE,Lsd,2,0.265436563448
2025,SEP,Office of Field Operations,Northern Border,Other,SEATTLE FIELD OFFICE,Marijuana,15,86.68020576939759
2025,SEP,Office of Field Operations,Northern Border,Other,SEATTLE FIELD OFFICE,Other Drugs**,6,0.4808061471958
2025,SEP,Office of Field Operations,Southwest Border,Land Only,EL PASO FIELD OFFICE,Cocaine,12,256.1010007787052
2025,SEP,Office of Field Operations,Southwest Border,Land Only,EL PASO FIELD OFFICE,Fentanyl,4,0.5787134377500001
2025,SEP,Office of Field Operations,Southwest Border,Land Only,EL PASO FIELD OFFICE,Marijuana,30,1.3840620808359998
2025,SEP,Office of Field Operations,Southwest Border,Land Only,EL PASO FIELD OFFICE,Methamphetamine,9,421.245180644832
2025,SEP,Office of Field Operations,Southwest Border,Land Only,EL PASO FIELD OFFICE,Other Drugs**,16,78.3748632504288
2025,SEP,Office of Field Operations,Southwest Border,Land Only,LAREDO FIELD OFFICE,Cocaine,26,884.5147894871992
2025,SEP,Office of Field Operations,Southwest Border,Land Only,LAREDO FIELD OFFICE,Fentanyl,3,119.136924535752
2025,SEP,Office of Field Operations,Southwest Border,Land Only,LAREDO FIELD OFFICE,Heroin,2,43.6074354236
2025,SEP,Office of Field Operations,Southwest Border,Land Only,LAREDO FIELD OFFICE,Marijuana,21,0.8828631744052
2025,SEP,Office of Field Operations,Southwest Border,Land Only,LAREDO FIELD OFFICE,Methamphetamine,11,5232.927392516563
2025,SEP,Office of Field Operations,Southwest Border,Land Only,LAREDO FIELD OFFICE,Other Drugs**,53,199.0559054692288
2025,SEP,Office of Field Operations,Southwest Border,Land Only,SAN DIEGO FIELD OFFICE,Cocaine,22,1371.156660943044
2025,SEP,Office of Field Operations,Southwest Border,Land Only,SAN DIEGO FIELD OFFICE,Fentanyl,19,327.062600007122
2025,SEP,Office of Field Operations,Southwest Border,Land Only,SAN DIEGO FIELD OFFICE,Heroin,3,29.8064978224
2025,SEP,Office of Field Operations,Southwest Border,Land Only,SAN DIEGO FIELD OFFICE,Marijuana,32,3.2396708938638
2025,SEP,Office of Field Operations,Southwest Border,Land Only,SAN DIEGO FIELD OFFICE,Methamphetamine,48,6944.297558088422
2025,SEP,Office of Field Operations,Southwest Border,Land Only,SAN DIEGO FIELD OFFICE,Other Drugs**,37,9.3683013152018
2025,SEP,Office of Field Operations,Southwest Border,Land Only,TUCSON FIELD OFFICE,Cocaine,3,27.05512879264
2025,SEP,Office of Field Operations,Southwest Border,Land Only,TUCSON FIELD OFFICE,Fentanyl,10,158.65551252471658
2025,SEP,Office of Field Operations,Southwest Border,Land Only,TUCSON FIELD OFFICE,Heroin,3,40.02382135479
2025,SEP,Office of Field Operations,Southwest Border,Land Only,TUCSON FIELD OFFICE,Marijuana,6,1.467066122479
2025,SEP,Office of Field Operations,Southwest Border,Land Only,TUCSON FIELD OFFICE,Methamphetamine,12,755.7128214315936
2025,SEP,Office of Field Operations,Southwest Border,Land Only,TUCSON FIELD OFFICE,Other Drugs**,5,1.0120761061634
2025,SEP,Office of Field Operations,Southwest Border,Other,EL PASO FIELD OFFICE,Marijuana,1,0.023589462034
2025,SEP,Office of Field Operations,Southwest Border,Other,EL PASO FIELD OFFICE,Other Drugs**,1,0.0070768386102
2025,SEP,Office of Field Operations,Southwest Border,Other,LAREDO FIELD OFFICE,Cocaine,3,0.7870723215662
2025,SEP,Office of Field Operations,Southwest Border,Other,LAREDO FIELD OFFICE,Marijuana,1,0.014991433816
2025,SEP,Office of Field Operations,Southwest Border,Other,LAREDO FIELD OFFICE,Other Drugs**,1,1.079824159276
2025,SEP,Office of Field Operations,Southwest Border,Other,SAN DIEGO FIELD OFFICE,Marijuana,1,0.016093745126
2025,SEP,Office of Field Operations,Southwest Border,Other,TUCSON FIELD OFFICE,Ecstasy,1,0.00110231131
2025,SEP,Office of Field Operations,Southwest Border,Other,TUCSON FIELD OFFICE,Marijuana,3,0.748248917228
2025,SEP,Office of Field Operations,Southwest Border,Other,TUCSON FIELD OFFICE,Other Drugs**,1,0.417114599704
2025,SEP,U.S. Border Patrol,Coastal/Interior,Other,MIAMI SECTOR,Marijuana,1,14.7029
2025,SEP,U.S. Border Patrol,Coastal/Interior,Other,MIAMI SECTOR,Methamphetamine,1,15.091
2025,SEP,U.S. Border Patrol,Northern Border,Land Only,BUFFALO SECTOR,Cocaine,1,2.5919
2025,SEP,U.S. Border Patrol,Northern Border,Land Only,BUFFALO SECTOR,Marijuana,2,20.9659
2025,SEP,U.S. Border Patrol,Northern Border,Land Only,DETROIT SECTOR,Cocaine,1,0.5511
2025,SEP,U.S. Border Patrol,Northern Border,Land Only,DETROIT SECTOR,Marijuana,14,147.7611
2025,SEP,U.S. Border Patrol,Northern Border,Land Only,DETROIT SECTOR,Other Drugs**,2,0.3086
2025,SEP,U.S. Border Patrol,Northern Border,Land Only,GRAND FORKS SECTOR,Methamphetamine,1,0.0042
2025,SEP,U.S. Border Patrol,Northern Border,Land Only,HOULTON SECTOR,Cocaine,2,0.1461
2025,SEP,U.S. Border Patrol,Northern Border,Land Only,HOULTON SECTOR,Fentanyl,1,0.0975
2025,SEP,U.S. Border Patrol,Northern Border,Land Only,HOULTON SECTOR,Marijuana,3,0.5292
2025,SEP,U.S. Border Patrol,Northern Border,Land Only,HOULTON SECTOR,Methamphetamine,1,0.0
2025,SEP,U.S. Border Patrol,Southwest Border,Land Only,BIG BEND SECTOR,Cocaine,3,0.0407
2025,SEP,U.S. Border Patrol,Southwest Border,Land Only,BIG BEND SECTOR,Marijuana,78,463.7726
2025,SEP,U.S. Border Patrol,Southwest Border,Land Only,BIG BEND SECTOR,Methamphetamine,6,0.8125000000000001
2025,SEP,U.S. Border Patrol,Southwest Border,Land Only,BIG BEND SECTOR,Other Drugs**,7,0.231
2025,SEP,U.S. Border Patrol,Southwest Border,Land Only,DEL RIO SECTOR,Cocaine,2,66.86
2025,SEP,U.S. Border Patrol,Southwest Border,Land Only,DEL RIO SECTOR,Heroin,1,0.1279
2025,SEP,U.S. Border Patrol,Southwest Border,Land Only,DEL RIO SECTOR,Marijuana,12,0.9215
2025,SEP,U.S. Border Patrol,Southwest Border,Land Only,DEL RIO SECTOR,Methamphetamine,3,0.1004
2025,SEP,U.S. Border Patrol,Southwest Border,Land Only,DEL RIO SECTOR,Other Drugs**,1,0.0
2025,SEP,U.S. Border Patrol,Southwest Border,Land Only,EL CENTRO SECTOR,Cocaine,1,5.733
2025,SEP,U.S. Border Patrol,Southwest Border,Land Only,EL CENTRO SECTOR,Fentanyl,10,1.6435
2025,SEP,U.S. Border Patrol,Southwest Border,Land Only,EL CENTRO SECTOR,Heroin,1,0.0001
2025,SEP,U.S. Border Patrol,Southwest Border,Land Only,EL CENTRO SECTOR,Marijuana,2,0.0472999999999999
2025,SEP,U.S. Border Patrol,Southwest Border,Land Only,EL CENTRO SECTOR,Methamphetamine,8,0.0077
2025,SEP,U.S. Border Patrol,Southwest Border,Land Only,EL PASO SECTOR,Cocaine,4,61.978100000000005
2025,SEP,U.S. Border Patrol,Southwest Border,Land Only,EL PASO SECTOR,Fentanyl,1,0.1764
2025,SEP,U.S. Border Patrol,Southwest Border,Land Only,EL PASO SECTOR,Marijuana,12,45.7635
2025,SEP,U.S. Border Patrol,Southwest Border,Land Only,EL PASO SECTOR,Methamphetamine,4,0.2965
2025,SEP,U.S. Border Patrol,Southwest Border,Land Only,EL PASO SECTOR,Other Drugs**,2,0.5192
2025,SEP,U.S. Border Patrol,Southwest Border,Land Only,LAREDO SECTOR,Marijuana,9,0.1987999999999999
2025,SEP,U.S. Border Patrol,Southwest Border,Land Only,LAREDO SECTOR,Methamphetamine,1,0.0018
2025,SEP,U.S. Border Patrol,Southwest Border,Land Only,LAREDO SECTOR,Other Drugs**,1,0.0066
2025,SEP,U.S. Border Patrol,Southwest Border,Land Only,RIO GRANDE VALLEY SECTOR,Cocaine,7,506.7559
2025,SEP,U.S. Border Patrol,Southwest Border,Land Only,RIO GRANDE VALLEY SECTOR,Heroin,2,15.4475
2025,SEP,U.S. Border Patrol,Southwest Border,Land Only,RIO GRANDE VALLEY SECTOR,Marijuana,29,1027.9457
2025,SEP,U.S. Border Patrol,Southwest Border,Land Only,RIO GRANDE VALLEY SECTOR,Methamphetamine,2,113.6037
2025,SEP,U.S. Border Patrol,Southwest Border,Land Only,RIO GRANDE VALLEY SECTOR,Other Drugs**,4,1.6932
2025,SEP,U.S. Border Patrol,Southwest Border,Land Only,SAN DIEGO SECTOR,Cocaine,11,167.3825
2025,SEP,U.S. Border Patrol,Southwest Border,Land Only,SAN DIEGO SECTOR,Ecstasy,1,0.0201
2025,SEP,U.S. Border Patrol,Southwest Border,Land Only,SAN DIEGO SECTOR,Fentanyl,3,4.8271
2025,SEP,U.S. Border Patrol,Southwest Border,Land Only,SAN DIEGO SECTOR,Heroin,2,10.0997
2025,SEP,U.S. Border Patrol,Southwest Border,Land Only,SAN DIEGO SECTOR,Marijuana,11,29.0184
2025,SEP,U.S. Border Patrol,Southwest Border,Land Only,SAN DIEGO SECTOR,Methamphetamine,10,384.4088
2025,SEP,U.S. Border Patrol,Southwest Border,Land Only,SAN DIEGO SECTOR,Other Drugs**,3,102.3386
2025,SEP,U.S. Border Patrol,Southwest Border,Land Only,TUCSON SECTOR,Cocaine,2,20.0721
2025,SEP,U.S. Border Patrol,Southwest Border,Land Only,TUCSON SECTOR,Fentanyl,2,3.9903
2025,SEP,U.S. Border Patrol,Southwest Border,Land Only,TUCSON SECTOR,Marijuana,13,0.4122
2025,SEP,U.S. Border Patrol,Southwest Border,Land Only,TUCSON SECTOR,Methamphetamine,5,162.7226
2025,SEP,U.S. Border Patrol,Southwest Border,Land Only,TUCSON SECTOR,Other Drugs**,3,0.1382
2025,SEP,U.S. Border Patrol,Southwest Border,Land Only,YUMA SECTOR,Cocaine,1,0.0063
2025,SEP,U.S. Border Patrol,Southwest Border,Land Only,YUMA SECTOR,Fentanyl,1,2.9101
2025,SEP,U.S. Border Patrol,Southwest Border,Land Only,YUMA SECTOR,Marijuana,10,1.878
2025,SEP,U.S. Border Patrol,Southwest Border,Land Only,YUMA SECTOR,Methamphetamine,2,0.0229
